ATOMS
  *       x           y           z    ipot  Atom      Distance    Number
**********-  **********  **********  ******  ******  **********  ********
   0           0           0              0  O          0               0
   1.16387     1.45514     0.180387       2  Ir         1.87205       123
  -1.38393    -1.24897     0.188438       2  Ir         1.87369        90
   9.01124    -1.26599     4.16889        2  Ir        10.0092         82
  -5.45301    -2.76324     7.93462        3  O         10.0164        293
   9.06132    -3.73625     2.09184        1  Sr        10.0221         48
   7.70753    -5.29926    -3.61031        3  O         10.0261        351
  -9.23126     1.46019    -3.63146        2  Ir        10.0268        163
   1.15465     9.7735      2.05812        1  Sr        10.0544         11
  -6.65512    -1.23843    -7.43494        2  Ir        10.055         145
  -6.6641     -4.19443     6.25515        1  Sr        10.0564         51
  -6.62551    -6.65171    -3.60721        2  Ir        10.0576        130
  -1.44323    -6.64621    -7.41871        2  Ir        10.0644        149
  -9.26044    -3.95318     0.196428       2  Ir        10.0708        114
   6.4051      6.8687     -3.64744        2  Ir        10.0751        175
   1.1925     -9.35538    -3.599          2  Ir        10.0945        168
   7.90404    -5.13647     3.6874         3  O         10.122         225
  -3.96474    -6.90346     6.27229        1  Sr        10.135          19
   3.84908    -9.1444      2.10794        1  Sr        10.1429         44
   3.7599      1.25989    -9.34486        1  Sr        10.1514         64
   5.10136    -8.00346    -3.60319        3  O         10.152         405
   7.70789     5.51667    -3.64265        3  O         10.1545        353
   2.59466    -5.24122     8.33259        3  O         10.1801        364
  -2.6174     -5.24139     8.33253        3  O         10.186         358
  -7.92865    -5.29979    -3.6105         3  O         10.1974        338
  -4.04856    -9.36097     0.212657       2  Ir        10.2012        117
   1.21186     6.87534    -7.46683        2  Ir        10.2222        188
   1.24738     3.95864    -9.34395        1  Sr        10.2243         29
  -9.23105     1.43713     4.16054        2  Ir        10.2268        101
  -3.96486    -1.4495     -9.32784        1  Sr        10.2386         20
   6.40531     6.84563     4.14456        2  Ir        10.2503        113
  -5.32276    -8.00381    -3.60331        3  O         10.2653        397
  -7.73178     5.67892     3.65488        3  O         10.2659        214
  -6.62512    -6.6745      4.18486        2  Ir        10.2934         69
   3.82849     9.56714     0.156168       2  Ir        10.3059         96
  -1.45234    -4.14826    -9.32875        1  Sr        10.3123         56
  -7.92829     5.51614    -3.64283        3  O         10.3226        340
   2.59503     5.57472     8.30026        3  O         10.3299        368
  -2.61704     5.57454     8.3002         3  O         10.3353        362
   5.1019      8.22044    -3.65169        3  O         10.3412        408
   1.19271    -9.37844     4.193          2  Ir        10.3421        106
  -1.41291     9.57237    -3.65564        2  Ir        10.3436        136
   7.9044      5.67946     3.65507        3  O         10.3969        227
 -10.4241     -0.000358   -0.000126       3  O         10.4241        323
  10.4241      0.000358    0.000126       3  O         10.4241        336
  -5.32222     8.22008    -3.65182        3  O         10.4514        400
  -9.26965     4.36518     2.07416        1  Sr        10.4539          3
   6.42404     1.42157     8.13336        2  Ir        10.4614        193
   4.91068     8.01593     4.63546        3  O         10.4813        274
  -1.41252     9.54958     4.13643        2  Ir        10.5024         76
  10.2024      2.70309    -0.019105       3  O         10.5544        442
  10.2022     -2.70487    -0.002939       3  O         10.5547        441
   9.01104     4.16476    -3.63935        2  Ir        10.573         143
   6.42356    -3.94041    -7.43444        2  Ir        10.5858        190
  -6.65481    -1.28442     8.14903        2  Ir        10.5992        146
   3.76883    -6.64603    -7.41865        2  Ir        10.6494        155
   4.91014    -8.20796     4.68396        3  O         10.6499        271
  -1.44293    -6.6922      8.16526        2  Ir        10.6555        150
   7.8066      0.212918   -7.26748        3  O         10.6679        370
  -9.23144    -3.94777    -3.6153         2  Ir        10.6712        162
   1.21216     6.82935     8.11713        2  Ir        10.677         189
  -7.82958     0.212382   -7.26767        3  O         10.6849        355
  -5.19915    -5.42439    -7.65385        3  O         10.7255        194
  -5.19879     5.39154    -7.68619        3  O         10.7319        198
   5.22497    -5.42403    -7.65372        3  O         10.7378        206
   5.22533     5.3919     -7.68606        3  O         10.7449        210
   9.01142     4.14197     4.15272        2  Ir        10.7521         83
  -5.51344     8.01558     4.63533        3  O         10.7765        264
  -4.05741     9.77332     2.05805        1  Sr        10.7804          7
   7.59548    -2.48996    -7.23808        3  O         10.7834        391
  -4.01956    -9.35556    -3.59907        2  Ir        10.7998        164
  -0.00036   -10.8159      0.032333       3  O         10.816         328
   0.00036    10.8159     -0.032333       3  O         10.816         331
  -6.65493     4.16954    -7.45111        2  Ir        10.8255        147
  -5.19849     5.34555     7.89778        3  O         10.8616        199
   5.22563     5.34591     7.89791        3  O         10.8749        211
   3.75972    -4.14808    -9.32869        1  Sr        10.8796         62
  -9.23123    -3.97084     4.1767         2  Ir        10.8825        100
  -3.96468     3.95846    -9.34401        1  Sr        10.8949         22
   7.59566     2.918      -7.25424        3  O         10.901         393
  -2.58783   -10.5822      0.450643       3  O         10.9034        231
  -4.0002      6.87516    -7.4669         2  Ir        10.9098        181
   2.62423   -10.5821      0.450706       3  O         10.9119        236
   0.085101   -0.05389   -10.9225         3  O         10.9229        314
   3.79916     9.57254    -3.65558        2  Ir        10.9284        140
  10.3138      0.108791   -3.62725        3  O         10.9336        456
   7.57936    -7.87861     0.435204       3  O         10.9411        256
  -5.51398    -8.20832     4.68383        3  O         10.9416        261
  -5.19885    -5.47038     7.93011        3  O         10.9471        195
   5.22527    -5.47002     7.93024        3  O         10.9596        207
   2.38324    -7.89811    -7.22197        3  O         10.9643        383
 -10.6459      2.70238    -0.019358       3  O         10.9835        428
 -10.6461     -2.70559    -0.003192       3  O         10.9845        427
   8.97227     1.21408     6.23917        1  Sr        10.9956         68
  -4.01935    -9.37862     4.19293        2  Ir        11.0315        102
  -2.82883    -7.89829    -7.22204        3  O         11.0699        376
   3.79954     9.54976     4.13649        2  Ir        11.079          80
  -8.04071    -2.4905     -7.23827        3  O         11.1017        372
   6.42386    -3.9864      8.14953        2  Ir        11.1163        191
 -10.5344      0.108076   -3.62751        3  O         11.142         443
  -0.241435   -8.12503    -7.63312        3  O         11.1507        296
  -0.240894    8.09886    -7.68161        3  O         11.165         302
  -9.17662    -1.49567     6.25606        1  Sr        11.2065         17
   3.76913    -6.69202     8.16532        2  Ir        11.2099        156
  -8.04053     2.91746    -7.25443        3  O         11.2155        374
   9.04001    -6.65658     0.204731       2  Ir        11.2283         97
  10.3136     -2.59531    -3.61929        3  O         11.2341        409
  -0.301868    2.65378   -10.9324         3  O         11.2539        268
  -0.302048   -2.75419   -10.9162         3  O         11.2624        266
  -6.66373     6.6215      6.22282        1  Sr        11.2682         54
   1.24786     9.32062     6.22385        1  Sr        11.2769         31
  -8.05683    -7.87915     0.435015       3  O         11.2775        244
   7.5799      8.34529     0.386705       3  O         11.2804        259
  -0.24059     8.05287     7.90235        3  O         11.2851        303
  -6.65463     4.12355     8.13286        2  Ir        11.2885        148
  10.3138      2.81265    -3.63546        3  O         11.2917        410
  -0.110649  -10.7075     -3.59505        3  O         11.2954        447
   2.38378     8.32579    -7.27047        3  O         11.3076        389
   6.37557    -9.36061     0.212784       2  Ir        11.3276        125
  -3.9999      6.82918     8.11707        2  Ir        11.3368        182
 -10.3387     -0.100237    4.66138        3  O         11.3414        308
   6.45938    -6.9031      6.27241        1  Sr        11.3455         32
  -2.58711    11.0496      0.385977       3  O         11.355         235
   2.62495    11.0498      0.38604        3  O         11.3639        240
  -0.24113    -8.17102     7.95085        3  O         11.4035        297
   7.80691     0.166928    8.31649        3  O         11.4079        371
  -2.82828     8.32561    -7.27054        3  O         11.4095        382
  -7.82928     0.166392    8.3163         3  O         11.4231        356
 -10.5346     -2.59603    -3.61955        3  O         11.4376        395
   6.45926    -1.44914    -9.32772        1  Sr        11.438          33
  10.1226      2.60815     4.65169        3  O         11.4415        276
  -2.52026   -10.5448      3.70344        3  O         11.4569        215
  -6.57504    -9.14475     2.10781        1  Sr        11.4586         36
   7.51597    -7.8438      3.69782        3  O         11.4756        288
  -9.27001    -6.45075     2.10649        1  Sr        11.4884          1
  10.1224     -2.79982     4.66786        3  O         11.4931        275
 -10.5345      2.81194    -3.63571        3  O         11.4935        396
   2.6918    -10.5446      3.70351        3  O         11.4957        220
  10.5095     -0.099522    4.66163        3  O         11.4974        321
  -0.109928   10.9244     -3.65971        3  O         11.5216        452
  -9.26008     6.86275     0.164095       2  Ir        11.5271        116
  -6.66422     1.25953    -9.34498        1  Sr        11.5467         52
  -1.45222    -9.60221     6.27138        1  Sr        11.5603         55
   7.59578    -2.53595     8.34589        3  O         11.5664        392
   2.49529   -10.7074     -3.59421        3  O         11.5669        346
  -1.41318    -1.22036   -11.4152         2  Ir        11.5669         73
   1.19277     1.48348   -11.4233         2  Ir        11.5808        108
  -1.45198     6.66767    -9.36108        1  Sr        11.5843         60
  -8.05629     8.34475     0.386515       3  O         11.6055        247
  -2.71677   -10.7076     -3.59427        3  O         11.6169        341
  -6.59563     9.56678     0.156042       2  Ir        11.6211         88
   1.24702    -6.85729    -9.31161        1  Sr        11.6311         25
   7.59596     2.87201     8.32972        3  O         11.6332        394
   0.085766   10.7161      4.62917        3  O         11.6735        317
   7.7073     -8.0032     -3.60226        3  O         11.6803        423
  11.588       1.4555      0.180514       2  Ir        11.6804        129
   9.06168     7.07968     2.0595         1  Sr        11.6824         50
   8.97209    -4.19389     6.25534        1  Sr        11.7139         67
   8.98107    -1.23789    -7.43475        2  Ir        11.7247        161
 -10.4239      5.40761    -0.016293       3  O         11.7431        324
  10.4239     -5.40761     0.016293       3  O         11.7431        335
 -10.4243     -5.40832     0.01604        3  O         11.7438        322
  10.4243      5.40832    -0.01604        3  O         11.7438        337
   9.01068    -6.65117    -3.60702        2  Ir        11.7661        141
  -9.17644     3.9123      6.23989        1  Sr        11.7665         18
   2.38354    -7.9441      8.36199        3  O         11.7776        384
   2.49601    10.9245     -3.65888        3  O         11.7882        350
  11.5784     -1.04207     2.09058        1  Sr        11.8117         16
  -7.92888    -8.00374    -3.60245        3  O         11.8281        411
   7.51651     8.3801      3.64932        3  O         11.8339        291
  -2.71605    10.9243     -3.65894        3  O         11.8366        345
   6.36671     9.77368     2.05818        1  Sr        11.8447         15
   7.70784     8.22069    -3.65076        3  O         11.8456        426
   7.80642    -5.19505    -7.25131        3  O         11.8537        369
  -8.0404     -2.53649     8.3457         3  O         11.8631        373
  -7.82976    -5.19558    -7.2515         3  O         11.8694        354
 -11.8081     -1.24933     0.188312       2  Ir        11.8755         84
  -2.82852    -7.94428     8.36193        3  O         11.8758        377
  -8.12021    -7.84434     3.69763        3  O         11.8804        277
   0.085045  -10.9158      4.69384        3  O         11.8825        312
  -3.9642      9.32044     6.22379        1  Sr        11.8879         24
   6.40456    -9.3552     -3.59894        2  Ir        11.895         172
  -8.04022     2.87147     8.32953        3  O         11.9278        375
  -2.51954    11.0871      3.63878        3  O         11.9378        219
  -9.21244     1.46702    -7.45079        2  Ir        11.9388        176
  -0.109984    0.062444   11.9566         3  O         11.9573        450
   9.01106    -6.67396     4.18505        2  Ir        11.9689         81
   2.38408     8.2798      8.31349        3  O         11.973         390
   2.69252    11.0872      3.63884        3  O         11.9757        224
 -10.7257      2.60743     4.65144        3  O         11.9781        260
  -6.65529    -6.64639    -7.41877        2  Ir        11.9794        144
  -7.92834     8.22016    -3.65095        3  O         11.99          414
   1.21132    -9.34855    -7.41833        2  Ir        11.9956        183
   1.15429    -1.04243     2.09045        1  Sr         2.60558         9
  -2.58747     0.233695    0.41831        3  O          2.63146       233
   2.62459     0.233874    0.418373       3  O          2.668         238
  -0.221752    2.70274    -0.019232       3  O          2.71189       435
  -0.221932   -2.70523    -0.003065       3  O          2.71432       434
  -1.36262     1.67135     2.07554        1  Sr         2.993          42
   2.36748    -2.47082     0.418974       3  O          3.44753       253
  -0.110288    0.108433   -3.62738        3  O          3.63068       449
  -2.84458    -2.471       0.418911       3  O          3.79117       249
   2.36766     2.93714     0.402808       3  O          3.79406       254
   3.82813    -1.2488      0.188501       2  Ir         4.03108        94
  -1.41327    -1.24356    -3.62331        2  Ir         4.08315       134
   1.19286     1.46055    -3.63134        2  Ir         4.09179       170
  -2.84441     2.93696     0.402745       3  O          4.10836       250
   1.16369    -3.95282     0.196554       2  Ir         4.12524       122
  -4.04819     1.45496     0.180324       2  Ir         4.3055        119
  -1.38375     4.15899     0.172272       2  Ir         4.38653        91
   2.49565     0.108527   -3.62654        3  O          4.40362       348
  -0.110521   -2.59567    -3.61942        3  O          4.45532       402
  -2.5199      0.271133    3.67111        3  O          4.461         217
  -1.3628     -3.73661     2.09171        1  Sr         4.49385        41
  -2.71641     0.108348   -3.62661        3  O          4.53243       343
   2.69216     0.271312    3.67117        3  O          4.56058       222
   1.19307     1.43749     4.16066        2  Ir         4.5608        109
  -1.41288    -1.26635     4.16876        2  Ir         4.58022        74
  -0.110341    2.81229    -3.63558        3  O          4.59768       403
   0.085405   -0.099879    4.66151        3  O          4.66336       315
   3.84944     1.67153     2.0756         1  Sr         4.68192        46
  -4.05777    -1.04261     2.09039        1  Sr         4.68212         5
   1.15447     4.36554     2.07428        1  Sr         4.96924        10
   2.30409    -2.43601     3.68159        3  O          4.97967       285
   2.49542    -2.59542    -3.61849        3  O          5.10458       420
  -5.21206    -0.000179   -6.3e-05        3  O          5.21206       326
   5.21206     0.000179    6.3e-05        3  O          5.21206       333
  -2.71664    -2.59559    -3.61855        3  O          5.21643       416
   2.4956      2.81255    -3.63465        3  O          5.22964       421
   2.30427     2.97195     3.66543        3  O          5.25143       286
  -2.90797    -2.43619     3.68153        3  O          5.2863        281
  -2.71646     2.81237    -3.63472        3  O          5.33852       417
  -0.301563    2.60779     4.65156        3  O          5.34121       269
   3.7988     -1.24338    -3.62325        2  Ir         5.39488       138
  -0.00018    -5.40796     0.016166       3  O          5.40799       329
   0.00018     5.40796    -0.016166       3  O          5.40799       330
  -0.301743   -2.80018     4.66773        3  O          5.45158       267
   1.19268    -3.94741    -3.61517        2  Ir         5.48398       169
  -2.90779     2.97177     3.66536        3  O          5.5427        282
  -4.0192      1.46037    -3.6314         2  Ir         5.61014       166
   3.82831     4.15917     0.172335       2  Ir         5.65547        95
  -4.04838    -3.953       0.196491       2  Ir         5.66164       118
   4.99031     2.70291    -0.019169       3  O          5.67532       439
   4.99013    -2.70505    -0.003002       3  O          5.67615       438
  -1.41308     4.1644     -3.63948        2  Ir         5.70831       135
   3.84926    -3.73643     2.09177        1  Sr         5.75788        45
   3.79918    -1.26617     4.16882        2  Ir         5.78066        78
  -2.58765    -5.17427     0.434477       3  O          5.80153       232
   2.62441    -5.17409     0.43454        3  O          5.81787       237
   1.19289    -3.97048     4.17683        2  Ir         5.88503       107
  -4.01899     1.43731     4.1606         2  Ir         5.9606        104
  -1.4127      4.14161     4.15259        2  Ir         6.03264        75
  -5.43381     2.70256    -0.019295       3  O          6.06881       431
  -5.43399    -2.70541    -0.003128       3  O          6.07022       430
  -2.58729     5.64166     0.402144       3  O          6.21966       234
   2.62477     5.64184     0.402207       3  O          6.23551       239
   5.10177     0.108612   -3.62732        3  O          6.26077       454
  -4.05759     4.36536     2.07422        1  Sr         6.31053         6
  -0.110469   -5.29953    -3.61121        3  O          6.4139        448
  -5.32235     0.108254   -3.62744        3  O          6.44185       445
  -1.45185     1.21372     6.23905        1  Sr         6.51972        59
   6.37593     1.45532     0.180451       2  Ir         6.5424        127
   1.2475     -1.49531     6.25619        1  Sr         6.55226        28
  -0.110108    5.5164     -3.64355        3  O          6.61197       451
  -4.01938    -3.94759    -3.61523        2  Ir         6.69394       165
   3.79897     4.16458    -3.63941        2  Ir         6.70979       139
  -6.59599    -1.24915     0.188375       2  Ir         6.71588        86
   5.10154    -2.59549    -3.61936        3  O          6.77215       406
   6.36635    -1.04225     2.09051        1  Sr         6.78137        13
  -1.38411    -6.65694     0.204605       2  Ir         6.80239        89
  -2.52008    -5.13683     3.68728        3  O          6.8069        216
   5.10172     2.81247    -3.63552        3  O          6.86692       407
   2.69198    -5.13665     3.68734        3  O          6.87229       221
   2.49547    -5.29944    -3.61038        3  O          6.88086       347
   1.15411    -6.45039     2.10662        1  Sr         6.88312         8
  -5.12666    -0.100058    4.66144        3  O          6.92976       310
  -5.32258    -2.59585    -3.61948        3  O          6.94039       398
   1.16405     6.86311     0.164221       2  Ir         6.96306       124
  -2.71659    -5.29962    -3.61044        3  O          6.96427       342
   3.79936     4.14179     4.15266        2  Ir         6.98814        79
  -4.01917    -3.97066     4.17677        2  Ir         7.02604       103
  -5.3224      2.81211    -3.63565        3  O          7.03235       399
   0.085585    5.30809     4.64534        3  O          7.05424       316
   5.29747    -0.099701    4.66157        3  O          7.05715       319
   2.49583     5.51649    -3.64271        3  O          7.06613       349
  -6.57468     1.67118     2.07548        1  Sr         7.09414        38
  -2.71623     5.51631    -3.64277        3  O          7.14685       344
  -2.51972     5.6791      3.65495        3  O          7.20831       218
   0.085225   -5.50784     4.67767        3  O          7.22663       313
   4.9105      2.60797     4.65163        3  O          7.24928       273
   2.69234     5.67928     3.65501        3  O          7.27062       223
   4.91032    -2.8         4.66779        3  O          7.33072       272
   3.76021     1.2139      6.23911        1  Sr         7.38507        65
   1.24768     3.91265     6.24002        1  Sr         7.47017        30
  -1.36244     7.07932     2.05938        1  Sr         7.4976         43
   6.37575    -3.95264     0.196617       2  Ir         7.50415       126
   6.40492     1.46073    -3.63127        2  Ir         7.50619       174
  -5.21188     5.40779    -0.01623        3  O          7.51053       327
   5.21188    -5.40779     0.01623        3  O          7.51053       332
  -5.21224    -5.40814     0.016103       3  O          7.51104       325
   5.21224     5.40814    -0.016103       3  O          7.51104       334
  -3.96456    -1.49549     6.25612        1  Sr         7.55601        21
  -6.62533    -1.24374    -3.62337        2  Ir         7.65315       131
  -1.45203    -4.19425     6.25521        1  Sr         7.66993        57
   0.013087   -0.016243   -7.66995        3  O          7.66998       202
  -5.51362     2.60761     4.6515         3  O          7.67047       263
  -1.44305    -1.23825    -7.43488        2  Ir         7.67418       151
   3.82795    -6.65676     0.204668       2  Ir         7.68163        93
   1.21168     1.46738    -7.45067        2  Ir         7.68985       186
  -1.41345    -6.65153    -3.60714        2  Ir         7.69754       133
   2.59454     0.212739   -7.26754        3  O          7.71972       365
  -2.61752     0.21256    -7.2676         3  O          7.72753       359
  -5.5138     -2.80036     4.66767        3  O          7.74798       262
   6.40513     1.43767     4.16073        2  Ir         7.77202       112
  -6.59581     4.15881     0.172208       2  Ir         7.79937        87
  -7.79953     0.233517    0.418247       3  O          7.81422       229
  -6.57486    -3.73679     2.09165        1  Sr         7.84649        37
   7.83666     0.234053    0.418437       3  O          7.85131       242
   1.19304     6.86852    -3.6475         2  Ir         7.86792       171
  -4.05795    -6.45057     2.10655        1  Sr         7.9066          4
   0.013392   -0.062232    7.91401        3  O          7.91427       203
  -6.62494    -1.26653     4.1687         2  Ir         7.92918        70
  -4.04802     6.86293     0.164158       2  Ir         7.96951       120
   7.57954    -2.47064     0.419038       3  O          7.98305       257
   6.36653     4.36572     2.07435        1  Sr         7.99344        14
  -1.41306    -6.67432     4.18493        2  Ir         8.00355        72
   2.38342    -2.49014    -7.23814        3  O          8.01699       385
   1.19325     6.84545     4.1445         2  Ir         8.09079       110
  -0.221572    8.1107     -0.035398       3  O          8.1138        436
  -0.222112   -8.11319     0.013101       3  O          8.11625       433
  -0.241255   -2.71707    -7.64928        3  O          8.12109       298
  -0.241075    2.6909     -7.66545        3  O          8.12762       300
   7.57972     2.93732     0.402871       3  O          8.13894       258
  -2.82864    -2.49032    -7.2382         3  O          8.16055       378
   2.3836      2.91782    -7.25431        3  O          8.17436       387
   5.10159    -5.29935    -3.61115        3  O          8.1945        453
   2.3673     -7.87879     0.435141       3  O          8.23825       252
  -2.82846     2.91764    -7.25437        3  O          8.31497       380
   3.84962     7.0795      2.05944        1  Sr         8.31746        47
  -5.32253    -5.29971    -3.61128        3  O          8.33412       444
   1.21198     1.42139     8.1333         2  Ir         8.34505       187
   6.40474    -3.94723    -3.61511        2  Ir         8.34688       173
   5.10195     5.51658    -3.64348        3  O          8.3509        455
  -0.24077     2.64491     7.91852        3  O          8.35203       301
  -3.96438     3.91248     6.23996        1  Sr         8.36426        23
  -1.44275    -1.28424     8.14909        2  Ir         8.37487       152
  -2.84477    -7.87897     0.435078       3  O          8.38809       248
  -0.24095    -2.76306     7.93468        3  O          8.40546       299
   3.76003    -4.19407     6.25528        1  Sr         8.41763        63
   3.76901    -1.23807    -7.43481        2  Ir         8.42702       157
  -8.05665    -2.47118     0.418848       3  O          8.43752       245
   3.79861    -6.65135    -3.60708        2  Ir         8.46646       137
  -5.32217     5.51622    -3.64361        3  O          8.48705       446
   1.2115     -3.94059    -7.4345         2  Ir         8.50104       184
   7.70771     0.108706   -3.62648        3  O          8.51892       352
  -7.73196     0.270954    3.67105        3  O          8.56349       213
  -4.00038     1.4672     -7.45073        2  Ir         8.58307       179
  -8.05647     2.93678     0.402682       3  O          8.58449       246
   6.40495    -3.9703      4.17689        2  Ir         8.61586       111
  -6.62515     4.16422    -3.63954        2  Ir         8.63015       132
  -1.44287     4.16972    -7.45104        2  Ir         8.65947       153
   2.36784     8.34511     0.386642       3  O          8.68314       255
   2.59484     0.16675     8.31643        3  O          8.71344       366
   7.51615    -2.43583     3.68166        3  O          8.71668       289
  -7.92847     0.10817    -3.62667        3  O          8.71924       339
   7.90422     0.271491    3.67124        3  O          8.71942       226
  -5.12648     5.30791     4.64527        3  O          8.7197        311
  -2.61722     0.166571    8.31636        3  O          8.72006       360
   3.799      -6.67414     4.18499        2  Ir         8.7459         77
  -4.01902     6.86834    -3.64757        2  Ir         8.75393       167
  -0.110702   -8.00364    -3.60325        3  O          8.77803       401
   5.29765     5.30826     4.6454         3  O          8.8217        320
  -2.84422     8.34493     0.386578       3  O          8.82479       251
  -6.62476     4.14143     4.15253        2  Ir         8.84774        71
  -5.12684    -5.50802     4.67761        3  O          8.86018       309
   7.51633     2.97213     3.66549        3  O          8.87495       290
   7.70748    -2.59524    -3.61842        3  O          8.90132       424
  -4.01881     6.84527     4.14443        2  Ir         8.9546        105
   5.29729    -5.50767     4.67773        3  O          8.95973       318
   2.30391    -7.84398     3.69776        3  O          8.9727        284
   7.70766     2.81273    -3.63459        3  O          8.97384       425
  -0.110161    8.22026    -3.65175        3  O          8.99556       404
   2.38372    -2.53613     8.34583        3  O          9.04251       386
   3.76931    -1.28406     8.14915        2  Ir         9.07002       158
  -7.9287     -2.59577    -3.61861        3  O          9.09377       412
   6.45956    -1.49513     6.25625        1  Sr         9.11603        34
   2.49524    -8.00338    -3.60232        3  O          9.12453       419
   2.3839      2.87183     8.32966        3  O          9.12763       388
   9.04019    -1.24862     0.188564       2  Ir         9.12796        98
  -2.90815    -7.84416     3.6977         3  O          9.14664       280
   1.2118     -3.98658     8.14947        2  Ir         9.15287       185
  -7.92852     2.81219    -3.63478        3  O          9.16414       413
  -2.82834    -2.53631     8.34576        3  O          9.16974       379
  -4.00008     1.42121     8.13324        2  Ir         9.17442       180
  -2.71682    -8.00356    -3.60238        3  O          9.18778       415
  -1.45167     6.62168     6.22288        1  Sr         9.20208        61
  -6.66392     1.21354     6.23898        1  Sr         9.20898        53
  -1.44257     4.12373     8.13292        2  Ir         9.23204       154
  -8.12003    -2.43637     3.68147        3  O          9.24251       278
  -2.82816     2.87165     8.3296         3  O          9.25349       381
  -0.301383    8.01575     4.6354         3  O          9.26445       270
  -5.19897    -0.016421   -7.67002        3  O          9.266         196
   5.22515    -0.016064   -7.66989        3  O          9.28061       208
   2.59436    -5.19523    -7.25137        3  O          9.28997       363
  -2.6177     -5.19541    -7.25144        3  O          9.29666       357
   6.36617    -6.45021     2.10668        1  Sr         9.30438        12
  -4.00056    -3.94076    -7.43456        2  Ir         9.31702       177
   3.76919     4.1699     -7.45098        2  Ir         9.33338       159
   2.49578     8.22052    -3.65082        3  O          9.33457       422
   6.37611     6.86329     0.164284       2  Ir         9.36944       128
  -7.79971    -5.17445     0.434414       3  O          9.37012       228
  -6.59617    -6.65712     0.204541       2  Ir         9.37382        85
  -9.26026     1.45478     0.180261       2  Ir         9.37556       115
   0.012907   -5.42421    -7.65379        3  O          9.38097       200
   0.013268    5.39172    -7.68612        3  O          9.38868       204
  -8.11985     2.97159     3.6653         3  O          9.39131       279
  -2.71628     8.22034    -3.65088        3  O          9.3958        418
   7.83648    -5.17391     0.434603       3  O          9.40046       241
   1.24732    -6.90328     6.27235        1  Sr         9.41028        26
   2.30445     8.37992     3.64926        3  O          9.42606       287
   1.16351    -9.36079     0.21272        2  Ir         9.43522       121
   9.0615      1.67171     2.07567        1  Sr         9.44531        49
  -0.301924   -8.20814     4.6839         3  O          9.45535       265
  -5.19867    -0.062411    7.91395        3  O          9.46893       197
  -1.36298    -9.14457     2.10787        1  Sr         9.48283        40
   5.22545    -0.062053    7.91407        3  O          9.48376       209
   4.97081    -2.71689    -7.64922        3  O          9.51845       304
   1.2472     -1.44932    -9.32778        1  Sr         9.52174        27
   4.99049     8.11088    -0.035335       3  O          9.52327       440
   4.97099     2.69108    -7.66538        3  O          9.52422       306
   4.98995    -8.11302     0.013164       3  O          9.52475       437
   0.013572    5.34573     7.89785        3  O          9.53693       205
  -1.45216     1.25971    -9.34492        1  Sr         9.5406         58
   2.59472     5.6207     -7.28371        3  O          9.55915       367
  -9.26983    -1.04279     2.09032        1  Sr         9.55964         2
  -2.61734     5.62052    -7.28377        3  O          9.56525       361
  -2.90761     8.37974     3.6492         3  O          9.59118       283
   0.013212   -5.4702      7.93018        3  O          9.63384       201
  -7.79935     5.64148     0.402081       3  O          9.6342        230
   7.83683     5.64202     0.40227        3  O          9.66489       243
  -1.38357     9.56696     0.156105       2  Ir         9.66775        92
   4.97129     2.64509     7.91858        3  O          9.71669       307
   4.97111    -2.76288     7.93475        3  O          9.76246       305
  -5.43363     8.11052    -0.035461       3  O          9.76249       432
  -5.43417    -8.11337     0.013038       3  O          9.7651        429
  -5.45332    -2.71725    -7.64935        3  O          9.77929       292
  -5.45313     2.69072    -7.66551        3  O          9.78451       294
   9.01086    -1.24321    -3.62318        2  Ir         9.79125       142
   6.45974     3.91283     6.24008        1  Sr         9.79679        35
   3.76039     6.62186     6.22295        1  Sr         9.83436        66
   3.76949     4.12391     8.13299        2  Ir         9.86717       160
  -6.5745      7.07914     2.05931        1  Sr         9.87821        39
  -4.00026    -3.98676     8.1494         2  Ir         9.91509       178
   6.42374     1.46756    -7.4506         2  Ir         9.94634       192
   9.04037     4.15935     0.172398       2  Ir         9.9528         99
  -5.45283     2.64473     7.91845        3  O          9.97145       295
  -7.73215    -5.13701     3.68721        3  O          9.98852       212
END
