   -30.0000  1.378211E-04  4.102491E-04  9.024173E-04  5.938793E-04
   -29.5500  1.438489E-04  4.071704E-04  9.437190E-04  5.862402E-04
   -29.1000  1.504247E-04  4.047856E-04  9.881439E-04  5.791196E-04
   -28.6500  1.576194E-04  4.031012E-04  1.036024E-03  5.725006E-04
   -28.2000  1.655170E-04  4.021294E-04  1.087736E-03  5.663679E-04
   -27.7500  1.742170E-04  4.018895E-04  1.143712E-03  5.607074E-04
   -27.3000  1.838383E-04  4.024082E-04  1.204447E-03  5.555073E-04
   -26.8500  1.945242E-04  4.037206E-04  1.270511E-03  5.507570E-04
   -26.4000  2.064490E-04  4.058718E-04  1.342566E-03  5.464476E-04
   -25.9500  2.198255E-04  4.089186E-04  1.421377E-03  5.425715E-04
   -25.5000  2.349208E-04  4.129321E-04  1.507842E-03  5.391231E-04
   -25.0500  2.520662E-04  4.180008E-04  1.603015E-03  5.360979E-04
   -24.6000  2.716882E-04  4.242350E-04  1.708141E-03  5.334933E-04
   -24.1500  2.943334E-04  4.317725E-04  1.824704E-03  5.313084E-04
   -23.7000  3.207221E-04  4.407872E-04  1.954477E-03  5.295439E-04
   -23.2500  3.518215E-04  4.515003E-04  2.099605E-03  5.282026E-04
   -22.8000  3.889623E-04  4.641971E-04  2.262696E-03  5.272893E-04
   -22.3500  4.340176E-04  4.792521E-04  2.446955E-03  5.268115E-04
   -21.9000  4.897292E-04  4.971689E-04  2.656363E-03  5.267792E-04
   -21.4500  5.602643E-04  5.186413E-04  2.895919E-03  5.272055E-04
   -21.0000  6.522920E-04  5.446624E-04  3.171992E-03  5.281077E-04
   -20.5500  7.772152E-04  5.767195E-04  3.492827E-03  5.295079E-04
   -20.1000  9.563483E-04  6.171863E-04  3.869310E-03  5.314339E-04
   -19.6500  1.234983E-03  6.702064E-04  4.316190E-03  5.339254E-04
   -19.2000  1.730828E-03  7.441048E-04  4.854191E-03  5.370448E-04
   -18.7500  2.890707E-03  8.604748E-04  5.514292E-03  5.404288E-04
   -18.3000  9.998753E-03  1.133356E-03  6.351091E-03  1.379170E-03
   -17.8500  4.189829E-02  2.661347E-03  7.569865E-03  5.554595E-04
   -17.4000  5.685356E-02  5.488014E-03  9.717805E-03  5.592932E-04
   -16.9500  6.497624E-02  8.958612E-03  1.347117E-02  5.724381E-04
   -16.5000  6.971672E-02  1.279797E-02  1.975169E-02  5.937585E-04
   -16.0500  7.246972E-02  1.685157E-02  2.996317E-02  6.269028E-04
   -15.6000  7.395496E-02  2.102098E-02  4.637604E-02  6.758469E-04
   -15.1500  7.459208E-02  2.523920E-02  7.284919E-02  7.447927E-04
   -14.7000  7.464478E-02  2.945874E-02  1.162750E-01  8.381018E-04
   -14.2500  7.428697E-02  3.364504E-02  1.896334E-01  9.602450E-04
   -13.8000  7.363755E-02  3.777247E-02  3.187177E-01  1.115764E-03
   -13.3500  7.278020E-02  4.182169E-02  5.568879E-01  1.309243E-03
   -12.9000  7.177494E-02  4.577811E-02  1.011028E+00  1.545283E-03
   -12.4500  7.066559E-02  4.963066E-02  1.824047E+00  1.828484E-03
   -12.0000  6.948456E-02  5.337093E-02  2.773033E+00  2.163434E-03
   -11.5500  6.825606E-02  5.699257E-02  2.852820E+00  2.554698E-03
   -11.1000  6.699833E-02  6.049096E-02  2.144823E+00  3.006803E-03
   -10.6500  6.572521E-02  6.386271E-02  1.488427E+00  3.524240E-03
   -10.2000  6.444728E-02  6.710553E-02  1.061483E+00  4.111456E-03
    -9.7500  6.317246E-02  7.021799E-02  7.943861E-01  4.772848E-03
    -9.3000  6.190691E-02  7.319939E-02  6.215174E-01  5.512765E-03
    -8.8500  6.065528E-02  7.604961E-02  5.043492E-01  6.335508E-03
    -8.4000  5.942108E-02  7.876906E-02  4.214295E-01  7.245312E-03
    -7.9500  5.820688E-02  8.135854E-02  3.605238E-01  8.246369E-03
    -7.5000  5.701475E-02  8.381926E-02  3.143713E-01  9.342813E-03
    -7.0500  5.584602E-02  8.615270E-02  2.784743E-01  1.053872E-02
    -6.6000  5.470166E-02  8.836062E-02  2.499375E-01  1.183810E-02
    -6.1500  5.358232E-02  9.044502E-02  2.268312E-01  1.324493E-02
    -5.7000  5.248836E-02  9.240807E-02  2.078293E-01  1.476309E-02
    -5.2500  5.141995E-02  9.425214E-02  1.919957E-01  1.639641E-02
    -4.8000  5.037707E-02  9.597971E-02  1.786536E-01  1.814867E-02
    -4.3500  4.935960E-02  9.759339E-02  1.673032E-01  2.002355E-02
    -3.9000  4.836731E-02  9.909592E-02  1.575687E-01  2.202467E-02
    -3.4500  4.739977E-02  1.004901E-01  1.491624E-01  2.415556E-02
    -3.0000  4.645694E-02  1.017787E-01  1.418608E-01  2.641972E-02
    -2.5500  4.553808E-02  1.029649E-01  1.354880E-01  2.882039E-02
    -2.1000  4.464284E-02  1.040514E-01  1.299036E-01  3.136086E-02
    -1.6500  4.377076E-02  1.050414E-01  1.249945E-01  3.404424E-02
    -1.2000  4.292134E-02  1.059379E-01  1.206683E-01  3.687353E-02
    -0.7500  4.209408E-02  1.067438E-01  1.168491E-01  3.985157E-02
    -0.3000  4.128846E-02  1.074622E-01  1.134740E-01  4.298105E-02
     0.1500  4.050400E-02  1.080961E-01  1.104901E-01  4.626447E-02
     0.6000  3.974017E-02  1.086486E-01  1.078528E-01  4.970415E-02
     1.0500  3.899648E-02  1.091226E-01  1.055244E-01  5.330219E-02
     1.5000  3.827243E-02  1.095211E-01  1.034725E-01  5.706044E-02
     1.9500  3.756752E-02  1.098470E-01  1.016688E-01  6.098049E-02
     2.4000  3.688129E-02  1.101033E-01  1.000893E-01  6.506367E-02
     2.8500  3.621326E-02  1.102928E-01  9.871292E-02  6.931095E-02
     3.3000  3.556297E-02  1.104183E-01  9.752118E-02  7.372299E-02
     3.7500  3.492997E-02  1.104825E-01  9.649768E-02  7.830005E-02
     4.2000  3.431382E-02  1.104882E-01  9.562796E-02  8.304198E-02
     4.6500  3.371408E-02  1.104381E-01  9.489917E-02  8.794820E-02
     5.1000  3.313037E-02  1.103346E-01  9.429978E-02  9.301762E-02
     5.5500  3.256226E-02  1.101804E-01  9.381945E-02  9.824864E-02
     6.0000  3.200936E-02  1.099781E-01  9.344883E-02  1.036391E-01
     6.4500  3.147129E-02  1.097298E-01  9.317947E-02  1.091862E-01
     6.9000  3.094768E-02  1.094381E-01  9.300365E-02  1.148867E-01
     7.3500  3.043816E-02  1.091051E-01  9.291434E-02  1.207364E-01
     7.8000  2.994238E-02  1.087332E-01  9.290508E-02  1.267305E-01
     8.2500  2.946001E-02  1.083245E-01  9.296995E-02  1.328634E-01
     8.7000  2.899071E-02  1.078811E-01  9.310336E-02  1.391289E-01
     9.1500  2.853417E-02  1.074050E-01  9.330044E-02  1.455198E-01
     9.6000  2.809006E-02  1.068983E-01  9.355638E-02  1.520280E-01
    10.0500  2.765809E-02  1.063626E-01  9.386682E-02  1.586447E-01
    10.5000  2.723796E-02  1.058001E-01  9.422757E-02  1.653602E-01
    10.9500  2.682938E-02  1.052123E-01  9.463484E-02  1.721635E-01
    11.4000  2.643209E-02  1.046011E-01  9.508501E-02  1.790433E-01
    11.8500  2.604580E-02  1.039680E-01  9.557465E-02  1.859869E-01
    12.3000  2.567026E-02  1.033147E-01  9.610058E-02  1.929809E-01
    12.7500  2.530521E-02  1.026427E-01  9.665979E-02  2.000109E-01
    13.2000  2.495041E-02  1.019535E-01  9.724940E-02  2.070619E-01
    13.6500  2.460561E-02  1.012485E-01  9.786663E-02  2.141177E-01
    14.1000  2.427057E-02  1.005291E-01  9.850892E-02  2.211612E-01
    14.5500  2.394508E-02  9.979653E-02  9.917383E-02  2.281758E-01
    15.0000  2.362890E-02  9.905212E-02  9.985893E-02  2.351433E-01
