 # it. E_fermi(eV)  Charge Distance  Partial Chg. D.  Convergence
  0       3.561          0.000         0.0000     0
  1      -7.422         0.1769         6.6168     0
  2      -7.713         0.1849         0.5155     0
  3      -7.178         0.0633         0.2943     0
  4      -7.025         0.0160         0.2294     0
  5      -7.073         0.0093         0.0184     0
  6      -7.125         0.0085         0.0101     0
  7      -7.182         0.0019         0.0106     0
  8      -7.179         0.0021         0.0015     0
  9      -7.179         0.0014         0.0067     0
 10      -7.179         0.0026         0.0050     0
 11      -7.179         0.0057         0.0044     0
 12      -7.176         0.0060         0.0035     0
 13      -7.176         0.0126         0.0083     0
 14      -7.172         0.0308         0.0057     0
 15      -7.172         0.1661         0.0287     0
 16      -7.341         0.1595         0.1051     0
 17      -7.203         0.0196         0.0606     0
 18      -7.188         0.0007         0.0082     0
 19      -7.187         0.0005         0.0002     0
 20      -7.186         0.0072         0.0012     0
 21      -7.180         0.0027         0.0030     0
 22      -7.180         0.0007         0.0054     0
 23      -7.180         0.0571         0.0007     0
 24      -7.231         0.0525         0.0286     0
 25      -7.186         0.0041         0.0213     0
 26      -7.184         0.0001         0.0016     0
 27      -7.184         0.0004         0.0001     1
