ATOMS
  *       x           y           z    ipot  Atom      Distance    Number
**********-  **********  **********  ******  ******  **********  ********
   0           0           0              0  O          0               0
  -1.57384     1.11234    -0.035975       2  Ir         1.92758       106
   1.48533    -1.21222    -0.202976       2  Ir         1.92792       125
   1.19884    -6.81622     7.21985        2  Ir        10.0012        174
  -3.94315     9.19482    -0.042283       2  Ir        10.0047        122
   6.02349     6.13021     5.13044        1  Sr        10.0092         46
  -7.34872    -3.79785     5.64014        3  O         10.0119        411
  -1.75713    -9.13325    -3.71635        2  Ir        10.0157         69
  -1.8644      6.50199     7.38852        2  Ir        10.0171        198
  -3.70018     9.14062     1.82099        3  O         10.0279        264
   9.00345    -4.15059     1.53347        3  O         10.032         303
   9.81208    -1.5719      1.46912        1  Sr        10.0452         27
   3.85464    -9.2947     -0.196669       2  Ir        10.0642        109
  -6.86066     1.30803    -7.27306        2  Ir        10.0835        188
   4.07722    -1.23158     9.14113        1  Sr        10.0847         61
  -5.01188    -8.10293     3.34828        3  O         10.0989        342
  -9.09352     3.94912     1.95568        3  O         10.1051        260
   9.24798    -4.1032     -0.331354       2  Ir        10.1228        113
  -9.86326     1.48139    -1.84431        1  Sr        10.143           2
   1.75855     9.20202    -3.90373        2  Ir        10.1493         96
   3.61011    -9.34209     1.66815        3  O         10.1533        299
  -3.65964    -1.76496    -9.30845        3  O         10.1565        377
  -2.05049    -9.25398     3.65565        2  Ir        10.159         152
  -9.33649     4.00332     0.092403       2  Ir        10.159         118
  -4.43477    -8.92565    -2.005          1  Sr        10.1663          3
  -1.54658    -3.80832    -9.29948        3  O         10.1674        416
  -3.6463      8.76964     3.65742        2  Ir        10.1774        139
   1.73371     3.42654    -9.44313        3  O         10.1941        386
  -1.33955     3.97594     9.29315        1  Sr        10.1963         56
  -4.04787    -1.56742     9.2284         3  O         10.1983        434
  -7.23414    -5.95902     4.04452        3  O         10.2079        206
  -2.05127    -3.84381     9.23872        3  O         10.2145        397
   8.74791    -4.07049     3.37761        2  Ir        10.2227        163
   1.32492     8.62851     5.3618         3  O         10.2448        388
  -6.02527    -7.59679    -3.33136        3  O         10.2525        358
  -3.85093     9.32858    -1.9173         3  O         10.2727        280
   3.84677     1.38318    -9.43417        3  O         10.2817        425
  -9.24428     4.13708    -1.78261        3  O         10.2835        276
  -7.19732     6.4733     -3.54699        2  Ir        10.3095         68
   6.58047     3.5748      7.09384        2  Ir        10.3152        185
   1.59592    -6.81868    -7.57641        2  Ir        10.3171        173
   9.15013    -4.24589    -2.18829        3  O         10.3219        255
   3.54066     6.49398     7.24516        2  Ir        10.3538        204
   3.75678    -9.4374     -2.0536         3  O         10.3632        251
   8.85474     1.37763     5.21874        3  O         10.3701        429
   7.70866    -0.120231    6.96685        3  O         10.3911        466
   0.023424  -10.399      -0.017339       3  O         10.3991        313
  -0.023424   10.399       0.017339       3  O         10.3991        316
  -4.37783     0.944257   -9.38778        1  Sr        10.4013         33
   3.35379    -3.85182     9.09536        3  O         10.4312        404
  -9.03964     3.57813     3.7921         2  Ir        10.4354        134
   5.79823    -8.11896     3.06156        3  O         10.436         352
   3.35457    -9.26199     3.5123         2  Ir        10.4582        158
   7.19874    -6.40453    -4.0731         2  Ir        10.4609         97
   7.19895    -6.84493     3.3447         2  Ir        10.4817        145
  -6.32411    -6.41753    -5.3771         1  Sr        10.4925         47
   1.03894    -4.26327    -9.53981        1  Sr        10.5006         37
   6.98926    -1.62718    -7.7111         2  Ir        10.5337        182
  -7.25774     1.31049     7.5232         2  Ir        10.5352        189
  -9.03986     4.01853    -3.62569        2  Ir        10.5363         85
  -7.49068     6.35257     3.82502        2  Ir        10.5402        151
   9.80037     3.62761     1.47779        1  Sr        10.5542         28
  -1.86422     9.63151     3.92718        3  O         10.5671        215
  -6.0604      8.00175    -3.30535        3  O         10.568         361
  -3.67135     3.43455    -9.29978        3  O         10.5717        379
   3.64793    -9.14127    -3.85971        2  Ir        10.572          75
  -0.31306     7.59401     7.36142        3  O         10.581         480
   0.162875    0.231911   10.5841         3  O         10.5879        234
  -3.64651     9.21003    -3.76038        2  Ir        10.5954         90
   0.084018    7.59156    -7.43484        3  O         10.6262        479
   8.95761     4.41597     3.6318         3  O         10.6268        223
   1.73084     8.82114    -5.69388        3  O         10.6409        444
   9.04127    -3.94976    -3.99439        2  Ir        10.6443         80
  -9.05585    -1.56187    -5.42451        3  O         10.6711        430
  -9.85154    -3.71812    -1.85298        1  Sr        10.6916          1
   3.93774     6.49152    -7.5511         2  Ir        10.7082        203
  -1.93195    -9.00538     5.48811        3  O         10.7214        415
  -4.05958     3.63209     9.23707        3  O         10.7236        436
  -6.84895    -3.89148    -7.28173        2  Ir        10.7273        186
  -0.954187    9.173      -5.49445        1  Sr        10.7351         57
  -1.64248    -9.04578    -5.56622        3  O         10.7474        395
   4.0655      3.96793     9.14979        1  Sr        10.7699         63
  -3.80914    -6.81067    -7.43306        2  Ir        10.7771        167
 -10.8101      0.016022    0.28671        3  O         10.8139        307
  10.8101     -0.016022   -0.28671        3  O         10.8139        322
   0.653574   -9.46032     5.24779        1  Sr        10.8381         36
  -0.277925   -8.00453     7.33542        3  O         10.8608        474
  -4.20622    -6.80821     7.36321        2  Ir        10.8748        168
   3.85848    -3.81633    -9.44284        3  O         10.8913        423
   9.14421     1.33722    -5.83559        3  O         10.9297        410
   3.54084     9.6235      3.78382        3  O         10.9301        220
   0.119154   -8.00699    -7.46085        3  O         10.9449        473
   8.86646    -3.82189     5.21007        3  O         10.9711        428
  -8.10944    -0.098655   -7.39935        3  O         10.9783        450
 -10.2502      0.245476   -3.92549        3  O         10.9789        224
   6.97755     3.57234    -7.70243        2  Ir        10.9898        184
  -1.44371    -0.76998   -10.8864         3  O         11.0087        211
   6.76511    -6.97804     5.19244        3  O         11.0191        389
  -4.08014     8.63653     5.50516        3  O         11.0247        381
   1.38489    -1.19455    10.8752         2  Ir        11.0279         93
   0.583377  -10.1696     -4.22954        3  O         11.0295        230
   3.47311    -9.01339     5.34476        3  O         11.0395        422
   8.98003     6.24844     1.55081        3  O         11.0494        305
  -3.67422     8.82915    -5.55052        3  O         11.0572        437
  -7.08267     6.56077    -5.39685        3  O         11.0605        394
  -6.42652     8.85116     1.91652        1  Sr        11.1048         18
  10.1782     -2.42131    -3.75275        3  O         11.1149        372
   8.01418     7.71486    -0.484002       3  O         11.1347        339
  -7.24603    -3.88903     7.51453        2  Ir        11.1399        187
  -9.46177    -1.75449     5.63117        3  O         11.1496        374
  -9.06756     3.63765    -5.41584        3  O         11.1707        431
   9.22456     6.29583    -0.314015       2  Ir        11.1727        115
  10.1665      2.7782     -3.74408        3  O         11.1845        373
  -4.36612    -4.25526    -9.39645        1  Sr        11.201          31
   6.37534    -8.94167    -2.29171        1  Sr        11.2183         11
   9.1267      6.15314    -2.17095        3  O         11.2192        257
 -10.4404      2.30411     3.50897        3  O         11.2527        341
   8.10574    -0.122688   -7.82941        3  O         11.2702        465
  -8.50651    -0.096197    7.39692        3  O         11.2732        451
  -8.20099     7.7389     -0.053937       3  O         11.2761        327
   8.04931    -7.88368    -0.510011       3  O         11.2785        336
  -9.22086    -6.26195    -1.79995        3  O         11.2905        274
  -9.0701     -6.44991     1.93834        3  O         11.2971        258
  -9.31307    -6.39571     0.075064       2  Ir        11.298         116
   8.72449     6.32854     3.39495        2  Ir        11.3001        165
  -1.67683     1.14259   -11.1233         2  Ir        11.3068        155
   6.76224    -1.58344     8.94169        3  O         11.3221        447
  -8.16586    -7.85965    -0.079946       3  O         11.3341        324
   3.76258    -9.05379    -5.70957        3  O         11.3458        402
  -1.31613    -6.42309     9.27581        1  Sr        11.3591         52
   1.01552     6.13576    -9.52247        1  Sr        11.3735         41
 -10.4287     -2.89541     3.5003         3  O         11.3751        340
  -2.17763     1.26823    11.0973         2  Ir        11.3798         73
   8.98103    -5.98306     3.61446        3  O         11.3807        221
  -7.37214     6.60118     5.65748        3  O         11.3987        414
   1.3689     -6.77495     9.07638        3  O         11.4085        439
   0.536529   10.6285     -4.19487        3  O         11.4389        237
   1.1637      8.78232     7.24586        2  Ir        11.4449        180
   6.86697     9.1788     -0.328992       2  Ir        11.4679        131
   7.17103    -6.78542    -5.86324        3  O         11.4823        445
   3.22743     1.26022    10.9539         2  Ir        11.4888         78
  -1.57        6.59071    -9.28214        3  O         11.4918        420
   8.95743     1.28645     7.09314        2  Ir        11.498         205
   9.87935    -1.24205    -5.79849        1  Sr        11.5224         65
   9.15593    -3.86229    -5.84426        3  O         11.5284        409
  -2.07469     6.55522     9.25606        3  O         11.5304        401
  -9.47348     3.44502     5.63984        3  O         11.5509        375
   7.69695     5.07928     6.97552        3  O         11.5629        467
  -6.96335     1.39921    -9.14746        3  O         11.5811        412
  -6.95547    -9.27868     0.090041       2  Ir        11.5966        100
  -1.59726    11.5114     -0.018636       2  Ir        11.6217        108
   2.17926    -1.63986   -11.2995         2  Ir        11.624         141
  -1.029      -2.40283    11.3302         3  O         11.6278        364
  -9.01643    -6.3805     -3.64303        2  Ir        11.6309         83
 -10.18        0.954726    5.55184        1  Sr        11.6347         29
   5.092       7.586       7.21807        3  O         11.6437        486
   4.45087     9.16498    -5.6378         1  Sr        11.6444         64
  -1.69512    11.3687     -1.87557        3  O         11.6464        250
  -6.7329     -1.21556     9.42783        1  Sr        11.6488         49
   6.43229     0.928234   -9.67449        1  Sr        11.6547         44
   7.10994     9.1246      1.53428        3  O         11.6689        273
   7.72037    -5.31975     6.95818        3  O         11.6756        464
   1.37318     4.00497    10.8839         2  Ir        11.6783         95
   1.56078     8.77986    -7.5504         2  Ir        11.6846        179
   0.174587   -4.9676     10.5754         3  O         11.6853        232
  -5.38163   -10.391       0.126016       3  O         11.7026        308
   5.38163    10.391      -0.126016       3  O         11.7026        321
   3.33037     6.54721     9.1127         3  O         11.7046        408
   1.50876   -11.6112     -0.220315       2  Ir        11.7109        123
  -1.04071     2.79668    11.3389         3  O         11.725         366
  -3.2258     -1.63185   -11.1562         2  Ir        11.7273        136
  -5.42848    10.407       0.160694       3  O         11.7389        312
   5.42848   -10.407      -0.160694       3  O         11.7389        317
   3.96134    -0.777991  -11.0298         3  O         11.7454        217
  -1.8418     11.464       1.84619        3  O         11.7568        298
   1.60097   -11.4775     -2.09533        3  O         11.7765        281
   9.01785     6.44927    -3.97706        2  Ir        11.7784         82
   6.75053     3.61607     8.95036        3  O         11.7794        449
  11.1799      2.27206     2.93555        3  O         11.78          357
  -4.02017    -1.18654    11.0185         2  Ir        11.7889         88
  -5.32104     7.59957    -7.29149        3  O         11.7997        472
   7.16382     8.75361     3.37071        2  Ir        11.8029        148
   0.766829    2.28563   -11.574          3  O         11.8224        349
   6.95918     9.31256    -2.20401        3  O         11.8327        289
   5.56793     0.2239     10.4407         3  O         11.8347        240
  -1.45543     4.42953   -10.8778         3  O         11.8349        213
  -1.43218    -9.09901    -7.43376        2  Ir        11.8365        191
   6.6039     -6.82423     7.0765         2  Ir        11.8431        181
  -1.82926    -9.09655     7.36251        2  Ir        11.8448        192
  -9.22591    -1.60314    -7.28103        2  Ir        11.8617        166
  -4.75148    -9.45231     5.39114        1  Sr        11.8738         30
   1.75713    -6.97249    -9.46047        3  O         11.8829        382
   4.08893    -6.4311      9.13246        1  Sr        11.8945         59
  -7.05333    -9.42137    -1.76689        3  O         11.901         242
   0.151163    5.43142    10.5927         3  O         11.905         236
   1.75173   -11.6654      1.64296        3  O         11.9101        265
  -9.01622    -6.82089     3.77477        2  Ir        11.9191        132
   3.72822     1.13458   -11.2666         2  Ir        11.9216        160
   5.12713    -8.01254     7.19206        3  O         11.9254        481
  -6.87237     6.50755    -7.26439        2  Ir        11.931         190
  11.1916     -2.92745     2.92688        3  O         11.9326        356
  -5.24218     0.239922   10.7274         3  O         11.9422        228
  -7.20001    -9.32607     1.95486        3  O         11.9431        290
  -2.16592    -3.93128    11.0886         2  Ir        11.9626         71
  -1.81737   -11.1666      3.8925         3  O         11.9644        209
  -1.66512    -4.05692   -11.1319         2  Ir        11.9646        153
  -4.82168   -10.1616     -4.08619        3  O         11.9667        225
   0.778541   -2.91389   -11.5827         3  O         11.9689        347
 -10.7984     -5.18349     0.27804        3  O         11.9813        306
  10.7984      5.18349    -0.27804        3  O         11.9813        323
  -0.998036   -1.55588     1.75583        1  Sr         2.54946        20
  -1.6717      0.969645   -1.89291        3  O          2.70516       248
   1.72831    -1.26642     1.6603         3  O          2.71062       267
   0.946859    1.46537    -2.13102        1  Sr         2.75411         9
  -1.81837     1.06495     1.82885        3  O          2.79021       296
   1.57755    -1.07846    -2.07799        3  O          2.82308       283
   2.62083     2.52336    -0.349317       3  O          3.65488       334
  -2.78422     2.53137    -0.205962       3  O          3.76858       330
   2.63254    -2.67615    -0.357986       3  O          3.77097       333
  -2.77251    -2.66814    -0.214631       3  O          3.85381       329
   0.369751    2.28808     3.22226        3  O          3.96926       350
   3.83122     1.10433    -0.17933        2  Ir         3.99123       111
  -3.91972    -1.2042     -0.059621       2  Ir         4.10096       120
   3.58668     1.05694     1.68549        3  O          4.1015        301
  -1.00975     3.64364     1.7645         1  Sr         4.17242        21
   1.78218    -1.6374      3.49673        2  Ir         4.25257       142
   1.47362     3.9873     -0.194307       2  Ir         4.25533       126
   0.559953    0.229453   -4.2122         3  O          4.25545       233
  -0.631919   -2.40529    -3.46604        3  O          4.26593       363
  -3.67675    -1.2584      1.80365        3  O          4.2843        262
  -1.78055     1.26577    -3.69902        2  Ir         4.29596        72
   0.381463   -2.91143     3.21359        3  O          4.35306       348
   3.73336     0.961633   -2.03626        3  O          4.35994       253
  -2.07391     1.14505     3.67299        2  Ir         4.37071       156
  -1.56213    -4.08718    -0.044644       2  Ir         4.37576       105
  -1.84079    -0.767522    3.90984        3  O          4.38913       212
   0.958571   -3.73414    -2.13969        1  Sr         4.40919         8
  -3.82751    -1.07045    -1.93464        3  O          4.42024       278
   1.78197    -1.19701    -3.92107        2  Ir         4.47024        92
  -0.643631    2.79422    -3.45737        3  O          4.4917        365
   1.71659     3.9331      1.66897        3  O          4.6045        268
  -1.80666    -4.13456     1.82018        3  O          4.86536       295
   1.56584     4.12106    -2.06932        3  O          4.87002       284
  -1.65999    -4.22987    -1.90158        3  O          4.92578       247
   4.40702    -1.56389     1.61247        1  Sr         4.94648        24
   3.33114     1.13704     3.52964        2  Ir         4.98475       161
  -4.4582      1.47338    -1.98766        1  Sr         5.09874         5
   0.011712   -5.19951    -0.008669       3  O          5.19954       314
  -0.011712    5.19951     0.008669       3  O          5.19954       315
   3.56426    -0.775533    3.76648        3  O          5.24326       218
   1.77047     3.56211     3.5054         2  Ir         5.30198       143
  -3.62309    -1.18899    -3.77772        2  Ir         5.36765        87
   0.63015     0.938703    5.26513        1  Sr         5.38515        40
  -3.62287    -1.62939     3.64008        2  Ir         5.38798       137
  -5.40506     0.008011    0.143355       3  O          5.40696       310
   5.40506    -0.008011   -0.143355       3  O          5.40696       319
   3.6245      1.25776    -3.84237        2  Ir         5.42981        77
  -3.93144     3.99531    -0.050952       2  Ir         5.60547       121
   3.84293    -4.09519    -0.187999       2  Ir         5.61907       110
  -1.76884    -3.93374    -3.70769        2  Ir         5.68771        70
  -3.68846     3.94111     1.81232        3  O          5.694         263
  -0.930763   -1.22603    -5.51178        1  Sr         5.7227         53
   3.5984     -4.14257     1.67682        3  O          5.73769       300
   1.34834    -1.77051     5.34446        3  O          5.7893        385
  -2.0622     -4.05447     3.66432        2  Ir         5.84111       154
   1.77026     4.00251    -3.9124         2  Ir         5.87033        94
   4.39531     3.63563     1.62114        1  Sr         5.92998        25
  -1.6659      1.35325    -5.54888        3  O          5.9495        398
  -3.83922     4.12907    -1.92597        3  O          5.95803       279
  -1.95537     1.39365     5.50545        3  O          6.00631       419
   3.74507    -4.23788    -2.04493        3  O          6.01389       252
  -4.44649    -3.72613    -1.99633        1  Sr         6.1352          4
   1.75426    -1.57789    -5.71122        3  O          6.17942       440
  -1.85251     4.43199     3.91851        3  O          6.19911       214
  -3.63459     3.57012     3.64875        2  Ir         6.26653       138
   3.34286    -4.06248     3.52097        2  Ir         6.33053       159
  -4.8451      0.237465   -4.06885        3  O          6.33143       227
   4.77314    -2.4133     -3.6094         3  O          6.45249       369
  -5.03531     2.2961      3.36561        3  O          6.47717       344
   1.33663     3.429       5.35313        3  O          6.4962        387
  -1.58555     6.31185    -0.027305       2  Ir         6.50801       107
   3.44969     1.38564     5.3621         3  O          6.52475       426
   0.571665   -4.97006    -4.22087        3  O          6.54554       231
   1.49704    -6.41173    -0.211646       2  Ir         6.58758       124
   4.76143     2.78621    -3.60073        3  O          6.58782       370
  -3.6348      4.01052    -3.76905        2  Ir         6.59559        89
   3.63622    -3.94175    -3.85104        2  Ir         6.60227        76
  -1.68341     6.16916    -1.88424        3  O          6.66654       249
  -5.02359    -2.90342     3.35694        3  O          6.70339       343
  -1.83008     6.26447     1.83752        3  O          6.78006       297
   0.641862   -4.26081     5.25646        1  Sr         6.79683        38
   1.58926    -6.27797    -2.08666        3  O          6.80388       282
   3.55255     4.42398     3.77515        3  O          6.81498       219
  -3.65079    -1.56988    -5.56786        3  O          6.84061       433
  -0.942475    3.97348    -5.50312        1  Sr         6.85282        55
  -6.40309    -1.54787     1.89918        1  Sr         6.85583        16
   0.548241    5.42897    -4.20353        3  O          6.88796       235
   1.74002    -6.46593     1.65163        3  O          6.89665       266
   6.35192     1.45736    -2.27437        1  Sr         6.90243        13
   5.77481     2.28007     3.0789         3  O          6.93014       354
   3.73916     1.34523    -5.69223        3  O          6.94208       405
  -1.65419    -3.84627    -5.55755        3  O          6.95819       396
  -1.94366    -3.80586     5.49678        3  O          6.96254       417
   1.74255     3.62162    -5.70255        3  O          6.97651       442
   6.89039    -1.22023    -0.346331       2  Ir         7.00617       129
  -0.986325   -6.75539     1.74716        1  Sr         7.04704        19
  -4.05671    -1.7625      5.48782        3  O          7.04837       378
   0.935148    6.66488    -2.12235        1  Sr         7.05688        10
  -6.9789      1.12035     0.10738        2  Ir         7.06907       102
   5.78652    -2.91944     3.07023        3  O          7.1717        353
  -4.77491     0.946714    5.40848        1  Sr         7.27652        34
  -6.03698    -2.39728    -3.32269        3  O          7.29605       359
   4.47429    -1.23404    -5.65514        1  Sr         7.31593        60
  -7.07676     0.977656   -1.74955        3  O          7.35508       244
  -1.82908    -5.96704     3.90117        3  O          7.36004       210
   3.8195      6.30384    -0.17066        2  Ir         7.37266       112
   5.96501     0.221442   -4.35556        3  O          7.38927       239
   3.57497     6.25645     1.69416        3  O          7.40229       302
   7.13336    -1.27443     1.51694        3  O          7.40339       271
   6.98261    -1.08647    -2.22135        3  O          7.40753       287
   3.4614     -3.81387     5.35343        3  O          7.42874       424
  -6.04869     2.80224    -3.31402        3  O          7.44459       360
   2.3036     -0.11222     7.11021        3  O          7.47491       461
   3.72165     6.16115    -2.02759        3  O          7.47807       254
  -5.39335    -5.1915      0.134686       3  O          7.48719       309
   5.39335     5.1915     -0.134686       3  O          7.48719       320
   1.18713    -1.61671     7.22852        2  Ir         7.50164       176
  -3.90801    -6.40372    -0.068291       2  Ir         7.50232       119
  -5.41677     5.20753     0.152024       3  O          7.51551       311
   5.41677    -5.20753    -0.152024       3  O          7.51551       318
  -7.22343     1.07296     1.9722         3  O          7.56431       292
  -3.6625      3.62963    -5.55919        3  O          7.5824        435
  -3.8158     -6.26996    -1.94331        3  O          7.5927        277
  -6.41481     3.65165     1.90785        1  Sr         7.62392        17
  -2.08562     6.34456     3.68166        2  Ir         7.62613       157
  -3.66504    -6.45792     1.79498        3  O          7.63932       261
  -4.06843     3.43701     5.49649        3  O          7.65353       380
  -1.79226     6.46529    -3.69035        2  Ir         7.65708        74
  -1.45561     1.30002    -7.41642        2  Ir         7.6689        195
   1.79368    -6.39652    -3.92974        2  Ir         7.71852        91
  -1.85268     1.30248     7.37985        2  Ir         7.71952       196
   6.36363    -3.74215    -2.28304        1  Sr         7.72734        12
  -0.301348    2.3945      7.35276        3  O          7.7387        478
   0.09573     2.39204    -7.44351        3  O          7.81901       477
   3.75087    -3.85428    -5.7009         3  O          7.83739       403
  -0.289637   -2.80501     7.34408        3  O          7.86687       476
   1.7939     -6.83692     3.48806        2  Ir         7.88213       140
  -3.10146    -0.104208    7.25356        3  O          7.88949       455
   1.58421    -1.61916    -7.56774        2  Ir         7.8995        175
   3.57598    -5.97505     3.75781        3  O          7.91265       216
   6.87868     3.97929    -0.337662       2  Ir         7.95393       130
   0.107442   -2.80747    -7.45218        3  O          7.9642        475
   6.03521     0.930692    5.12177        1  Sr         7.9701         45
   3.31943     6.33655     3.5383         2  Ir         7.98061       162
  -2.70438    -0.106666   -7.5427         3  O          8.01358       454
  -4.83339    -4.96205    -4.07752        3  O          8.03802       226
  -6.96719    -4.07917     0.098711       2  Ir         8.0741        101
   7.18724    -1.64541     3.35337        2  Ir         8.09993       146
   0.618438    6.13822     5.2738         1  Sr         8.11623        42
  -7.18561     1.27378    -3.55566        2  Ir         8.11777        67
   2.70068    -0.114677   -7.68606        3  O          8.14753       460
   2.60912     7.72288    -0.340647       3  O          8.15882       335
   1.17542     3.58281     7.23719        2  Ir         8.16058       178
   0.358039    7.4876      3.23093        3  O          8.16279       351
   3.55237     1.29447     7.23649        2  Ir         8.16467       202
   4.46258     3.96547    -5.64647        1  Sr         8.21719        62
  -2.79594     7.73089    -0.197292       3  O          8.22331       331
   4.41873    -6.7634      1.6038         1  Sr         8.23657        23
  -3.61138    -6.38851    -3.78639        2  Ir         8.25783        86
  -4.46991     6.6729     -1.979          1  Sr         8.27188         6
   7.12165     3.92509     1.52561        3  O          8.27355       272
   2.64426    -7.87567    -0.366656       3  O          8.31581       332
   3.61279     6.45728    -3.8337         2  Ir         8.33342        79
  -7.24585    -0.759511    4.05319        3  O          8.33712       207
  -2.7608     -7.86766    -0.223301       3  O          8.34098       328
   7.18703    -1.20502    -4.06443        2  Ir         8.34416        98
  -4.85682     5.43698    -4.06018        3  O          8.34473       229
  -4.76319    -4.2528      5.39982        1  Sr         8.36256        32
  -0.620207   -7.6048     -3.47471        3  O          8.38399       362
   6.97089     4.11305    -2.21268        3  O          8.39085       288
  -6.33582    -1.21802    -5.36843        1  Sr         8.39323        48
  -7.06504    -4.22186    -1.75822        3  O          8.41607       243
   8.02589     2.51535    -0.492672       3  O          8.42524       338
  -7.47897     1.15306     3.81635        2  Ir         8.4752        150
   8.0376     -2.68417    -0.501341       3  O          8.48877       337
  -3.82085    -1.61115    -7.42439        2  Ir         8.50389       169
  -1.44389    -3.89949    -7.42509        2  Ir         8.51016       193
   1.57249     3.58035    -7.55907        2  Ir         8.51065       177
  -0.919051   -6.42555    -5.52046        1  Sr         8.52102        51
  -3.61116    -6.8289      3.63141        2  Ir         8.5359        135
  -7.21172    -4.12655     1.96353        3  O          8.53773       291
  -1.84097    -3.89704     7.37118        2  Ir         8.53876       194
  -8.18928     2.53938    -0.062607       3  O          8.57419       326
  -8.17757    -2.66013    -0.071276       3  O          8.59965       325
   3.94945     1.29201    -7.55977        2  Ir         8.62656       201
  -4.21793    -1.6087      7.37188        2  Ir         8.64427       170
   7.17553     3.5541      3.36204        2  Ir         8.68465       147
   6.7534     -1.77852     5.20111        3  O          8.70764       390
   0.393175   -8.11094     3.20492        3  O          8.73004       346
  -0.655343    7.99374    -3.4487         3  O          8.73057       367
  -1.67761     6.55276    -5.54021        3  O          8.74339       400
  -1.96708     6.59316     5.51412        3  O          8.8173        421
   1.36006    -6.97003     5.33579        3  O          8.88266       383
   5.97672    -4.97807    -4.36423        3  O          8.91902       238
  -7.1739     -3.92573    -3.56433        2  Ir         8.9208         66
   3.56408    -3.90505     7.22782        2  Ir         8.95508       200
   6.04692    -4.26882     5.11311        1  Sr         8.99622        43
  -7.07096     1.36126    -5.40552        3  O          9.00395       393
   1.76598    -6.77741    -5.71989        3  O          9.04262       438
   2.29189     5.08729     7.11888        3  O          9.04498       463
  -1.02146     8.84315     1.77317        1  Sr         9.07683        22
  -3.83256     3.58836    -7.41572        2  Ir         9.08613       171
   5.10371     2.38649     7.2094         3  O          9.14979       485
   5.9533      5.42096    -4.34689        3  O          9.15008       241
   7.17531     3.9945     -4.05576        2  Ir         9.15917        99
   2.31531    -5.31173     7.10154        3  O          9.16554       459
   3.43798     6.58515     5.37077        3  O          9.16674       427
   6.74169     3.42099     5.20978        3  O          9.18125       391
   8.99174     1.04893     1.54214        3  O          9.18313       304
  -6.34753     3.98149    -5.35976        1  Sr         9.21252        50
  -4.22964     3.59082     7.38055        2  Ir         9.23344       172
   0.970283   -8.93366    -2.14836        1  Sr         9.23943         7
   5.11542    -2.81302     7.20073        3  O          9.26991       483
   1.46191     9.18681    -0.185638       2  Ir         9.30425       127
   9.23627     1.09631    -0.322685       2  Ir         9.30671       114
  -7.46726    -4.04645     3.80768        2  Ir         9.30764       149
   1.35719    -1.57543     9.08505        3  O          9.31998       441
  -5.30933     2.40006    -7.30016        3  O          9.34032       470
  -9.08181    -1.25039     1.94701        3  O          9.37196       259
   7.15932    -1.5859     -5.85457        3  O          9.38334       446
  -7.36043     1.40166     5.64881        3  O          9.38347       413
   3.96116    -3.90751    -7.56844        2  Ir         9.39365       199
  -9.32478    -1.19619     0.083734       2  Ir         9.40156       117
  -3.11317     5.09531     7.26223        3  O          9.40181       457
  -1.55042    -9.28669    -0.053314       2  Ir         9.41537       104
  -6.99061     6.31986     0.11605        2  Ir         9.42458       103
  -7.25756     4.44        4.06186        3  O          9.42786       208
   6.9021     -6.41974    -0.355001       2  Ir         9.43282       128
   3.72744     6.54475    -5.68356        3  O          9.4356        407
   8.7362      1.12903     3.38628        2  Ir         9.43731       164
   1.70488     9.13261     1.67764        3  O          9.44064       269
   9.13842     0.953622   -2.17962        3  O          9.44303       256
  -5.29762    -2.79946    -7.30882        3  O          9.45096       468
  -1.32784    -1.22357     9.28448        1  Sr         9.45843        54
  -9.23257    -1.06244    -1.79128        3  O          9.46455       275
   6.34021     6.65687    -2.26571        1  Sr         9.46814        14
  -6.39138    -6.74738     1.89051        1  Sr         9.48425        15
  -4.78662     6.14623     5.41715        1  Sr         9.48859        35
  -2.71609     5.09285    -7.53403        3  O          9.49083       456
  -3.08975    -5.30372     7.24489        3  O          9.4955        453
  -3.63908    -6.7694     -5.57653        3  O          9.49554       432
  -1.55829     1.39119    -9.29081        3  O          9.52276       418
  -7.08847     6.17717    -1.74088        3  O          9.56214       245
  -2.06298     1.3557      9.24739        3  O          9.57121       399
   2.68897     5.08484    -7.67739        3  O          9.59314       462
   1.75876     8.76163     3.51406        2  Ir         9.6025        144
  -2.69267    -5.30618    -7.55137        3  O          9.61401       452
   1.02723     0.936246   -9.53114        1  Sr         9.63194        39
  -5.04702     7.49561     3.37428        3  O          9.64584       345
   6.99432    -6.28598    -2.23001        3  O          9.66473       286
   5.50079     2.38403    -7.58687        3  O          9.66968       484
   1.55412     9.32057    -2.06065        3  O          9.67133       285
   4.48601    -6.43356    -5.66381        1  Sr         9.67438        58
  -1.79495    -9.33408     1.81151        3  O          9.67618       294
  -7.05925    -3.83826    -5.41419        3  O          9.6891        392
   4.78485    -7.61282    -3.61807        3  O          9.69227       368
   8.96932    -0.783545    3.62313        3  O          9.70514       222
  -5.70641     2.40251     7.49611        3  O          9.72249       471
   2.71239    -5.31419    -7.69473        3  O          9.73686       458
  -4.045      -6.96202     5.47915        3  O          9.73924       376
   7.14508    -6.47394     1.50827        3  O          9.75904       270
  -1.64827    -9.42938    -1.91024        3  O          9.7611        246
   1.74542    -1.77297    -9.4518         3  O          9.77377       384
  -7.23514     6.27248     1.98087        3  O          9.7783        293
   3.34208     1.34769     9.10403        3  O          9.79128       406
   5.5125     -2.81548    -7.59553        3  O          9.7983        482
  -9.02815    -1.18098    -3.63436        2  Ir         9.80361        84
   6.59218    -1.62472     7.08517        2  Ir         9.81306       183
  -5.69469    -2.797       7.48744        3  O          9.814         469
   1.34547     3.62408     9.09372        3  O          9.88129       443
   7.14761     3.61361    -5.8459         3  O          9.9157        448
  -9.02793    -1.62138     3.78344        2  Ir         9.92204       133
   5.7631      7.47959     3.08757        3  O          9.93431       355
   9.02956     1.24975    -3.98572        2  Ir         9.94891        81
   4.74971     7.98573    -3.59206        3  O          9.96165       371
  -1.46732     6.49953    -7.40775        2  Ir         9.96352       197
   4.3836      8.83514     1.62981        1  Sr         9.99659        26
END
