#HD#     0.1544932932E+01     0.2454409390E+02 
    0.1000000000E+00     0.4367334827E-02    -0.2841968686E-04     0.1000000000E+01     0.0000000000E+00     0.1000000000E+01     0.0000000000E+00     0.2171912322E+05 
    0.2000000000E+00     0.8746608362E-02    -0.1133187053E-03     0.1000000000E+01     0.0000000000E+00     0.1000000000E+01     0.0000000000E+00     0.7703267363E+04 
    0.3000000000E+00     0.1311843194E-01    -0.2541922075E-03     0.1000000000E+01     0.0000000000E+00     0.1000000000E+01     0.0000000000E+00     0.4205909972E+04 
    0.4000000000E+00     0.1748188254E-01    -0.4505428351E-03     0.1000000000E+01     0.0000000000E+00     0.1000000000E+01     0.0000000000E+00     0.2740031059E+04 
    0.4937739303E+00     0.2156524345E-01    -0.6846355435E-03     0.1000000000E+01     0.0000000000E+00     0.1000000000E+01     0.0000000000E+00     0.2003393286E+04 
    0.6095974449E+00     0.2659637374E-01    -0.1039921259E-02     0.1000000000E+01     0.0000000000E+00     0.1000000000E+01     0.0000000000E+00     0.1465489429E+04 
    0.7376129083E+00     0.3213962682E-01    -0.1516824538E-02     0.1000000000E+01     0.0000000000E+00     0.1000000000E+01     0.0000000000E+00     0.1105199007E+04 
    0.8778203206E+00     0.3818765608E-01    -0.2139480757E-02     0.1000000000E+01     0.0000000000E+00     0.1000000000E+01     0.0000000000E+00     0.8547832593E+03 
    0.1030219682E+01     0.4473145652E-01    -0.2933810752E-02     0.1000000000E+01     0.0000000000E+00     0.1000000000E+01     0.0000000000E+00     0.6752963512E+03 
    0.1194810992E+01     0.5176012936E-01    -0.3927395577E-02     0.1000000000E+01     0.0000000000E+00     0.1000000000E+01     0.0000000000E+00     0.5432585068E+03 
    0.1371594251E+01     0.5926063598E-01    -0.5149345842E-02     0.1000000000E+01     0.0000000000E+00     0.1000000000E+01     0.0000000000E+00     0.4439380241E+03 
    0.1560569459E+01     0.6721754302E-01    -0.6630166506E-02     0.1000000000E+01     0.0000000000E+00     0.1000000000E+01     0.0000000000E+00     0.3677720276E+03 
    0.1761736616E+01     0.7561276019E-01    -0.8401617960E-02     0.1000000000E+01     0.0000000000E+00     0.1000000000E+01     0.0000000000E+00     0.3083678826E+03 
    0.1975095721E+01     0.8442527238E-01    -0.1049657409E-01     0.1000000000E+01     0.0000000000E+00     0.1000000000E+01     0.0000000000E+00     0.2613413176E+03 
    0.2200646776E+01     0.9363086725E-01    -0.1294887788E-01     0.1000000000E+01     0.0000000000E+00     0.1000000000E+01     0.0000000000E+00     0.2236168948E+03 
    0.2438389779E+01     0.1032018596E+00    -0.1579319516E-01     0.1000000000E+01     0.0000000000E+00     0.1000000000E+01     0.0000000000E+00     0.1929937036E+03 
    0.2688324732E+01     0.1131068134E+00    -0.1906486655E-01     0.1000000000E+01     0.0000000000E+00     0.1000000000E+01     0.0000000000E+00     0.1678682921E+03 
    0.2950451633E+01     0.1233102624E+00    -0.2279975811E-01     0.1000000000E+01     0.0000000000E+00     0.1000000000E+01     0.0000000000E+00     0.1470535753E+03 
    0.3224770483E+01     0.1337724295E+00    -0.2703411050E-01     0.1000000000E+01     0.0000000000E+00     0.1000000000E+01     0.0000000000E+00     0.1296578746E+03 
    0.3511281282E+01     0.1444489456E+00    -0.3180438653E-01     0.1000000000E+01     0.0000000000E+00     0.1000000000E+01     0.0000000000E+00     0.1150025222E+03 
    0.3809984030E+01     0.1552905678E+00    -0.3714711697E-01     0.1000000000E+01     0.0000000000E+00     0.1000000000E+01     0.0000000000E+00     0.1025647302E+03 
    0.4120878727E+01     0.1662428974E+00    -0.4309874399E-01     0.1000000000E+01     0.0000000000E+00     0.1000000000E+01     0.0000000000E+00     0.9193732867E+02 
    0.4443965373E+01     0.1772460959E+00    -0.4969546176E-01     0.1000000000E+01     0.0000000000E+00     0.1000000000E+01     0.0000000000E+00     0.8279997020E+02 
    0.4779243968E+01     0.1882346010E+00    -0.5697305343E-01     0.1000000000E+01     0.0000000000E+00     0.1000000000E+01     0.0000000000E+00     0.7489825202E+02 
    0.5126714511E+01     0.1991368385E+00    -0.6496672355E-01     0.1000000000E+01     0.0000000000E+00     0.1000000000E+01     0.0000000000E+00     0.6802838798E+02 
    0.5486377004E+01     0.2098749333E+00    -0.7371092494E-01     0.1000000000E+01     0.0000000000E+00     0.1000000000E+01     0.0000000000E+00     0.6202582372E+02 
    0.5858231445E+01     0.2203644142E+00    -0.8323917885E-01     0.1000000000E+01     0.0000000000E+00     0.1000000000E+01     0.0000000000E+00     0.5675668913E+02 
    0.6242277835E+01     0.2305139145E+00    -0.9358388696E-01     0.1000000000E+01     0.0000000000E+00     0.1000000000E+01     0.0000000000E+00     0.5211131657E+02 
    0.6638516175E+01     0.2402248654E+00    -0.1047761340E+00     0.1000000000E+01     0.0000000000E+00     0.1000000000E+01     0.0000000000E+00     0.4799927931E+02 
    0.7046946463E+01     0.2493911810E+00    -0.1168454792E+00     0.1000000000E+01     0.0000000000E+00     0.1000000000E+01     0.0000000000E+00     0.4434556061E+02 
    0.7467568700E+01     0.2578989332E+00    -0.1298197353E+00     0.1000000000E+01     0.0000000000E+00     0.1000000000E+01     0.0000000000E+00     0.4108757139E+02 
    0.7900382885E+01     0.2656260149E+00    -0.1437247327E+00     0.1000000000E+01     0.0000000000E+00     0.1000000000E+01     0.0000000000E+00     0.3817281064E+02 
    0.8345389020E+01     0.2724417889E+00    -0.1585840675E+00     0.1000000000E+01     0.0000000000E+00     0.1000000000E+01     0.0000000000E+00     0.3555701689E+02 
    0.8802587104E+01     0.2782067212E+00    -0.1744188318E+00     0.1000000000E+01     0.0000000000E+00     0.1000000000E+01     0.0000000000E+00     0.3320269758E+02 
    0.9271977136E+01     0.2827719969E+00    -0.1912473236E+00     0.1000000000E+01     0.0000000000E+00     0.1000000000E+01     0.0000000000E+00     0.3107795171E+02 
    0.9753559118E+01     0.2859791141E+00    -0.2090847344E+00     0.1000000000E+01     0.0000000000E+00     0.1000000000E+01     0.0000000000E+00     0.2915552141E+02 
    0.1024733305E+02     0.2876594573E+00    -0.2279428139E+00     0.1000000000E+01     0.0000000000E+00     0.1000000000E+01     0.0000000000E+00     0.2741202366E+02 
    0.1075329893E+02     0.2876338438E+00    -0.2478295090E+00     0.1000000000E+01     0.0000000000E+00     0.1000000000E+01     0.0000000000E+00     0.2582732459E+02 
    0.1127145676E+02     0.2857120439E+00    -0.2687485748E+00     0.1000000000E+01     0.0000000000E+00     0.1000000000E+01     0.0000000000E+00     0.2438402710E+02 
    0.1180180653E+02     0.2816922700E+00    -0.2906991590E+00     0.1000000000E+01     0.0000000000E+00     0.1000000000E+01     0.0000000000E+00     0.2306704951E+02 
    0.1234434826E+02     0.2753606337E+00    -0.3136753551E+00     0.1000000000E+01     0.0000000000E+00     0.1000000000E+01     0.0000000000E+00     0.2186327725E+02 
    0.1289908193E+02     0.2664905662E+00    -0.3376657272E+00     0.1000000000E+01     0.0000000000E+00     0.1000000000E+01     0.0000000000E+00     0.2076127380E+02 
    0.1346600756E+02     0.2548422018E+00    -0.3626528038E+00     0.1000000000E+01     0.0000000000E+00     0.1000000000E+01     0.0000000000E+00     0.1975103984E+02 
    0.1404512513E+02     0.2401617186E+00    -0.3886125435E+00     0.1000000000E+01     0.0000000000E+00     0.1000000000E+01     0.0000000000E+00     0.1882381169E+02 
    0.1463643465E+02     0.2221806361E+00    -0.4155137724E+00     0.1000000000E+01     0.0000000000E+00     0.1000000000E+01     0.0000000000E+00     0.1797189214E+02 
    0.1523993612E+02     0.2006150651E+00    -0.4433175972E+00     0.1000000000E+01     0.0000000000E+00     0.1000000000E+01     0.0000000000E+00     0.1718850799E+02 
    0.1585562954E+02     0.1751649074E+00    -0.4719767979E+00     0.1000000000E+01     0.0000000000E+00     0.1000000000E+01     0.0000000000E+00     0.1646768963E+02 
    0.1648351491E+02     0.1455130019E+00    -0.5014352056E+00     0.1000000000E+01     0.0000000000E+00     0.1000000000E+01     0.0000000000E+00     0.1580416910E+02 
    0.1712359223E+02     0.1113242142E+00    -0.5316270725E+00     0.1000000000E+01     0.0000000000E+00     0.1000000000E+01     0.0000000000E+00     0.1519329350E+02 
    0.1777586149E+02     0.7224446646E-01    -0.5624764453E+00     0.1000000000E+01     0.0000000000E+00     0.1000000000E+01     0.0000000000E+00     0.1463095135E+02 
    0.1844032271E+02     0.2789970315E-01    -0.5938965520E+00     0.1000000000E+01     0.0000000000E+00     0.1000000000E+01     0.0000000000E+00     0.1411350990E+02 
    0.1911697587E+02    -0.2210520912E-01    -0.6257892189E+00     0.1000000000E+01     0.0000000000E+00     0.1000000000E+01     0.0000000000E+00     0.1363776168E+02 
    0.1980582098E+02    -0.7818765250E-01    -0.6580443348E+00     0.1000000000E+01     0.0000000000E+00     0.1000000000E+01     0.0000000000E+00     0.1320087892E+02 
    0.2050685805E+02    -0.1407885026E+00    -0.6905393836E+00     0.1000000000E+01     0.0000000000E+00     0.1000000000E+01     0.0000000000E+00     0.1280037484E+02 
    0.2122008706E+02    -0.2103734506E+00    -0.7231390699E+00     0.1000000000E+01     0.0000000000E+00     0.1000000000E+01     0.0000000000E+00     0.1243407069E+02 
    0.2194550802E+02    -0.2874344069E+00    -0.7556950657E+00     0.1000000000E+01     0.0000000000E+00     0.1000000000E+01     0.0000000000E+00     0.1210006799E+02 
    0.2268312092E+02    -0.3724909895E+00    -0.7880459092E+00     0.1000000000E+01     0.0000000000E+00     0.1000000000E+01     0.0000000000E+00     0.1179672520E+02 
    0.2343292578E+02    -0.4660921020E+00    -0.8200170908E+00     0.1000000000E+01     0.0000000000E+00     0.1000000000E+01     0.0000000000E+00     0.1152263837E+02 
    0.2419492259E+02    -0.5700366499E+00    -0.8514423004E+00     0.1000000000E+01     0.0000000000E+00     0.1000000000E+01     0.0000000000E+00     0.1127634809E+02 
    0.2496911134E+02    -0.7131533502E+00    -0.8828942167E+00     0.1000000000E+01     0.0000000000E+00     0.1000000000E+01     0.0000000000E+00     0.1104725678E+02 
    0.2575549205E+02    -0.9027666657E+00    -0.9143053885E+00     0.1000000000E+01     0.0000000000E+00     0.1000000000E+01     0.0000000000E+00     0.1083440894E+02 
    0.2655406470E+02    -0.1127061032E+01    -0.9449252084E+00     0.1000000000E+01     0.0000000000E+00     0.1000000000E+01     0.0000000000E+00     0.1064460737E+02 
    0.2736482930E+02    -0.1367789013E+01    -0.9739302059E+00     0.1000000000E+01     0.0000000000E+00     0.1000000000E+01     0.0000000000E+00     0.1048407487E+02 
    0.2818778585E+02    -0.1601916054E+01    -0.1000539618E+01     0.1000000000E+01     0.0000000000E+00     0.1000000000E+01     0.0000000000E+00     0.1035756743E+02 
    0.2902293435E+02    -0.1804814435E+01    -0.1445690240E+01     0.1000000000E+01     0.0000000000E+00     0.1000000000E+01     0.0000000000E+00     0.7273726854E+01 
    0.2987027480E+02    -0.1954519686E+01    -0.1874510640E+01     0.1000000000E+01     0.0000000000E+00     0.1000000000E+01     0.0000000000E+00     0.5691061473E+01 
    0.3072980720E+02    -0.2035952347E+01    -0.2219884602E+01     0.1000000000E+01     0.0000000000E+00     0.1000000000E+01     0.0000000000E+00     0.4874286994E+01 
    0.3160153154E+02    -0.2043622441E+01    -0.2498531861E+01     0.1000000000E+01     0.0000000000E+00     0.1000000000E+01     0.0000000000E+00     0.4391680643E+01 
    0.3248544784E+02    -0.1994965062E+01    -0.2727902747E+01     0.1000000000E+01     0.0000000000E+00     0.1000000000E+01     0.0000000000E+00     0.4078280789E+01 
    0.3338155608E+02    -0.1907656260E+01    -0.2924295570E+01     0.1000000000E+01     0.0000000000E+00     0.1000000000E+01     0.0000000000E+00     0.3856502347E+01 
    0.3428985627E+02    -0.1791814592E+01    -0.3098515678E+01     0.1000000000E+01     0.0000000000E+00     0.1000000000E+01     0.0000000000E+00     0.3688847590E+01 
    0.3521034842E+02    -0.1654180484E+01    -0.3257052871E+01     0.1000000000E+01     0.0000000000E+00     0.1000000000E+01     0.0000000000E+00     0.3556083341E+01 
    0.3614303251E+02    -0.1500531776E+01    -0.3403868351E+01     0.1000000000E+01     0.0000000000E+00     0.1000000000E+01     0.0000000000E+00     0.3447474932E+01 
    0.3708790855E+02    -0.1336992586E+01    -0.3541439217E+01     0.1000000000E+01     0.0000000000E+00     0.1000000000E+01     0.0000000000E+00     0.3356587378E+01 
    0.3804497653E+02    -0.1170744365E+01    -0.3671408662E+01     0.1000000000E+01     0.0000000000E+00     0.1000000000E+01     0.0000000000E+00     0.3279272520E+01 
    0.3901423647E+02    -0.1010463999E+01    -0.3795017621E+01     0.1000000000E+01     0.0000000000E+00     0.1000000000E+01     0.0000000000E+00     0.3212619839E+01 
    0.3999568836E+02    -0.8668398103E+00    -0.3913385086E+01     0.1000000000E+01     0.0000000000E+00     0.1000000000E+01     0.0000000000E+00     0.3154391399E+01 
    0.4098933219E+02    -0.7396953445E+00    -0.4025257324E+01     0.1000000000E+01     0.0000000000E+00     0.1000000000E+01     0.0000000000E+00     0.3104583537E+01 
    0.4199516798E+02    -0.6142429215E+00    -0.4130158672E+01     0.1000000000E+01     0.0000000000E+00     0.1000000000E+01     0.0000000000E+00     0.3062629789E+01 
    0.4301319571E+02    -0.4900466114E+00    -0.4228909468E+01     0.1000000000E+01     0.0000000000E+00     0.1000000000E+01     0.0000000000E+00     0.3027150720E+01 
    0.4404341539E+02    -0.3671146350E+00    -0.4321963636E+01     0.1000000000E+01     0.0000000000E+00     0.1000000000E+01     0.0000000000E+00     0.2997236162E+01 
    0.4508582702E+02    -0.2454540862E+00    -0.4409726611E+01     0.1000000000E+01     0.0000000000E+00     0.1000000000E+01     0.0000000000E+00     0.2972144584E+01 
    0.4614043060E+02    -0.1250709474E+00    -0.4492562239E+01     0.1000000000E+01     0.0000000000E+00     0.1000000000E+01     0.0000000000E+00     0.2951265608E+01 
    0.4720722613E+02    -0.5970108128E-02    -0.4570798483E+01     0.1000000000E+01     0.0000000000E+00     0.1000000000E+01     0.0000000000E+00     0.2934092115E+01 
    0.4828621361E+02     0.1118446122E+00    -0.4644732169E+01     0.1000000000E+01     0.0000000000E+00     0.1000000000E+01     0.0000000000E+00     0.2920199196E+01 
    0.4937739303E+02     0.2283704398E+00    -0.4714632968E+01     0.1000000000E+01     0.0000000000E+00     0.1000000000E+01     0.0000000000E+00     0.2909228057E+01 
    0.5048076441E+02     0.3436056180E+00    -0.4780746743E+01     0.1000000000E+01     0.0000000000E+00     0.1000000000E+01     0.0000000000E+00     0.2900873570E+01 
    0.5159632773E+02     0.4575493779E+00    -0.4843298397E+01     0.1000000000E+01     0.0000000000E+00     0.1000000000E+01     0.0000000000E+00     0.2894874542E+01 
    0.5272408301E+02     0.5702019059E+00    -0.4902494294E+01     0.1000000000E+01     0.0000000000E+00     0.1000000000E+01     0.0000000000E+00     0.2891006035E+01 
