natx =      445
    x       y        z       iph  
      0.00000      0.00000      0.00000   0      0.00000
      0.28888     -0.70113      1.69494   2      1.85684
     -0.07508     -0.34736     -1.82259   2      1.85691
      5.37866     -6.20037     -5.73285   2     10.01200
      0.09657     -6.45975     -7.66225   3     10.02236
      7.91121     -3.30189      5.22772   2     10.04086
     -2.85186     -9.03383      3.39038   3     10.06170
      2.54494      8.21027      5.27424   2     10.08478
     -8.03061     -3.23164      5.20202   2     10.09927
      7.98881      2.55273     -5.69003   2     10.13479
     -7.95302      2.62298     -5.71573   2     10.13904
     -2.76900      8.23369      5.26568   2     10.15817
     -5.88905     -8.11504      1.67457   3     10.16558
      2.54947      2.39439     -9.57625   2     10.19497
     -0.94063     -4.31947      9.19319   3     10.20085
     -6.56967     -7.59206     -1.98392   3     10.23405
      9.31982      3.82644     -1.90313   3     10.25293
      7.96875      5.28496     -3.71611   1     10.25872
     -2.76448      2.41781     -9.58481   2     10.26434
     -2.62987     -6.19841     -7.75313   1     10.26876
     -7.92685     -3.12140     -5.74327   2     10.27440
      7.46797     -6.85660      1.70931   3     10.28131
     -5.24805      5.12392      7.20721   3     10.28302
      2.68407     -6.22182     -7.74457   1     10.29046
      4.34715      1.40149      9.22930   3     10.29766
     -7.97307      5.35521     -3.74182   1     10.30773
      5.37983      5.07709      7.22435   3     10.33976
      4.44751     -7.80104      5.13596   3     10.34479
     -0.94040      3.63962     -9.64047   3     10.34746
      8.01497     -3.19165     -5.71757   2     10.34973
      4.66034      9.07124      1.77434   3     10.35154
     -1.30710     -4.70271     -9.14535   3     10.36636
      7.02689     -5.02341     -5.79963   3     10.40421
      2.64870      8.32052     -5.67105   2     10.41189
      1.73459     -4.92849      9.01475   3     10.41943
     -2.66524      8.34393     -5.67962   2     10.43948
      5.24524      8.28092     -3.64581   1     10.45840
     10.02660     -2.44092      1.72782   3     10.46309
      2.57563     -3.34998     -9.60379   2     10.49233
    -10.33900     -0.65429      1.67781   2     10.49467
     -5.25375     -0.33766      9.10051   2     10.51357
     -2.73831     -3.32656     -9.61236   2     10.53384
     -5.26969      5.05242     -7.61573   3     10.54969
      3.97972      9.59423     -1.88415   3     10.55639
      5.35819      5.00558     -7.59860   3     10.55958
     -5.38264      8.32776     -3.66295   1     10.57079
      5.37413     -0.38449      9.11764   2     10.59058
      0.03402      5.38330      9.13662   2     10.60466
    -10.62790      0.04683     -0.01714   3     10.62802
     10.62790     -0.04683      0.01714   3     10.62802
      9.24964     -4.74617     -2.28297   3     10.64396
     -7.94834     -0.35911      7.08879   1     10.65627
     10.00040      3.30346      1.75536   3     10.67718
     -8.94110      0.79121     -5.79779   3     10.68568
      7.99348     -0.42936      7.11449   1     10.70962
     -7.92074     -6.13354     -3.79690   1     10.71330
     10.55280     -0.39419     -1.80545   2     10.71339
     -2.69051     -8.99943      5.18304   2     10.72812
      2.62344     -9.02285      5.19161   2     10.73532
      2.07554     10.39990      1.78337   3     10.75389
     -1.35207    -10.44370     -2.32764   3     10.78503
      8.02108     -6.20379     -3.77120   1     10.81881
      4.39971     -2.12817     -9.65944   3     10.82549
     -0.94492      9.45549      5.21002   3     10.83713
     -3.57935     -4.90508      9.00618   3     10.86199
    -10.70300     -0.30052     -1.83972   2     10.86412
     -5.19573     -6.36483      7.15213   3     10.89310
     -2.58675     -8.88919     -5.76225   2     10.90470
      5.19781     -0.42190     -9.60522   2     10.92957
      0.23655     10.78760      1.75003   2     10.93119
      0.08635     -6.10545      9.08153   2     10.94341
      2.72719     -8.91260     -5.75368   2     10.95339
     -0.14229      5.34589     -9.58625   2     10.97702
     -0.03813      8.28022      7.21129   1     10.98026
      9.31626      1.06634      5.72227   3     10.98518
     -8.47385     -6.78635      1.68360   3     10.98614
      7.86288      2.76385      7.19400   3     11.00988
     -5.30414     -8.90536     -3.74558   1     11.02128
     -5.96754      9.11808      1.75720   3     11.03806
      4.00684     -4.72612     -9.13679   3     11.03956
     -6.32854      7.12119     -5.58324   3     11.04239
      5.43215     -6.41166      7.16926   3     11.04608
     -5.43007     -0.37507     -9.62236   2     11.05514
     -3.23841     10.42330      1.77480   3     11.05814
      0.18447     -0.55807     11.04640   3     11.06203
      5.32374     -8.95220     -3.72844   1     11.06279
      7.88904     -2.98052      7.16646   3     11.06701
      4.37331     -4.34289      9.20176   3     11.07515
     10.91680     -0.74796      1.71208   2     11.07552
      7.97184     -0.50087     -7.70846   1     11.10052
      6.97456      6.46533     -5.74454   3     11.11057
     -7.96998     -0.43062     -7.73416   1     11.11410
     10.58380      0.01349      3.39638   3     11.11541
    -10.46500     -0.58274     -3.79365   3     11.14664
     -8.05278     -2.91027      7.14076   3     11.14932
     -6.65173      6.88096      5.72411   3     11.15162
     -6.18037     -7.75421      5.11883   3     11.15917
     -8.07894      2.83410      7.16830   3     11.16628
      4.37354      3.61620     -9.63190   3     11.17937
    -10.67200      0.10716      3.36212   3     11.18959
     -0.05977      8.20872     -7.61166   1     11.19482
      7.79115      8.06895      0.03956   3     11.21657
      9.63945      1.30657     -5.58508   3     11.21692
      9.73529     -2.08009      5.17207   3     11.21842
     -6.28073      1.44832      9.21217   3     11.24319
      7.84124      2.69235     -7.62894   3     11.26652
     -0.12741     11.14140     -1.76750   2     11.28145
     -5.21737     -6.43633     -7.67082   3     11.29109
      1.68226      6.56025      9.06983   3     11.31939
     -6.64720      1.06508     -9.12638   3     11.34066
     -2.61132     -0.34108     11.06220   1     11.37135
      7.86740     -3.05203     -7.65649   3     11.39442
      5.41052     -6.48316     -7.65369   3     11.39667
      2.70262     -0.36450     11.07070   1     11.40164
     -1.35943      6.78604     -9.09027   3     11.42503
      3.96187    -10.46710     -2.31908   3     11.42956
     -0.08996     -6.14286     -9.64133   2     11.43233
     -0.06571     -0.01118    -11.44370   3     11.44389
      0.04037     -8.95290      7.12866   1     11.44438
     10.79070     -0.67640     -3.75938   3     11.44682
     -0.02089      2.63147     11.14100   1     11.44757
      2.52277      8.53164      7.21298   3     11.45340
      0.11051     10.85920     -3.72143   3     11.47970
     10.58540      2.51313     -3.66479   1     11.48030
     -8.10058      2.76260     -7.65465   3     11.48238
      7.88840      8.15171     -1.78207   2     11.48273
      7.02236      0.79246      9.05086   3     11.48301
      0.05233    -11.48870     -0.05509   3     11.48895
     -0.05233     11.48870      0.05509   3     11.48895
     -8.15067      8.13921      0.01386   3     11.51870
     -2.79117      8.55506      7.20441   3     11.52750
     -8.07442     -2.98178     -7.68219   3     11.53704
      0.00527     -3.11290     11.11350   1     11.54123
      2.60127     -8.70148      7.13035   3     11.54661
     -2.71267     -8.67806      7.12178   3     11.54933
    -10.67040      2.60680     -3.69906   1     11.59034
    -11.22920     -2.34725      1.69355   3     11.59623
      9.70912      3.66429      5.19962   3     11.60733
      9.19732      6.74258     -2.22788   3     11.61966
      4.36902      9.43208      5.21859   3     11.63126
     -0.93610    -10.13530     -5.65730   3     11.64498
     -8.05342      8.22196     -1.80777   2     11.65016
      2.50113      8.46014     -7.60997   3     11.65081
      2.47271      2.78542     11.04820   3     11.65914
     -7.73969     -8.56257      1.65444   2     11.66008
    -10.36520      5.09008      1.70535   2     11.67281
      2.49887     -2.95895     11.02060   3     11.68133
     10.61150     -3.23124     -3.69233   1     11.69094
     -6.22817     -2.08134     -9.67658   3     11.69437
    -10.64420     -3.13757     -3.72660   1     11.70602
     -2.81507     -2.93554     11.01210   3     11.73918
     -2.84123      2.80884     11.03960   3     11.74031
      7.69753      8.15246      3.49015   3     11.74290
     -0.99296      7.16928      9.24827   3     11.74372
     -2.81281      8.48355     -7.61853   3     11.74413
     -8.91493     -4.95316     -5.82533   3     11.74497
     10.53340     -0.37382      5.22629   2     11.76462
     -3.63168      6.58367      9.06127   3     11.77457
     -7.81818      8.67055      1.73707   2     11.80338
     -5.27991      5.40672      9.12805   2     11.85037
      2.38812      2.36000    -11.36890   3     11.85431
      0.01873     -9.02440     -7.69429   1     11.85927
     -6.64816      9.64106     -1.90129   3     11.86436
      5.34797      5.35988      9.14518   2     11.87280
     -1.25929    -10.37560      5.65005   3     11.88116
    -11.25530      3.39712      1.72109   3     11.88210
      9.34242     -4.67804      5.69473   3     11.89936
      0.00825    -11.42840      3.32416   3     11.90203
     -6.25457     -4.29605      9.18462   3     11.91356
    -10.72240     -0.28015      5.19202   2     11.91660
     10.52660      5.35018     -1.77791   2     11.94130
      7.96732      5.31501      7.14203   1     11.94722
      2.62865     11.05270     -3.69714   1     11.94742
      2.57963     -8.77298     -7.69260   3     11.94972
      8.12364      8.60029      1.76277   2     11.96101
     -7.97450      5.38526      7.11633   1     11.96812
     -2.73432     -8.74957     -7.70117   3     11.97245
     -0.02275    -11.83610     -1.87767   2     11.98413
     -2.68529     11.07620     -3.70571   1     11.98438
     -2.92583      2.38342    -11.37750   3     11.98702
      3.95451      6.76262     -9.08170   3     11.99368
     -1.40440      1.04504     -2.27256   3      2.86862
      2.12786     -1.08881      1.72828   3      2.94962
     -1.28189     -1.87110     -1.94781   3      2.98969
     -0.60127     -2.39408      1.71068   3      3.00326
     -0.04408      0.06033      3.37925   3      3.38008
      2.50337      2.34800      0.00345   3      3.43220
     -2.81057      2.37141     -0.00512   3      3.67735
     -3.18608     -1.06540      1.71971   3      3.77407
     -0.62744      3.35029      1.73823   3      3.82617
      0.16283     -0.62957     -3.77652   3      3.83210
      2.60062      2.43075     -1.81818   2      3.99719
     -2.71332      2.45417     -1.82675   2      4.08926
     -2.45191     -2.84162      1.69055   2      4.11639
     -2.47808      2.90275      1.71809   2      4.18553
      2.52954     -3.39637     -0.02410   3      4.23491
     -2.78441     -3.37296     -0.03266   3      4.37388
      2.86203     -2.86504      1.69911   2      4.39166
      2.83587      2.87934      1.72666   2      4.39478
     -0.04253      2.55997     -3.68193   1      4.48463
     -1.30806      3.87327     -1.92026   3      4.51671
     -2.63296     -0.41258     -3.76079   1      4.60936
      2.62679     -3.31362     -1.84573   2      4.61376
      3.90954      1.02162     -2.26399   3      4.63183
      2.68098     -0.43600     -3.75223   1      4.63217
     -2.68715     -3.29020     -1.85430   2      4.63515
      4.03205     -1.89452     -1.93924   3      4.85873
      2.40976      2.43150      3.45404   3      4.86308
     -0.01637     -3.18441     -3.70947   1      4.88885
     -2.90419      2.45492      3.44547   3      5.13149
     -0.09449     -0.32698      5.20916   2      5.22027
      2.45107      2.71392     -3.77475   3      5.25565
     -5.31394      0.02342     -0.00857   3      5.31400
      5.31394     -0.02342      0.00857   3      5.31400
      0.26271      5.04325      1.72249   2      5.33576
     -5.02506     -0.67771      1.68637   2      5.34363
      2.43592     -3.31287      3.42649   3      5.35254
      2.10170      4.65556      1.75582   3      5.40132
     -1.37824     -4.69933     -2.30010   3      5.41052
      2.47723     -3.03046     -3.80230   3      5.45691
     -2.86287      2.73733     -3.78332   3      5.47745
     -2.87802     -3.28945      3.41792   3      5.54848
      5.23886     -0.37077     -1.81402   2      5.55642
      4.71267     -2.41750      1.71925   3      5.56861
     -0.89259     -2.03325      5.15494   3      5.61286
     -2.83671     -3.00704     -3.81087   3      5.62245
     -0.10124      5.39702     -1.79504   2      5.68861
     -5.38902     -0.32394     -1.83116   2      5.70084
      0.03855     -0.43258     -5.71387   2      5.73035
      0.02617     -5.74437     -0.02754   3      5.74450
     -0.02617      5.74437      0.02754   3      5.74450
     -0.98843      1.35340     -5.60222   3      5.84753
      4.00589      3.84986     -1.91170   3      5.87564
      5.60282     -0.72454      1.70351   2      5.90072
     -3.21224      4.67898      1.74726   3      5.93837
     -1.31162      1.11317      5.70514   3      5.95887
      4.68650      3.32687      1.74679   3      6.00688
      1.68678      0.74438     -5.78066   3      6.06757
      5.26987      0.03691      3.38782   3      6.26500
     -5.35802      0.08374      3.37068   3      6.33063
      2.57111      2.46590      5.24670   2      6.34186
      0.13667      5.11480     -3.74897   3      6.34308
     -0.04891     -6.09173     -1.85013   2      6.36667
     -2.74283      2.48931      5.23813   2      6.41543
     -5.15111     -0.60615     -3.78509   3      6.42092
     -0.91876      3.71112      5.18248   3      6.44008
      3.93571     -4.72275     -2.29153   3      6.56089
     -5.91521     -2.37067      1.70212   3      6.59598
     -0.01791     -5.68405      3.35171   3      6.59869
      0.31504     -6.44550      1.66740   2      6.66513
      5.47677     -0.65299     -3.76795   3      6.67973
      2.59727     -3.27847      5.21916   2      6.68833
     -2.71667     -3.25506      5.21059   2      6.71759
     -0.07024      5.80470      3.40679   3      6.73095
      2.67487      2.57614     -5.69860   2      6.80187
     -2.63908      2.59956     -5.70716   2      6.80398
     -3.62716      0.76780     -5.78922   3      6.87465
      5.27141      2.53655     -3.67336   1      6.90764
     -5.35647      2.58338     -3.69049   1      6.99895
      2.65481      5.30837     -3.72468   1      7.00714
     -2.65913      5.33179     -3.73325   1      7.03108
     -2.61291     -3.14481     -5.73471   2      7.04301
     -5.94138      3.37371      1.72966   3      7.04795
      4.00232      1.08975      5.71370   3      7.06063
      2.70103     -3.16823     -5.72614   2      7.07968
      4.42135     -2.05667      5.16350   3      7.10211
     -6.59583     -1.84768     -1.95637   3      7.12364
     -6.71834      1.06846     -2.28112   3      7.17504
      4.32551      1.32998     -5.59365   3      7.19498
     -0.96227     -4.39097     -5.62976   3      7.20422
      5.29757     -3.20782     -3.70090   1      7.21464
      0.09205     -0.64387      7.18824   3      7.21761
     -5.33031     -3.16099     -3.71804   1      7.22689
     -1.43057      6.78941     -2.24501   3      7.29265
     -5.05123      5.06666      1.71392   2      7.35687
      2.15403     -6.83319      1.70074   3      7.36375
      5.21945     -0.35040      5.21772   2      7.38851
      0.18900     -6.37394     -3.80406   3      7.42521
     -1.28546     -4.63120      5.67759   3      7.43878
     -5.40843     -0.30357      5.20059   2      7.50929
     -0.12065      5.41739      5.23670   2      7.53563
     -2.63440     -0.38253      7.09736   1      7.58017
      2.67954     -0.40595      7.10592   1      7.60518
     -0.01196      2.53585      7.18374   1      7.61819
      0.07041     -0.71537     -7.63471   3      7.66848
     -2.60680     -6.15695     -3.78834   1      7.68472
     -3.15991     -6.80977      1.69217   3      7.69555
      5.21270      5.37360     -1.78648   2      7.69671
      5.57665      5.01983      1.73105   2      7.70028
      7.44181     -1.11223      1.73685   3      7.72232
      2.70714     -6.18037     -3.77977   1      7.73384
      4.39518      3.68770      5.19105   3      7.73717
      0.01239      5.31180     -5.68633   2      7.78137
     -5.28778     -5.72096     -0.03611   3      7.79046
      5.28778      5.72096      0.03611   3      7.79046
     -5.27539     -0.40916     -5.72244   2      7.79381
      5.35249     -0.45599     -5.70531   2      7.83630
      0.01420     -3.20852      7.15620   1      7.84258
      1.71295     -5.00000     -5.80820   3      7.85299
     -5.34011      5.76779      0.01898   3      7.86031
      5.34011     -5.76779     -0.01898   3      7.86031
     -5.41518      5.42043     -1.80361   2      7.87136
     -6.62200      3.89669     -1.92883   3      7.92183
     -1.25573     -7.61547     -1.97535   3      7.96707
     -0.06832     -6.07136      5.18161   2      7.98218
     -0.03360      2.46435     -7.63920   1      8.02693
      3.88338      6.76600     -2.23645   3      8.11549
      2.54894      2.78727      7.18544   3      8.11767
      7.81731      2.32458      0.01201   3      8.15562
      2.57510     -2.95711      7.15789   3      8.16156
      2.65790     -0.47745     -7.71702   1      8.17587
     -2.65604     -0.45403     -7.72559   1      8.18202
     -2.76500      2.81068      7.17687   3      8.18857
     -2.73884     -2.93369      7.14932   3      8.19881
     -5.17727      5.13822     -3.75754   3      8.20515
      5.26503     -6.11515     -1.84156   2      8.27689
     -4.99890     -6.42208      1.65883   2      8.30565
     -5.36285     -6.06831     -1.85870   2      8.30899
     -6.20653     -2.00983      5.14637   3      8.30937
     -0.57511     -8.13846      1.68314   3      8.33056
     -0.00744     -3.28003     -7.66675   1      8.33893
      5.45061      5.09139     -3.74041   3      8.34398
      4.35167     -4.41439     -5.62119   3      8.36789
      4.02848     -4.65462      5.68616   3      8.38013
     -7.76585     -2.81820      1.68198   2      8.43088
      0.06471     -6.17695     -5.74142   2      8.43343
     -3.60099     -4.97658     -5.81677   3      8.45980
      2.47721      8.09237      0.03099   3      8.46310
     -5.33185     -5.66063      3.34314   3      8.46451
      7.91456      2.40733     -1.80962   2      8.46819
     -8.12451      2.39483     -0.01369   3      8.47013
      5.29603     -5.70746      3.36027   3      8.48024
     -6.69218     -4.67591     -2.30867   3      8.48407
      2.52730      2.71576     -7.63751   3      8.49083
     -7.79202      2.92617      1.70952   2      8.49709
      5.24370      5.78128      3.41536   3      8.51964
     -6.30237      1.37682     -5.61078   3      8.54964
      7.84348     -3.41979     -0.01553   3      8.55660
     -2.78664      2.73918     -7.64608   3      8.58668
     -2.83673      8.11579      0.02242   3      8.59730
     -8.02726      2.47759     -1.83532   2      8.59906
      2.55346     -3.02861     -7.66505   3      8.62819
     -5.38418      5.82812      3.39823   3      8.63159
     -2.76048     -3.00519     -7.67362   3      8.69114
     -8.50002     -1.04198      1.71115   3      8.73293
      5.62898     -6.46892      1.67597   2      8.73735
      2.57446      8.17512     -1.79064   2      8.75596
     -8.09835     -3.34954     -0.04123   3      8.76381
      7.72370      2.40809      3.46260   3      8.80023
     -7.94690     -0.38916     -3.76936   1      8.80413
      7.94073     -3.33704     -1.83716   2      8.80717
      8.14981      2.85592      1.73522   2      8.80833
     -6.62556      1.13658      5.69657   3      8.81140
     -2.73948      8.19854     -1.79921   2      8.82938
      1.66062      6.48875     -5.75311   3      8.82949
      0.06588      5.10050      7.21578   3      8.83668
      8.17597     -2.88845      1.70768   2      8.83775
      7.99492     -0.45942     -3.74366   1      8.83995
     -8.00109     -3.26679     -1.86286   2      8.84079
      4.05821     -7.63889     -1.96678   3      8.87073
     -5.22189     -0.62045      7.17967   3      8.89948
      7.41564      4.63214      1.76439   3      8.91973
     -6.23270      3.73454      5.17391   3      8.91979
     -5.12494     -6.35053     -3.81263   3      9.00724
      5.40599     -0.66729      7.19680   3      9.02574
     -1.33779      6.85754      5.73268   3      9.03765
      7.76501      2.69050     -3.76619   3      9.03982
     -0.06870      8.30434     -3.65438   1      9.07311
     -2.42575     -8.58599      1.66300   2      9.07574
     -1.01460      7.09777     -5.57467   3      9.08211
      7.00072      0.72096     -5.77209   3      9.10203
      7.74986     -3.33629      3.43506   3      9.10993
      0.06019     -0.36107      9.10907   2      9.11642
      0.04425      5.02900     -7.60717   3      9.11931
      5.19329      5.39397      5.24527   2      9.14210
     -2.50424      8.64713      1.74563   2      9.17013
      7.79117     -3.05387     -3.79373   3      9.18808
      2.38359      8.17588      3.48158   3      9.20043
      2.88819     -8.60941      1.67157   2      9.23351
      2.80970      8.62371      1.75420   2      9.23797
      1.70842      0.81588      9.04229   3      9.23836
     -8.21813      2.47834      3.43690   3      9.24619
      5.50294     -6.39736     -3.79549   3      9.25280
     -1.33326      1.04167     -9.11781   3      9.27346
      5.30198      2.51243      7.19231   1      9.28184
     -0.65360      9.09466      1.76577   3      9.28752
     -5.24353     -0.69196     -7.64328   3      9.29479
     -5.32590      2.55927      7.17518   1      9.29507
      2.65338      5.33843      7.13347   1      9.29654
     -5.43459      5.44081      5.22813   2      9.29895
     -2.66056      5.36184      7.12490   1      9.30549
     -0.86643     -7.77762      5.12739   3      9.35586
      5.38435     -0.73879     -7.62614   3      9.36456
     -2.93035      8.19929      3.47301   3      9.37428
     -0.96679      1.42490      9.22073   3      9.38013
      5.32633      5.28838     -5.67776   2      9.41136
     -8.17681      2.76075     -3.79189   3      9.42658
     -3.65332      6.51217     -5.76168   3      9.43144
     -5.30155      5.33521     -5.69490   2      9.43413
     -5.29974     -3.18511      7.14763   1      9.45097
     -8.19196     -3.26604      3.40936   3      9.45510
     -8.15065     -2.98362     -3.81943   3      9.48278
      2.55570     -9.14075     -0.05164   3      9.49145
      5.32814     -3.23194      7.16477   1      9.49571
     -6.27621     -4.36756     -5.63833   3      9.50038
     -2.75824     -9.11733     -0.06021   3      9.52561
      9.22348      0.99821     -2.25542   3      9.54756
      2.42490      8.45829     -3.74721   3      9.56370
      5.24562     -6.09477      5.19018   2      9.57083
      4.73883     -8.16187      1.69171   3      9.58825
      5.28034      2.44093     -7.63064   1      9.59514
      0.11821     -6.38824      7.16069   3      9.59683
     -2.66099     -9.03458     -1.88184   2      9.60447
     -5.38226     -6.04794      5.17305   2      9.60764
      2.65295     -9.05800     -1.87327   2      9.62261
     -0.11613     -0.39849     -9.61379   2      9.62275
     -5.34754      2.48776     -7.64777   1      9.65782
      0.00980     -8.92878     -3.73701   1      9.67928
      2.63174      5.26692     -7.68948   1      9.68476
     -2.60824     -6.12690      7.06981   1      9.71206
     -2.88904      8.48171     -3.75578   3      9.71555
     -2.68220      5.29034     -7.69805   1      9.71812
      9.34599     -1.91793     -1.93067   3      9.73414
      2.70571     -6.15032      7.07838   1      9.75965
     -3.60552      0.83930      9.03372   3      9.76280
      3.97615      6.83413      5.74125   3      9.77124
      7.88505      2.44248      5.25527   2      9.78558
     -6.59940     -4.60779      5.66903   3      9.84488
     -6.74451      6.81283     -2.25358   3      9.84793
     -2.61744      2.67106      9.11578   2      9.85307
      2.69651      2.64764      9.12435   2      9.87598
      5.30650     -3.30344     -7.65818   1      9.88531
     -8.52618      4.70239      1.73869   3      9.89097
     -5.32138     -3.25661     -7.67531   1      9.89106
     -1.33422      9.61765     -1.89272   3      9.89251
      2.50340     -8.77483     -3.82984   3      9.89608
     -5.24923     -6.15353     -5.74998   2      9.92384
     -8.05678      2.51273      5.22957   2      9.92844
     -0.91423     -2.10475     -9.66801   3      9.93661
     -2.59127     -3.07331      9.08824   2      9.93761
     -2.81054     -8.75141     -3.83841   3      9.96091
      4.29934      7.07436     -5.56610   3      9.97559
      2.46208     -9.05724      3.39895   3      9.98240
      2.72267     -3.09673      9.09681   2      9.98772
      3.98068      1.01825     -9.10924   3      9.99304
