 # it. E_fermi(eV)  Charge Distance  Partial Chg. D.  Convergence
  0       3.433          0.000         0.0000     0
  1      -6.298         0.1677         6.8235     0
  2      -6.616         0.2656         0.3695     0
  3      -6.419         0.0777         0.2945     0
  4      -6.246         0.0123         0.2001     0
  5      -6.250         0.0007         0.0315     0
  6      -6.282         0.0030         0.0052     0
  7      -6.312         0.0024         0.0033     0
  8      -6.315         0.0059         0.0006     0
  9      -6.321         0.0001         0.0019     0
 10      -6.321         0.0000         0.0004     0
 11      -6.322         0.0001         0.0004     0
 12      -6.322         0.0000         0.0001     1
