 # it. E_fermi(eV)  Charge Distance  Partial Chg. D.  Convergence
  0       5.396          0.000         0.0000     0
  1      -6.414         0.1729         6.7288     0
  2      -6.571         0.2561         0.3705     0
  3      -6.321         0.0516         0.2569     0
  4      -6.235         0.0092         0.1743     0
  5      -6.235         0.0012         0.0295     0
  6      -6.235         0.0016         0.0276     0
  7      -6.235         0.0065         0.0045     0
  8      -6.235         0.0918         0.0030     0
  9      -6.343         0.0496         0.0897     0
 10      -6.324         0.0444         0.0207     0
 11      -6.315         0.0094         0.0184     0
 12      -6.314         0.0019         0.0036     0
 13      -6.314         0.0002         0.0005     0
 14      -6.313         0.0006         0.0001     1
