 # it. E_fermi(eV)  Charge Distance  Partial Chg. D.  Convergence
  0       2.060          0.000         0.0000     0
  1      -6.803         0.2027         6.7134     0
  2      -7.181         0.2569         0.4681     0
  3      -7.113         0.0568         0.2767     0
  4      -6.952         0.0055         0.1919     0
  5      -6.952         0.0024         0.0193     0
  6      -6.969         0.0056         0.0014     0
  7      -6.999         0.0009         0.0017     0
  8      -7.000         0.0034         0.0002     0
  9      -7.000         0.0007         0.0020     0
 10      -7.000         0.0000         0.0011     0
 11      -7.000         0.0001         0.0002     1
