 # it. E_fermi(eV)  Charge Distance  Partial Chg. D.  Convergence
  0       4.363          0.000         0.0000     0
  1      -5.847         0.1449         6.9099     0
  2      -6.048         0.2659         0.3129     0
  3      -5.748         0.0626         0.3064     0
  4      -5.605         0.0184         0.1676     0
  5      -5.614         0.0024         0.0538     0
  6      -5.651         0.0014         0.0077     0
  7      -5.685         0.0023         0.0052     0
  8      -5.689         0.0057         0.0010     0
  9      -5.699         0.0004         0.0012     0
 10      -5.699         0.0003         0.0002     0
 11      -5.699         0.0001         0.0003     0
 12      -5.699         0.0001         0.0001     1
