 # it. E_fermi(eV)  Charge Distance  Partial Chg. D.  Convergence
  0       6.034          0.000         0.0000     0
  1      -6.388         0.1767         6.6893     0
  2      -6.513         0.2139         0.3976     0
  3      -6.246         0.0240         0.2184     0
  4      -6.154         0.0002         0.1471     0
  5      -6.154         0.0010         0.0196     0
  6      -6.154         0.0028         0.0039     0
  7      -6.154         0.0006         0.0061     0
  8      -6.154         0.0038         0.0006     0
  9      -6.247         0.0030         0.0269     0
 10      -6.245         0.0050         0.0038     0
 11      -6.240         0.0001         0.0066     0
 12      -6.240         0.0001         0.0001     1
