 # it. E_fermi(eV)  Charge Distance  Partial Chg. D.  Convergence
  0       0.716          0.000         0.0000     0
  1      -8.658         0.1721         6.6955     0
  2      -9.053         0.3523         0.4602     0
  3      -8.804         0.0981         0.3966     0
  4      -8.646         0.0111         0.2817     0
  5      -8.646         0.0126         0.0530     0
  6      -8.646         0.0087         0.0303     0
  7      -8.646         0.0160         0.0140     0
  8      -8.646         0.2198         0.0098     0
  9      -8.985         0.1238         0.1196     0
 10      -8.846         0.0775         0.0451     0
 11      -8.758         0.0024         0.0319     0
 12      -8.758         0.0109         0.0003     0
 13      -8.758         0.0007         0.0044     0
 14      -8.758         0.0001         0.0007     0
 15      -8.758         0.0002         0.0001     1
