 # it. E_fermi(eV)  Charge Distance  Partial Chg. D.  Convergence
  0       3.178          0.000         0.0000     0
  1      -7.585         0.1561         6.7475     0
  2      -7.787         0.1991         0.4542     0
  3      -7.157         0.0553         0.2366     0
  4      -7.084         0.0171         0.1904     0
  5      -7.084         0.0222         0.0641     0
  6      -7.211         0.0036         0.0821     0
  7      -7.211         0.0020         0.0246     0
  8      -7.211         0.0012         0.0142     0
  9      -7.211         0.0052         0.0038     0
 10      -7.211         0.0135         0.0081     0
 11      -7.211         0.0527         0.0101     0
 12      -7.287         0.0556         0.0420     0
 13      -7.230         0.0047         0.0302     0
 14      -7.227         0.0005         0.0023     0
 15      -7.226         0.0107         0.0003     0
 16      -7.226         0.0126         0.0095     0
 17      -7.226         0.0132         0.0093     0
 18      -7.226         0.0311         0.0098     0
 19      -7.303         0.0364         0.0578     0
 20      -7.263         0.0225         0.0196     0
 21      -7.238         0.0010         0.0126     0
 22      -7.238         0.0005         0.0005     0
 23      -7.238         0.0002         0.0003     0
 24      -7.238         0.0004         0.0001     1
