   -30.0000  6.503842E-03  5.959066E-04  9.518266E-05  5.228635E-05
   -29.5500  9.047977E-03  6.268815E-04  9.679895E-05  5.281664E-05
   -29.1000  1.344639E-02  6.605093E-04  9.847046E-05  5.335830E-05
   -28.6500  2.205796E-02  6.971117E-04  1.002004E-04  5.391176E-05
   -28.2000  4.264106E-02  7.370613E-04  1.019921E-04  5.447748E-05
   -27.7500  1.143450E-01  7.807918E-04  1.038494E-04  5.505595E-05
   -27.3000  8.088695E-01  8.288121E-04  1.057764E-04  5.564768E-05
   -26.8500  1.069649E+00  8.817211E-04  1.077775E-04  5.625322E-05
   -26.4000  1.275280E-01  9.402282E-04  1.098578E-04  5.687317E-05
   -25.9500  4.557266E-02  1.005180E-03  1.120227E-04  5.750816E-05
   -25.5000  2.314251E-02  1.077592E-03  1.142781E-04  5.815889E-05
   -25.0500  1.396750E-02  1.158694E-03  1.166310E-04  5.882605E-05
   -24.6000  9.343951E-03  1.249989E-03  1.190888E-04  5.951043E-05
   -24.1500  6.694223E-03  1.353324E-03  1.216601E-04  6.021292E-05
   -23.7000  5.037013E-03  1.471000E-03  1.243545E-04  6.093442E-05
   -23.2500  3.932958E-03  1.605914E-03  1.271831E-04  6.167599E-05
   -22.8000  3.161553E-03  1.761755E-03  1.301585E-04  6.243872E-05
   -22.3500  2.602323E-03  1.943295E-03  1.332954E-04  6.322384E-05
   -21.9000  2.185003E-03  2.156799E-03  1.366113E-04  6.403268E-05
   -21.4500  1.866468E-03  2.410657E-03  1.401266E-04  6.486685E-05
   -21.0000  1.619198E-03  2.716343E-03  1.438664E-04  6.572796E-05
   -20.5500  1.425174E-03  3.089965E-03  1.478613E-04  6.661833E-05
   -20.1000  1.272555E-03  3.554860E-03  1.521501E-04  6.753902E-05
   -19.6500  1.153977E-03  4.146187E-03  1.567835E-04  6.849856E-05
   -19.2000  1.066138E-03  4.919778E-03  1.618302E-04  6.948442E-05
   -18.7500  1.011486E-03  5.971070E-03  1.673901E-04  7.054492E-05
   -18.3000  1.007532E-03  7.483645E-03  1.736238E-04  7.090870E-05
   -17.8500  1.158708E-03  9.909600E-03  1.808465E-04  1.033793E-04
   -17.4000  3.389988E-03  1.617421E-02  1.909892E-04  3.826001E-05
   -16.9500  5.919291E-03  3.751841E-02  2.095810E-04  7.504257E-05
   -16.5000  7.352909E-03  8.275907E-02  2.482998E-04  7.686855E-05
   -16.0500  8.332906E-03  1.686667E-01  3.125357E-04  7.883448E-05
   -15.6000  9.052130E-03  3.243798E-01  4.066866E-04  8.157589E-05
   -15.1500  9.600267E-03  5.825544E-01  5.341878E-04  8.532076E-05
   -14.7000  1.002806E-02  9.167962E-01  6.978192E-04  9.038153E-05
   -14.2500  1.036753E-02  1.151112E+00  8.998737E-04  9.708885E-05
   -13.8000  1.064036E-02  1.133773E+00  1.142264E-03  1.057892E-04
   -13.3500  1.086189E-02  9.617427E-01  1.426590E-03  1.168404E-04
   -12.9000  1.104343E-02  7.751458E-01  1.754197E-03  1.306086E-04
   -12.4500  1.119348E-02  6.243198E-01  2.126206E-03  1.474661E-04
   -12.0000  1.131857E-02  5.114273E-01  2.543549E-03  1.677893E-04
   -11.5500  1.142381E-02  4.276751E-01  3.006991E-03  1.919564E-04
   -11.1000  1.151325E-02  3.646813E-01  3.517143E-03  2.203465E-04
   -10.6500  1.159012E-02  3.163269E-01  4.074487E-03  2.533378E-04
   -10.2000  1.165702E-02  2.784190E-01  4.679380E-03  2.913065E-04
    -9.7500  1.171608E-02  2.481091E-01  5.332066E-03  3.346258E-04
    -9.3000  1.176903E-02  2.234409E-01  6.032687E-03  3.836652E-04
    -8.8500  1.181729E-02  2.030471E-01  6.781287E-03  4.387892E-04
    -8.4000  1.186202E-02  1.859534E-01  7.577822E-03  5.003567E-04
    -7.9500  1.190420E-02  1.714520E-01  8.422162E-03  5.687207E-04
    -7.5000  1.194462E-02  1.590188E-01  9.314098E-03  6.442275E-04
    -7.0500  1.198395E-02  1.482594E-01  1.025334E-02  7.272157E-04
    -6.6000  1.202273E-02  1.388720E-01  1.123953E-02  8.180169E-04
    -6.1500  1.206140E-02  1.306222E-01  1.227225E-02  9.169542E-04
    -5.7000  1.210036E-02  1.233260E-01  1.335099E-02  1.024342E-03
    -5.2500  1.213988E-02  1.168364E-01  1.447518E-02  1.140487E-03
    -4.8000  1.218023E-02  1.110352E-01  1.564420E-02  1.265686E-03
    -4.3500  1.222160E-02  1.058265E-01  1.685737E-02  1.400226E-03
    -3.9000  1.226415E-02  1.011311E-01  1.811395E-02  1.544385E-03
    -3.4500  1.230801E-02  9.688380E-02  1.941311E-02  1.698433E-03
    -3.0000  1.235326E-02  9.302976E-02  2.075400E-02  1.862628E-03
    -2.5500  1.239999E-02  8.952300E-02  2.213571E-02  2.037219E-03
    -2.1000  1.244823E-02  8.632452E-02  2.355728E-02  2.222444E-03
    -1.6500  1.249802E-02  8.340100E-02  2.501765E-02  2.418533E-03
    -1.2000  1.254937E-02  8.072386E-02  2.651577E-02  2.625703E-03
    -0.7500  1.260227E-02  7.826841E-02  2.805051E-02  2.844164E-03
    -0.3000  1.265673E-02  7.601321E-02  2.962071E-02  3.074112E-03
     0.1500  1.271272E-02  7.393956E-02  3.122512E-02  3.315735E-03
     0.6000  1.277021E-02  7.203103E-02  3.286249E-02  3.569211E-03
     1.0500  1.282916E-02  7.027315E-02  3.453154E-02  3.834706E-03
     1.5000  1.288953E-02  6.865317E-02  3.623086E-02  4.112377E-03
     1.9500  1.295129E-02  6.715969E-02  3.795908E-02  4.402370E-03
     2.4000  1.301436E-02  6.578258E-02  3.971479E-02  4.704822E-03
     2.8500  1.307870E-02  6.451277E-02  4.149646E-02  5.019856E-03
     3.3000  1.314425E-02  6.334209E-02  4.330264E-02  5.347589E-03
     3.7500  1.321094E-02  6.226318E-02  4.513173E-02  5.688126E-03
     4.2000  1.327873E-02  6.126939E-02  4.698217E-02  6.041562E-03
     4.6500  1.334754E-02  6.035470E-02  4.885236E-02  6.407982E-03
     5.1000  1.341731E-02  5.951362E-02  5.074066E-02  6.787460E-03
     5.5500  1.348797E-02  5.874112E-02  5.264541E-02  7.180062E-03
     6.0000  1.355946E-02  5.803262E-02  5.456492E-02  7.585843E-03
     6.4500  1.363171E-02  5.738393E-02  5.649748E-02  8.004849E-03
     6.9000  1.370465E-02  5.679116E-02  5.844136E-02  8.437113E-03
     7.3500  1.377823E-02  5.625074E-02  6.039483E-02  8.882663E-03
     7.8000  1.385236E-02  5.575939E-02  6.235610E-02  9.341515E-03
     8.2500  1.392698E-02  5.531404E-02  6.432343E-02  9.813675E-03
     8.7000  1.400204E-02  5.491187E-02  6.629503E-02  1.029914E-02
     9.1500  1.407746E-02  5.455023E-02  6.826911E-02  1.079790E-02
     9.6000  1.415318E-02  5.422666E-02  7.024388E-02  1.130994E-02
    10.0500  1.422914E-02  5.393888E-02  7.221756E-02  1.183522E-02
    10.5000  1.430528E-02  5.368477E-02  7.418835E-02  1.237370E-02
    10.9500  1.438153E-02  5.346225E-02  7.615449E-02  1.292535E-02
    11.4000  1.445784E-02  5.326949E-02  7.811424E-02  1.349009E-02
    11.8500  1.453415E-02  5.310469E-02  8.006575E-02  1.406787E-02
    12.3000  1.461039E-02  5.296619E-02  8.200731E-02  1.465861E-02
    12.7500  1.468652E-02  5.285242E-02  8.393726E-02  1.526223E-02
    13.2000  1.476247E-02  5.276189E-02  8.585377E-02  1.587865E-02
    13.6500  1.483820E-02  5.269320E-02  8.775522E-02  1.650775E-02
    14.1000  1.491364E-02  5.264501E-02  8.963994E-02  1.714944E-02
    14.5500  1.498876E-02  5.261601E-02  9.150630E-02  1.780361E-02
    15.0000  1.506349E-02  5.260512E-02  9.335271E-02  1.847012E-02
