# comment:                                                         FEFF 9.6.4
# Source:
# Structure
# Reduced
# space
# abc:
# angles:
# sites:
# POT  SCF  30  4.5000   0, screened core-hole, AFOLP (folp(0)= 1.150)
# Abs   Z= 8 Rmt= 0.979 Rnm= 1.044 K  shell
# Pot 1 Z=38 Rmt= 1.724 Rnm= 1.786
# Pot 2 Z=77 Rmt= 1.306 Rnm= 1.439
# Pot 3 Z= 8 Rmt= 0.980 Rnm= 1.045
# Gam_ch=1.559E-01 H-L exch Vi= 0.000E+00 Vr= 0.000E+00
# Mu=-8.758E+00 kf=2.255E+00 Vint=-1.901E+01 Rs_int= 1.608
#  -----------------------------------------------------------------------
#   0.99893E+00  0.13043E+01  0.87870E+00 -0.3218375E+00  0.1955432E+02 method to calculate xsect
#   1.5586000E-01 100  11
#       em              xsnorm            xsec  
 -0.111960368E+02  0.77930E-01  0.73581E-02 -0.91345E-02  0.74719E-02
 -0.107327427E+02  0.77930E-01  0.72196E-02 -0.84928E-02  0.73195E-02
 -0.103182165E+02  0.77930E-01  0.71069E-02 -0.79779E-02  0.71962E-02
 -0.995245801E+01  0.77930E-01  0.70153E-02 -0.75637E-02  0.70963E-02
 -0.963546734E+01  0.77930E-01  0.69411E-02 -0.72315E-02  0.70157E-02
 -0.936724446E+01  0.77930E-01  0.68819E-02 -0.69681E-02  0.69514E-02
 -0.914778938E+01  0.77930E-01  0.68356E-02 -0.67635E-02  0.69014E-02
 -0.897710210E+01  0.77930E-01  0.68009E-02 -0.66108E-02  0.68639E-02
 -0.895764702E+01  0.77930E-01  0.67970E-02 -0.65938E-02  0.68597E-02
 -0.885764702E+01  0.77930E-01  0.67773E-02 -0.65071E-02  0.68384E-02
 -0.875764702E+01  0.77930E-01  0.67579E-02 -0.64222E-02  0.68175E-02
 -0.865764702E+01  0.77930E-01  0.67389E-02 -0.63391E-02  0.67970E-02
 -0.855764702E+01  0.77930E-01  0.67202E-02 -0.62576E-02  0.67769E-02
 -0.845764702E+01  0.77930E-01  0.67019E-02 -0.61777E-02  0.67571E-02
 -0.835764702E+01  0.77930E-01  0.66838E-02 -0.60993E-02  0.67377E-02
 -0.826387309E+01  0.77930E-01  0.66672E-02 -0.60272E-02  0.67198E-02
 -0.814804957E+01  0.77930E-01  0.66471E-02 -0.59400E-02  0.66982E-02
 -0.802003411E+01  0.77930E-01  0.66253E-02 -0.58458E-02  0.66748E-02
 -0.787982670E+01  0.77930E-01  0.66020E-02 -0.57453E-02  0.66498E-02
 -0.772742734E+01  0.77930E-01  0.65773E-02 -0.56389E-02  0.66233E-02
 -0.756283603E+01  0.77930E-01  0.65513E-02 -0.55275E-02  0.65954E-02
 -0.738605277E+01  0.77930E-01  0.65242E-02 -0.54114E-02  0.65664E-02
 -0.719707756E+01  0.77930E-01  0.64961E-02 -0.52914E-02  0.65364E-02
 -0.699591040E+01  0.77930E-01  0.64671E-02 -0.51681E-02  0.65054E-02
 -0.678255130E+01  0.77930E-01  0.64374E-02 -0.50420E-02  0.64737E-02
 -0.655700024E+01  0.77930E-01  0.64071E-02 -0.49137E-02  0.64413E-02
 -0.631925724E+01  0.77930E-01  0.63763E-02 -0.47837E-02  0.64085E-02
 -0.606932229E+01  0.77930E-01  0.63451E-02 -0.46525E-02  0.63753E-02
 -0.580719539E+01  0.77930E-01  0.63137E-02 -0.45206E-02  0.63419E-02
 -0.553287654E+01  0.77930E-01  0.62822E-02 -0.43886E-02  0.63084E-02
 -0.524636574E+01  0.77930E-01  0.62506E-02 -0.42567E-02  0.62748E-02
 -0.494766299E+01  0.77930E-01  0.62190E-02 -0.41255E-02  0.62413E-02
 -0.463676829E+01  0.77930E-01  0.61876E-02 -0.39952E-02  0.62080E-02
 -0.431368165E+01  0.77930E-01  0.61564E-02 -0.38662E-02  0.61750E-02
 -0.397840305E+01  0.77930E-01  0.61255E-02 -0.37388E-02  0.61423E-02
 -0.363093251E+01  0.77930E-01  0.60950E-02 -0.36132E-02  0.61100E-02
 -0.327127002E+01  0.77930E-01  0.60649E-02 -0.34898E-02  0.60782E-02
 -0.289941557E+01  0.77930E-01  0.60352E-02 -0.33687E-02  0.60469E-02
 -0.251536918E+01  0.77930E-01  0.60061E-02 -0.32501E-02  0.60162E-02
 -0.211913085E+01  0.77930E-01  0.59776E-02 -0.31341E-02  0.59861E-02
 -0.171070056E+01  0.77930E-01  0.59496E-02 -0.30210E-02  0.59566E-02
 -0.129007832E+01  0.77930E-01  0.59222E-02 -0.29108E-02  0.59279E-02
 -0.857264134E+00  0.77930E-01  0.58955E-02 -0.28037E-02  0.58998E-02
 -0.412258000E+00  0.77930E-01  0.58694E-02 -0.26997E-02  0.58724E-02
  0.449400841E-01  0.77930E-01  0.58440E-02 -0.25989E-02  0.58457E-02
  0.514330117E+00  0.77930E-01  0.58193E-02 -0.25013E-02  0.58198E-02
  0.995912098E+00  0.77930E-01  0.57952E-02 -0.24070E-02  0.57946E-02
  0.148968603E+01  0.77930E-01  0.57718E-02 -0.23160E-02  0.57701E-02
  0.199565191E+01  0.77930E-01  0.57491E-02 -0.22283E-02  0.57464E-02
  0.251380974E+01  0.77930E-01  0.57270E-02 -0.21440E-02  0.57233E-02
  0.304415951E+01  0.77930E-01  0.57055E-02 -0.20629E-02  0.57009E-02
  0.358670124E+01  0.77930E-01  0.56847E-02 -0.19852E-02  0.56792E-02
  0.414143491E+01  0.77930E-01  0.56644E-02 -0.19108E-02  0.56582E-02
  0.470836054E+01  0.77930E-01  0.56447E-02 -0.18396E-02  0.56377E-02
  0.528747811E+01  0.77930E-01  0.56256E-02 -0.17716E-02  0.56179E-02
  0.587878763E+01  0.77930E-01  0.56070E-02 -0.17069E-02  0.55986E-02
  0.648228910E+01  0.77930E-01  0.55888E-02 -0.16453E-02  0.55798E-02
  0.709798252E+01  0.77930E-01  0.55711E-02 -0.15868E-02  0.55615E-02
  0.772586789E+01  0.77930E-01  0.55538E-02 -0.15313E-02  0.55437E-02
  0.836594521E+01  0.77930E-01  0.55368E-02 -0.14789E-02  0.55263E-02
  0.901821447E+01  0.77930E-01  0.55202E-02 -0.14294E-02  0.55093E-02
  0.968267569E+01  0.77930E-01  0.55039E-02 -0.13828E-02  0.54925E-02
  0.103593289E+02  0.77930E-01  0.54878E-02 -0.13390E-02  0.54761E-02
  0.110481740E+02  0.77930E-01  0.54720E-02 -0.12980E-02  0.54600E-02
  0.117492110E+02  0.77930E-01  0.54563E-02 -0.12596E-02  0.54440E-02
  0.124624400E+02  0.77930E-01  0.54407E-02 -0.12239E-02  0.54282E-02
  0.131878610E+02  0.77930E-01  0.54252E-02 -0.11908E-02  0.54125E-02
  0.139254739E+02  0.77930E-01  0.54097E-02 -0.11602E-02  0.53969E-02
  0.146752788E+02  0.77930E-01  0.53942E-02 -0.11320E-02  0.53813E-02
  0.154372756E+02  0.77930E-01  0.53787E-02 -0.11061E-02  0.53657E-02
  0.162114643E+02  0.77930E-01  0.53630E-02 -0.10826E-02  0.53501E-02
  0.169978450E+02  0.77930E-01  0.53473E-02 -0.10612E-02  0.53343E-02
  0.177964177E+02  0.77930E-01  0.53313E-02 -0.10420E-02  0.53184E-02
  0.186071823E+02  0.77930E-01  0.53152E-02 -0.10248E-02  0.53023E-02
  0.194301388E+02  0.77930E-01  0.52987E-02 -0.10096E-02  0.52860E-02
  0.202652873E+02  0.77930E-01  0.52820E-02 -0.99626E-03  0.52694E-02
  0.211126278E+02  0.77930E-01  0.52650E-02 -0.98478E-03  0.52525E-02
  0.219721602E+02  0.77930E-01  0.52476E-02 -0.97504E-03  0.52353E-02
  0.228438845E+02  0.77930E-01  0.52298E-02 -0.96696E-03  0.52177E-02
  0.237278008E+02  0.77930E-01  0.52116E-02 -0.96047E-03  0.51998E-02
  0.246239091E+02  0.77930E-01  0.51929E-02 -0.95548E-03  0.51814E-02
  0.255322093E+02  0.77930E-01  0.51738E-02 -0.95192E-03  0.51625E-02
  0.264527014E+02  0.77930E-01  0.51542E-02 -0.94970E-03  0.51432E-02
  0.273853855E+02  0.77930E-01  0.51341E-02 -0.94874E-03  0.51234E-02
  0.283302615E+02  0.77930E-01  0.51134E-02 -0.94898E-03  0.51031E-02
  0.292873295E+02  0.77930E-01  0.50922E-02 -0.95033E-03  0.50822E-02
  0.302565895E+02  0.77930E-01  0.50705E-02 -0.95271E-03  0.50609E-02
  0.312380413E+02  0.77930E-01  0.50482E-02 -0.95604E-03  0.50389E-02
  0.322316852E+02  0.77930E-01  0.50253E-02 -0.96026E-03  0.50165E-02
  0.332375210E+02  0.77930E-01  0.50019E-02 -0.96529E-03  0.49934E-02
  0.342555487E+02  0.77930E-01  0.49779E-02 -0.97105E-03  0.49698E-02
  0.352857684E+02  0.77930E-01  0.49533E-02 -0.97747E-03  0.49457E-02
  0.363281800E+02  0.77930E-01  0.49282E-02 -0.98449E-03  0.49210E-02
  0.373827836E+02  0.77930E-01  0.49026E-02 -0.99204E-03  0.48957E-02
  0.384495791E+02  0.77930E-01  0.48764E-02 -0.10000E-02  0.48700E-02
  0.395285666E+02  0.77930E-01  0.48497E-02 -0.10085E-02  0.48437E-02
  0.406197460E+02  0.77930E-01  0.48224E-02 -0.10172E-02  0.48169E-02
  0.417231174E+02  0.77930E-01  0.47947E-02 -0.10262E-02  0.47896E-02
  0.428386807E+02  0.77930E-01  0.47666E-02 -0.10355E-02  0.47618E-02
  0.439664360E+02  0.77930E-01  0.47380E-02 -0.10449E-02  0.47336E-02
 -0.875764702E+01  0.50000E-02  0.67580E-02 -0.64360E-02  0.67570E-02
 -0.875764702E+01  0.10000E-01  0.67580E-02 -0.64351E-02  0.67612E-02
 -0.875764702E+01  0.12628E-01  0.67580E-02 -0.64346E-02  0.67633E-02
 -0.875764702E+01  0.18839E-01  0.67580E-02 -0.64334E-02  0.67685E-02
 -0.875764702E+01  0.28105E-01  0.67580E-02 -0.64317E-02  0.67762E-02
 -0.875764702E+01  0.41928E-01  0.67580E-02 -0.64291E-02  0.67877E-02
 -0.875764702E+01  0.62549E-01  0.67580E-02 -0.64252E-02  0.68047E-02
 -0.875764702E+01  0.93311E-01  0.67579E-02 -0.64192E-02  0.68302E-02
 -0.875764702E+01  0.13920E+00  0.67577E-02 -0.64100E-02  0.68682E-02
 -0.875764702E+01  0.20767E+00  0.67574E-02 -0.63956E-02  0.69246E-02
 -0.875764702E+01  0.30980E+00  0.67566E-02 -0.63727E-02  0.70084E-02
 -0.875764702E+01  0.46217E+00  0.67548E-02 -0.63354E-02  0.71324E-02
 -0.875764702E+01  0.68948E+00  0.67510E-02 -0.62727E-02  0.73149E-02
 -0.875764702E+01  0.10286E+01  0.67424E-02 -0.61641E-02  0.75805E-02
 -0.875764702E+01  0.15345E+01  0.67236E-02 -0.59706E-02  0.79590E-02
