ATOMS
  *       x          y           z    ipot  Atom      Distance    Number
**********-  ********-  **********  ******  ******  **********  ********
   0           0          0              0  O          0               0
  -2.21704    -9.5512    -2.09878        3  O         10.0272        271
  -2.21704     9.5512    -2.09878        3  O         10.0272        282
   4.59217    -1.59187   -8.81081        2  Ir        10.0624        228
   4.59217     1.59187   -8.81081        2  Ir        10.0624        230
  -6.92866    -4.7756    -5.54378        1  Sr        10.077          37
  -6.92866     4.7756    -5.54378        1  Sr        10.077          43
  -9.53121    -3.18373   -0.94215        2  Ir        10.093         132
  -9.53121     3.18373   -0.94215        2  Ir        10.093         134
   5.53851    -3.18373   -7.81743        3  O         10.0957        450
   5.53851     3.18373   -7.81743        3  O         10.0957        454
  -0.233704    0        -10.1063         3  O         10.109         416
   0.233704    0         10.1063         3  O         10.109         417
   3.07706    -9.5512    -1.32038        2  Ir        10.1211        136
   3.07706     9.5512    -1.32038        2  Ir        10.1211        148
   4.3208     -4.7756     7.81837        3  O         10.1293        262
   4.3208      4.7756     7.81837        3  O         10.1293        268
   7.75554    -3.18373   -5.71865        3  O         10.1483        314
   7.75554     3.18373   -5.71865        3  O         10.1483        318
  -6.30414    -7.95934    0.189114       3  O         10.1552        393
  -6.30414     7.95934    0.189114       3  O         10.1552        400
   6.30414    -7.95934   -0.189114       3  O         10.1552        401
   6.30414     7.95934   -0.189114       3  O         10.1552        408
   1.74279    -9.5512    -3.01299        3  O         10.1657        555
   1.74279     9.5512    -3.01299        3  O         10.1657        566
   6.39673     0          8.02173        1  Sr        10.2599         30
  -7.06977     0         -7.4392         3  O         10.2627        442
  -8.57885     0          5.68006        3  O         10.2888        587
   0.712632   -4.7756    -9.11289        2  Ir        10.313         189
   0.712632    4.7756    -9.11289        2  Ir        10.313         197
  -8.81256    -3.18373   -4.42621        3  O         10.3628        584
  -8.81256     3.18373   -4.42621        3  O         10.3628        588
  -2.57297    -9.5512     3.1371         3  O         10.3772        515
  -2.57297     9.5512     3.1371         3  O         10.3772        526
   4.09718    -9.5512     0.351161       3  O         10.3988        347
   4.09718     9.5512     0.351161       3  O         10.3988        359
  10.0353      0          2.75887        3  O         10.4076        528
  -1.98334    -6.36747    8.00749        3  O         10.421         273
  -1.98334     6.36747    8.00749        3  O         10.421         281
  -4.02939     0          9.63624        3  O         10.4448        486
  -6.21154     0          8.39996        1  Sr        10.4471         20
   9.07339    -3.18373   -4.09783        2  Ir        10.4525         88
   9.07339     3.18373   -4.09783        2  Ir        10.4525         92
   1.44133    -6.36747   -8.16859        3  O         10.457         382
   1.44133     6.36747   -8.16859        3  O         10.457         390
  -4.26309    -9.5512    -0.470032       3  O         10.47          479
  -4.26309     9.5512    -0.470032       3  O         10.47          491
   3.86348     0         -9.75511        3  O         10.4923        352
  -4.86281    -4.7756    -7.97948        3  O         10.4941        361
  -4.86281     4.7756    -7.97948        3  O         10.4941        367
  -0.390821   -9.5512     4.37338        1  Sr        10.5121         60
  -0.390821    9.5512     4.37338        1  Sr        10.5121         72
  10.4013     -1.59187    0.162047       3  O         10.5237        339
  10.4013      1.59187    0.162047       3  O         10.5237        340
   3.00296    -7.95934    6.19755        2  Ir        10.5251        102
   3.00296     7.95934    6.19755        2  Ir        10.5251        112
  -5.5915      0         -8.92377        2  Ir        10.5308        205
   8.34518    -6.36747   -0.848259       3  O         10.5312        492
   8.34518     6.36747   -0.848259       3  O         10.5312        496
   2.69515    -9.5512     3.60922        2  Ir        10.5601        172
   2.69515     9.5512     3.60922        2  Ir        10.5601        184
  -9.83902    -1.59187   -3.53049        2  Ir        10.5738         96
  -9.83902     1.59187   -3.53049        2  Ir        10.5738         98
  -2.99337    -4.7756     8.975          2  Ir        10.598         116
  -2.99337     4.7756     8.975          2  Ir        10.598         124
  -0.233704   -3.18373  -10.1063         3  O         10.5985        413
   0.233704   -3.18373   10.1063         3  O         10.5985        415
  -0.233704    3.18373  -10.1063         3  O         10.5985        418
   0.233704    3.18373   10.1063         3  O         10.5985        420
  -8.87711    -4.7756     3.32621        3  O         10.6148        497
  -8.87711     4.7756     3.32621        3  O         10.6148        502
   9.3812     -4.7756    -1.50949        2  Ir        10.6345        127
   9.3812      4.7756    -1.50949        2  Ir        10.6345        130
  -8.51109    -6.36747    0.729388       3  O         10.6544        342
  -8.51109     6.36747    0.729388       3  O         10.6544        346
  10.3912      0         -2.47701        3  O         10.6824        284
  -9.91312     0          3.98744        2  Ir        10.685         169
 -10.5672     -1.59187   -0.280918       3  O         10.6901        460
 -10.5672      1.59187   -0.280918       3  O         10.6901        461
   6.39673    -3.18373    8.02173        1  Sr        10.7426         28
   6.39673     3.18373    8.02173        1  Sr        10.7426         32
  -7.06977    -3.18373   -7.4392         3  O         10.7452        440
  -7.06977     3.18373   -7.4392         3  O         10.7452        444
   8.99929    -4.7756     3.4201         2  Ir        10.7467        161
   8.99929     4.7756     3.4201         2  Ir        10.7467        166
   5.91331    -7.95934    4.18426        1  Sr        10.7623         48
   5.91331     7.95934    4.18426        1  Sr        10.7623         58
  -8.57885    -3.18373    5.68006        3  O         10.7701        585
  -8.57885     3.18373    5.68006        3  O         10.7701        589
   2.27475    -4.7756     9.44712        3  O         10.8272        467
   2.27475     4.7756     9.44712        3  O         10.8272        476
  -3.53488    -9.5512    -3.7196         2  Ir        10.8423         73
  -3.53488     9.5512    -3.7196         2  Ir        10.8423         85
  -1.71197    -6.36747   -8.6217         2  Ir        10.854         236
  -1.71197     6.36747   -8.6217         2  Ir        10.854         245
  -3.84269    -7.95934   -6.30794        2  Ir        10.8585        149
  -3.84269     7.95934   -6.30794        2  Ir        10.8585        159
  10.0353     -3.18373    2.75887        3  O         10.8837        527
  10.0353      3.18373    2.75887        3  O         10.8837        529
   8.28063    -1.59187    6.90416        3  O         10.8982        546
   8.28063     1.59187    6.90416        3  O         10.8982        548
  -4.02939    -3.18373    9.63624        3  O         10.9192        483
  -4.02939     3.18373    9.63624        3  O         10.9192        489
  -6.21154    -3.18373    8.39996        1  Sr        10.9215         18
  -6.21154     3.18373    8.39996        1  Sr        10.9215         22
  -1.97325    -1.59187   10.6465         3  O         10.9443        329
  -1.97325     1.59187   10.6465         3  O         10.9443        332
   3.86348    -3.18373   -9.75511        3  O         10.9647        349
   3.86348     3.18373   -9.75511        3  O         10.9647        355
  -2.44066    -4.7756    -9.56599        3  O         10.9668        324
  -2.44066     4.7756    -9.56599        3  O         10.9668        333
  -5.5915     -3.18373   -8.92377        2  Ir        11.0016        203
  -5.5915      3.18373   -8.92377        2  Ir        11.0016        207
  -5.3578     -9.5512     1.18249        2  Ir        11.015         201
  -5.3578      9.5512     1.18249        2  Ir        11.015         210
   4.59217    -4.7756    -8.81081        2  Ir        11.0238        226
   4.59217     4.7756    -8.81081        2  Ir        11.0238        232
   1.80734    -1.59187  -10.7654         3  O         11.0315        468
   1.80734     1.59187  -10.7654         3  O         11.0315        471
  -0.76563    -7.95934   -7.62831        3  O         11.0512        426
  -0.76563     7.95934   -7.62831        3  O         11.0512        436
   9.30709     0          6.00844        2  Ir        11.0781         91
   7.98925    -6.36747    4.38762        3  O         11.1186        313
   7.98925     6.36747    4.38762        3  O         11.1186        321
   8.76558    -1.59187   -6.68616        2  Ir        11.1389        162
   8.76558     1.59187   -6.68616        2  Ir        11.1389        164
  10.3912     -3.18373   -2.47701        3  O         11.1467        283
  10.3912      3.18373   -2.47701        3  O         11.1467        285
  -9.91312    -3.18373    3.98744        2  Ir        11.1493        167
  -9.91312     3.18373    3.98744        2  Ir        11.1493        170
  -0.624525   -9.5512    -5.73289        1  Sr        11.1571         59
  -0.624525    9.5512    -5.73289        1  Sr        11.1571         71
 -10.9332      0          2.31591        3  O         11.1758        379
 -10.8655      0         -2.63476        3  O         11.1804        553
  11.13        0          1.10635        2  Ir        11.1849        249
   0.946336  -11.1431     0.99338        2  Ir        11.2272        187
   0.946336   11.1431     0.99338        2  Ir        11.2272        200
  -7.7824     -7.95934    1.67369        2  Ir        11.2569        217
  -7.7824      7.95934    1.67369        2  Ir        11.2569        224
   3.49746    -7.95934   -7.15828        3  O         11.2616        503
   3.49746     7.95934   -7.15828        3  O         11.2616        513
   1.18004    -1.59187   11.0996         2  Ir        11.2751        193
   1.18004     1.59187   11.0996         2  Ir        11.2751        196
  -0.141105  -11.1431    -1.89542        1  Sr        11.304           1
  -0.141105   11.1431    -1.89542        1  Sr        11.304          14
   4.33088     0         10.4574         3  O         11.3188        354
   3.31077    -6.36747    8.78589        2  Ir        11.3445        138
   3.31077     6.36747    8.78589        2  Ir        11.3445        147
   3.79571    -9.5512    -4.80444        3  O         11.3453        591
   3.79571     9.5512    -4.80444        3  O         11.3453        603
   2.04104   -11.1431    -0.659146       3  O         11.3476        463
   2.04104    11.1431    -0.659146       3  O         11.3476        478
  -6.69496    -7.95934    4.56249        1  Sr        11.3574         36
  -6.69496     7.95934    4.56249        1  Sr        11.3574         46
  -2.20696   -11.1431     0.540275       3  O         11.3724        322
  -2.20696    11.1431     0.540275       3  O         11.3724        337
  10.0998     -1.59187   -4.99355        3  O         11.3788        579
  10.0998      1.59187   -4.99355        3  O         11.3788        581
   5.77221    -9.5512     2.28884        3  O         11.3922        447
   5.77221     9.5512     2.28884        3  O         11.3922        458
   7.97917    -7.95934    1.74856        3  O         11.4051        370
   7.97917     7.95934    1.74856        3  O         11.4051        377
  -0.531925  -11.1431     2.47795        3  O         11.4277        425
  -0.531925   11.1431     2.47795        3  O         11.4277        438
   5.67961    -7.95934   -5.92201        1  Sr        11.4315         47
   5.67961     7.95934   -5.92201        1  Sr        11.4315         57
   0.092599   -7.95934    8.21085        1  Sr        11.4358          3
   0.092599    7.95934    8.21085        1  Sr        11.4358         13
  10.4013     -4.7756     0.162047       3  O         11.4464        338
  10.4013      4.7756     0.162047       3  O         11.4464        341
  -9.11081    -1.59187   -6.78006        3  O         11.4678        498
  -9.11081     1.59187   -6.78006        3  O         11.4678        500
  -9.83902    -4.7756    -3.53049        2  Ir        11.4925         95
  -9.83902     4.7756    -3.53049        2  Ir        11.4925        100
  -4.4968      0        -10.5763         3  O         11.4926        484
  -9.53121    -6.36747   -0.94215        2  Ir        11.5011        131
  -9.53121     6.36747   -0.94215        2  Ir        11.5011        135
   5.53851    -6.36747   -7.81743        3  O         11.5036        448
   5.53851     6.36747   -7.81743        3  O         11.5036        456
   7.74546    -1.59187   -8.3577         3  O         11.5055        372
   7.74546     1.59187   -8.3577         3  O         11.5055        374
   9.30709    -3.18373    6.00844        2  Ir        11.5265         89
   9.30709     3.18373    6.00844        2  Ir        11.5265         93
   7.75554    -6.36747   -5.71865        3  O         11.5497        312
   7.75554     6.36747   -5.71865        3  O         11.5497        320
   6.16303    -9.5512    -2.08453        1  Sr        11.5565         25
   6.16303     9.5512    -2.08453        1  Sr        11.5565         34
 -10.5672     -4.7756    -0.280918       3  O         11.5996        459
 -10.5672      4.7756    -0.280918       3  O         11.5996        462
 -10.9332     -3.18373    2.31591        3  O         11.6205        378
 -10.9332      3.18373    2.31591        3  O         11.6205        380
  -4.32764    -7.95934    7.28239        3  O         11.6238        531
  -4.32764     7.95934    7.28239        3  O         11.6238        541
 -10.8655     -3.18373   -2.63476        3  O         11.6248        552
 -10.8655      3.18373   -2.63476        3  O         11.6248        554
  11.13       -3.18373    1.10635        2  Ir        11.6292        248
  11.13        3.18373    1.10635        2  Ir        11.6292        250
  -4.61902    -9.5512     4.76585        3  O         11.6307        299
  -4.61902     9.5512     4.76585        3  O         11.6307        311
  10.3336     -1.59187    5.11272        3  O         11.6386        580
  10.3336      1.59187    5.11272        3  O         11.6386        582
   4.02942    -9.5512     5.30183        3  O         11.6435        592
   4.02942     9.5512     5.30183        3  O         11.6435        604
  -6.44524    -9.5512    -1.70631        1  Sr        11.6481         15
  -6.44524     9.5512    -1.70631        1  Sr        11.6481         24
   7.01677     0         -9.302          2  Ir        11.6517        213
  -3.22707   -11.1431    -1.13126        2  Ir        11.656         113
  -3.22707    11.1431    -1.13126        2  Ir        11.656         126
  -1.24456     0         11.5908         2  Ir        11.6575        242
  -8.81256    -6.36747   -4.42621        3  O         11.7387        583
  -8.81256     6.36747   -4.42621        3  O         11.7387        590
  -8.0161     -1.59187   -8.43258        2  Ir        11.7431        219
  -8.0161      1.59187   -8.43258        2  Ir        11.7431        221
  -9.60531    -1.59187    6.57578        2  Ir        11.7489         97
  -9.60531     1.59187    6.57578        2  Ir        11.7489         99
   4.33088    -3.18373   10.4574         3  O         11.758         351
   4.33088     3.18373   10.4574         3  O         11.758         357
   8.04693    -7.95934   -3.20211        3  O         11.7625        542
   8.04693     7.95934   -3.20211        3  O         11.7625        551
  -8.28747    -1.59187    8.1966         3  O         11.7644        254
  -8.28747     1.59187    8.1966         3  O         11.7644        256
   2.84336     0        -11.4266         2  Ir        11.7751        141
   8.28063    -4.7756     6.90416        3  O         11.7916        544
   8.28063     4.7756     6.90416        3  O         11.7916        550
   2.46144    -9.5512    -6.49705        2  Ir        11.8108        171
   2.46144     9.5512    -6.49705        2  Ir        11.8108        183
  -8.52117    -7.95934   -1.90967        3  O         11.8156        251
  -8.52117     7.95934   -1.90967        3  O         11.8156        258
   9.07339    -6.36747   -4.09783        2  Ir        11.8179         87
   9.07339     6.36747   -4.09783        2  Ir        11.8179         94
  -1.97325    -4.7756    10.6465         3  O         11.8342        326
  -1.97325     4.7756    10.6465         3  O         11.8342        335
 -10.1468      0         -6.11882        2  Ir        11.849         168
 -11.6619     -1.59187    1.37161        2  Ir        11.8497        185
 -11.6619      1.59187    1.37161        2  Ir        11.8497        186
  -3.46078    -1.59187  -11.2375         2  Ir        11.8656        117
  -3.46078     1.59187  -11.2375         2  Ir        11.8656        120
   1.80734    -4.7756   -10.7654         3  O         11.915         465
   1.80734     4.7756   -10.7654         3  O         11.915         474
  -6.92866    -7.95934   -5.54378        1  Sr        11.9202         35
  -6.92866     7.95934   -5.54378        1  Sr        11.9202         45
  -4.4968     -3.18373  -10.5763         3  O         11.9254        481
  -4.4968      3.18373  -10.5763         3  O         11.9254        487
  -0.233704   -6.36747  -10.1063         3  O         11.9472        410
   0.233704   -6.36747   10.1063         3  O         11.9472        412
  -0.233704    6.36747  -10.1063         3  O         11.9472        421
   0.233704    6.36747   10.1063         3  O         11.9472        423
  -3.30118    -9.5512     6.38667        2  Ir        11.9546         74
  -3.30118     9.5512     6.38667        2  Ir        11.9546         86
   4.3208     -7.95934    7.81837        3  O         11.9644        260
   4.3208      7.95934    7.81837        3  O         11.9644        270
  -4.85273    -9.5512    -5.34042        3  O         11.9706        298
  -4.85273     9.5512    -5.34042        3  O         11.9706        310
  -6.53784    -1.59187   -9.91715        3  O         11.9845        395
  -6.53784     1.59187   -9.91715        3  O         11.9845        397
   6.53784    -1.59187    9.91715        3  O         11.9845        404
   6.53784     1.59187    9.91715        3  O         11.9845        406
  -1.47826     0          1.48457        2  Ir         2.09505       241
   0.946336   -1.59187    0.99338        2  Ir         2.10152       192
   0.946336    1.59187    0.99338        2  Ir         2.10152       195
  -0.141105   -1.59187   -1.89542        1  Sr         2.47923         6
  -0.141105    1.59187   -1.89542        1  Sr         2.47923         8
   1.67503     0          1.93768        3  O          2.56131       387
   2.04104    -1.59187   -0.659146       3  O          2.67102       469
   2.04104     1.59187   -0.659146       3  O          2.67102       472
  -2.20696    -1.59187    0.540275       3  O          2.77427       328
  -2.20696     1.59187    0.540275       3  O          2.77427       331
  -0.531925   -1.59187    2.47795        3  O          2.99287       431
  -0.531925    1.59187    2.47795        3  O          2.99287       433
  -2.21704     0         -2.09878        3  O          3.05289       276
   0          -3.18373    0              3  O          3.18373       414
   0           3.18373    0              3  O          3.18373       419
   3.07706     0         -1.32038        2  Ir         3.34839       142
   1.74279     0         -3.01299        3  O          3.48073       560
  -3.22707    -1.59187   -1.13126        2  Ir         3.77198       118
  -3.22707     1.59187   -1.13126        2  Ir         3.77198       121
  -1.47826    -3.18373    1.48457        2  Ir         3.81122       239
  -1.47826     3.18373    1.48457        2  Ir         3.81122       244
  -2.57297     0          3.1371         3  O          4.05728       521
   1.67503    -3.18373    1.93768        3  O          4.08613       385
   1.67503     3.18373    1.93768        3  O          4.08613       389
   4.09718     0          0.351161       3  O          4.1122        353
  -4.26309     0         -0.470032       3  O          4.28893       485
  -0.390821    0          4.37338        1  Sr         4.3908         66
  -2.21704    -3.18373   -2.09878        3  O          4.41093       274
  -2.21704     3.18373   -2.09878        3  O          4.41093       278
   2.69515     0          3.60922        2  Ir         4.50447       178
   3.07706    -3.18373   -1.32038        2  Ir         4.62038       139
   3.07706     3.18373   -1.32038        2  Ir         4.62038       144
   1.74279    -3.18373   -3.01299        3  O          4.71716       558
   1.74279     3.18373   -3.01299        3  O          4.71716       562
   4.0871     -1.59187   -2.2879         3  O          4.94701       263
   4.0871      1.59187   -2.2879         3  O          4.94701       265
   0.946336   -4.7756     0.99338        2  Ir         4.96877       190
   0.946336    4.7756     0.99338        2  Ir         4.96877       198
   3.73117    -1.59187    2.94799        3  O          5.01461       508
   3.73117     1.59187    2.94799        3  O          5.01461       510
   2.76925    -1.59187   -3.90871        2  Ir         5.04786       105
   2.76925     1.59187   -3.90871        2  Ir         5.04786       107
   1.68511    -1.59187    4.57674        3  O          5.13032       291
   1.68511     1.59187    4.57674        3  O          5.13032       293
  -3.53488     0         -3.7196         2  Ir         5.13136        79
  -0.141105   -4.7756    -1.89542        1  Sr         5.13993         4
  -0.141105    4.7756    -1.89542        1  Sr         5.13993        10
  -2.57297    -3.18373    3.1371         3  O          5.1573        519
  -2.57297     3.18373    3.1371         3  O          5.1573        523
   4.09718    -3.18373    0.351161       3  O          5.20061       350
   4.09718     3.18373    0.351161       3  O          5.20061       356
   2.04104    -4.7756    -0.659146       3  O          5.23514       466
   2.04104     4.7756    -0.659146       3  O          5.23514       475
   4.82587    -1.59187    1.29546        2  Ir         5.24417       229
   4.82587     1.59187    1.29546        2  Ir         5.24417       231
  -2.20696    -4.7756     0.540275       3  O          5.28857       325
  -2.20696     4.7756     0.540275       3  O          5.28857       334
  -4.62911    -1.59187    2.12679        3  O          5.33722       364
  -4.62911     1.59187    2.12679        3  O          5.33722       366
  -4.26309    -3.18373   -0.470032       3  O          5.34145       482
  -4.26309     3.18373   -0.470032       3  O          5.34145       488
  -0.531925   -4.7756     2.47795        3  O          5.40644       429
  -0.531925    4.7756     2.47795        3  O          5.40644       435
  -0.390821   -3.18373    4.37338        1  Sr         5.42359        64
  -0.390821    3.18373    4.37338        1  Sr         5.42359        68
  -3.60899    -1.59187    3.79833        2  Ir         5.47596       154
  -3.60899     1.59187    3.79833        2  Ir         5.47596       156
  -5.3578      0          1.18249        2  Ir         5.48674       206
  -2.50842    -1.59187   -4.61532        3  O          5.48885       571
  -2.50842     1.59187   -4.61532        3  O          5.48885       573
   2.69515    -3.18373    3.60922        2  Ir         5.51602       176
   2.69515     3.18373    3.60922        2  Ir         5.51602       180
  -4.56134    -1.59187   -2.82388        3  O          5.59591       534
  -4.56134     1.59187   -2.82388        3  O          5.59591       536
  -0.624525    0         -5.73289        1  Sr         5.76681        65
  -3.22707    -4.7756    -1.13126        2  Ir         5.87368       115
  -3.22707     4.7756    -1.13126        2  Ir         5.87368       123
   1.45141    -1.59187   -5.52953        3  O          5.93434       290
   1.45141     1.59187   -5.52953        3  O          5.93434       292
  -3.53488    -3.18373   -3.7196         2  Ir         6.03879        77
  -3.53488     3.18373   -3.7196         2  Ir         6.03879        81
   3.79571     0         -4.80444        3  O          6.12291       597
  -2.27472    -1.59187    5.49095        3  O          6.15296       572
  -2.27472     1.59187    5.49095        3  O          6.15296       574
   5.77221     0          2.28884        3  O          6.20944       453
  -5.3578     -3.18373    1.18249        2  Ir         6.34354       204
  -5.3578      3.18373    1.18249        2  Ir         6.34354       208
   0          -6.36747    0              3  O          6.36747       411
   0           6.36747    0              3  O          6.36747       422
  -6.30414    -1.59187    0.189114       3  O          6.50476       396
  -6.30414     1.59187    0.189114       3  O          6.50476       398
   6.30414    -1.59187   -0.189114       3  O          6.50476       403
   6.30414     1.59187   -0.189114       3  O          6.50476       405
   6.16303     0         -2.08453        1  Sr         6.50602        29
  -0.624525   -3.18373   -5.73289        1  Sr         6.58728        63
  -0.624525    3.18373   -5.73289        1  Sr         6.58728        67
  -4.61902     0          4.76585        3  O          6.63692       305
   4.02942     0          5.30183        3  O          6.65925       598
  -6.44524     0         -1.70631        1  Sr         6.66728        19
   4.0871     -4.7756    -2.2879         3  O          6.68919       261
   4.0871      4.7756    -2.2879         3  O          6.68919       267
  -1.47826    -6.36747    1.48457        2  Ir         6.70327       237
  -1.47826     6.36747    1.48457        2  Ir         6.70327       246
   3.73117    -4.7756     2.94799        3  O          6.73933       506
   3.73117     4.7756     2.94799        3  O          6.73933       512
   2.76925    -4.7756    -3.90871        2  Ir         6.76411       103
   2.76925     4.7756    -3.90871        2  Ir         6.76411       109
   1.68511    -4.7756     4.57674        3  O          6.82587       289
   1.68511     4.7756     4.57674        3  O          6.82587       295
   1.67503    -6.36747    1.93768        3  O          6.86331       383
   1.67503     6.36747    1.93768        3  O          6.86331       391
   3.79571    -3.18373   -4.80444        3  O          6.90118       595
   3.79571     3.18373   -4.80444        3  O          6.90118       599
   4.82587    -4.7756     1.29546        2  Ir         6.91185       227
   4.82587     4.7756     1.29546        2  Ir         6.91185       233
   2.46144     0         -6.49705        2  Ir         6.94769       177
   5.77221    -3.18373    2.28884        3  O          6.97806       451
   5.77221     3.18373    2.28884        3  O          6.97806       455
  -4.62911    -4.7756     2.12679        3  O          6.98271       362
  -4.62911     4.7756     2.12679        3  O          6.98271       368
  -2.21704    -6.36747   -2.09878        3  O          7.0615        272
  -2.21704     6.36747   -2.09878        3  O          7.0615        280
   3.00296    -1.59187    6.19755        2  Ir         7.06834       106
   3.00296     1.59187    6.19755        2  Ir         7.06834       108
  -3.60899    -4.7756     3.79833        2  Ir         7.08932       152
  -3.60899     4.7756     3.79833        2  Ir         7.08932       158
  -2.50842    -4.7756    -4.61532        3  O          7.09928       569
  -2.50842     4.7756    -4.61532        3  O          7.09928       575
  -4.56134    -4.7756    -2.82388        3  O          7.18238       532
  -4.56134     4.7756    -2.82388        3  O          7.18238       538
  -3.30118     0          6.38667        2  Ir         7.18939        80
   3.07706    -6.36747   -1.32038        2  Ir         7.19419       137
   3.07706     6.36747   -1.32038        2  Ir         7.19419       146
  -4.85273     0         -5.34042        3  O          7.21589       304
   6.16303    -3.18373   -2.08453        1  Sr         7.24323        27
   6.16303     3.18373   -2.08453        1  Sr         7.24323        31
   1.74279    -6.36747   -3.01299        3  O          7.25673       556
   1.74279     6.36747   -3.01299        3  O          7.25673       564
   7.25047     0          0.804266       2  Ir         7.29494       214
  -6.83606     0          2.66707        3  O          7.33791       443
  -4.61902    -3.18373    4.76585        3  O          7.36104       303
  -4.61902     3.18373    4.76585        3  O          7.36104       307
   1.9765      0          7.09328        3  O          7.3635        561
   4.02942    -3.18373    5.30183        3  O          7.38118       596
   4.02942     3.18373    5.30183        3  O          7.38118       600
  -6.44524    -3.18373   -1.70631        1  Sr         7.38842        17
  -6.44524     3.18373   -1.70631        1  Sr         7.38842        21
   5.91331    -1.59187    4.18426        1  Sr         7.41683        52
   5.91331     1.59187    4.18426        1  Sr         7.41683        54
   1.45141    -4.7756    -5.52953        3  O          7.44907       288
   1.45141     4.7756    -5.52953        3  O          7.44907       294
  -2.80667     0         -6.96917        3  O          7.5131        520
  -2.57297    -6.36747    3.1371         3  O          7.55025       517
  -2.57297     6.36747    3.1371         3  O          7.55025       525
  -3.84269    -1.59187   -6.30794        2  Ir         7.55582       153
  -3.84269     1.59187   -6.30794        2  Ir         7.55582       155
   4.09718    -6.36747    0.351161       3  O          7.5799        348
   4.09718     6.36747    0.351161       3  O          7.5799        358
  -2.27472    -4.7756     5.49095        3  O          7.62438       570
  -2.27472     4.7756     5.49095        3  O          7.62438       576
   2.46144    -3.18373   -6.49705        2  Ir         7.64242       175
   2.46144     3.18373   -6.49705        2  Ir         7.64242       179
  -4.26309    -6.36747   -0.470032       3  O          7.67721       480
  -4.26309     6.36747   -0.470032       3  O          7.67721       490
  -0.390821   -6.36747    4.37338        1  Sr         7.73459        62
  -0.390821    6.36747    4.37338        1  Sr         7.73459        70
   2.69515    -6.36747    3.60922        2  Ir         7.79967       174
   2.69515     6.36747    3.60922        2  Ir         7.79967       182
  -0.76563    -1.59187   -7.62831        3  O          7.83016       430
  -0.76563     1.59187   -7.62831        3  O          7.83016       432
  -3.30118    -3.18373    6.38667        2  Ir         7.86279        78
  -3.30118     3.18373    6.38667        2  Ir         7.86279        82
  -4.85273    -3.18373   -5.34042        3  O          7.88703       302
  -4.85273     3.18373   -5.34042        3  O          7.88703       306
  -6.30414    -4.7756     0.189114       3  O          7.91102       394
  -6.30414     4.7756     0.189114       3  O          7.91102       399
   6.30414    -4.7756    -0.189114       3  O          7.91102       402
   6.30414     4.7756    -0.189114       3  O          7.91102       407
   7.25047    -3.18373    0.804266       2  Ir         7.95942       212
   7.25047     3.18373    0.804266       2  Ir         7.95942       215
  -6.83606    -3.18373    2.66707        3  O          7.99882       441
  -6.83606     3.18373    2.66707        3  O          7.99882       445
   1.9765     -3.18373    7.09328        3  O          8.0223        559
   1.9765      3.18373    7.09328        3  O          8.0223        563
   0.946336   -7.95934    0.99338        2  Ir         8.07672       188
   0.946336    7.95934    0.99338        2  Ir         8.07672       199
  -7.7824     -1.59187    1.67369        2  Ir         8.11794       220
  -7.7824      1.59187    1.67369        2  Ir         8.11794       222
   3.49746    -1.59187   -7.15828        3  O          8.12449       507
   3.49746     1.59187   -7.15828        3  O          8.12449       509
  -2.80667    -3.18373   -6.96917        3  O          8.15983       518
  -2.80667     3.18373   -6.96917        3  O          8.15983       522
  -3.53488    -6.36747   -3.7196         2  Ir         8.17774        75
  -3.53488     6.36747   -3.7196         2  Ir         8.17774        83
  -0.141105   -7.95934   -1.89542        1  Sr         8.18313         2
  -0.141105    7.95934   -1.89542        1  Sr         8.18313        12
   2.04104    -7.95934   -0.659146       3  O          8.24326       464
   2.04104     7.95934   -0.659146       3  O          8.24326       477
  -1.98334     0          8.00749        3  O          8.24945       277
  -6.69496    -1.59187    4.56249        1  Sr         8.25668        40
  -6.69496     1.59187    4.56249        1  Sr         8.25668        42
  -2.20696    -7.95934    0.540275       3  O          8.27729       323
  -2.20696     7.95934    0.540275       3  O          8.27729       336
   1.44133     0         -8.16859        3  O          8.29477       386
   7.97917    -1.59187    1.74856        3  O          8.32218       373
   7.97917     1.59187    1.74856        3  O          8.32218       375
  -0.531925   -7.95934    2.47795        3  O          8.3531        427
  -0.531925    7.95934    2.47795        3  O          8.3531        437
   5.67961    -1.59187   -5.92201        1  Sr         8.35836        51
   5.67961     1.59187   -5.92201        1  Sr         8.35836        53
   0.092599   -1.59187    8.21085        1  Sr         8.36425         7
   0.092599    1.59187    8.21085        1  Sr         8.36425         9
   3.00296    -4.7756     6.19755        2  Ir         8.38056       104
   3.00296     4.7756     6.19755        2  Ir         8.38056       110
   8.34518     0         -0.848259       3  O          8.38818       494
  -5.3578     -6.36747    1.18249        2  Ir         8.40529       202
  -5.3578      6.36747    1.18249        2  Ir         8.40529       209
  -8.51109     0          0.729388       3  O          8.54229       344
  -0.624525   -6.36747   -5.73289        1  Sr         8.59074        61
  -0.624525    6.36747   -5.73289        1  Sr         8.59074        69
  -4.32764    -1.59187    7.28239        3  O          8.6195        535
  -4.32764     1.59187    7.28239        3  O          8.6195        537
  -3.22707    -7.95934   -1.13126        2  Ir         8.66284       114
  -3.22707     7.95934   -1.13126        2  Ir         8.66284       125
   5.91331    -4.7756     4.18426        1  Sr         8.6765         50
   5.91331     4.7756     4.18426        1  Sr         8.6765         56
  -1.71197     0         -8.6217         2  Ir         8.79002       240
  -3.84269    -4.7756    -6.30794        2  Ir         8.79561       151
  -3.84269     4.7756    -6.30794        2  Ir         8.79561       157
   8.04693    -1.59187   -3.20211        3  O          8.80571       545
   8.04693     1.59187   -3.20211        3  O          8.80571       547
   3.79571    -6.36747   -4.80444        3  O          8.83373       593
   3.79571     6.36747   -4.80444        3  O          8.83373       601
  -1.98334    -3.18373    8.00749        3  O          8.84249       275
  -1.98334     3.18373    8.00749        3  O          8.84249       279
  -8.52117    -1.59187   -1.90967        3  O          8.87645       253
  -8.52117     1.59187   -1.90967        3  O          8.87645       255
   1.44133    -3.18373   -8.16859        3  O          8.88479       384
   1.44133     3.18373   -8.16859        3  O          8.88479       388
   5.77221    -6.36747    2.28884        3  O          8.89392       449
   5.77221     6.36747    2.28884        3  O          8.89392       457
   8.34518    -3.18373   -0.848259       3  O          8.97205       493
   8.34518     3.18373   -0.848259       3  O          8.97205       495
  -6.92866    -1.59187   -5.54378        1  Sr         9.0152         39
  -6.92866     1.59187   -5.54378        1  Sr         9.0152         41
  -0.76563    -4.7756    -7.62831        3  O          9.03237       428
  -0.76563     4.7756    -7.62831        3  O          9.03237       434
   4.3208     -1.59187    7.81837        3  O          9.0736        264
   4.3208      1.59187    7.81837        3  O          9.0736        266
   6.16303    -6.36747   -2.08453        1  Sr         9.10346        26
   6.16303     6.36747   -2.08453        1  Sr         9.10346        33
   7.98925     0          4.38762        3  O          9.11479       317
  -8.51109    -3.18373    0.729388       3  O          9.1163        343
  -8.51109     3.18373    0.729388       3  O          9.1163        345
  -4.61902    -6.36747    4.76585        3  O          9.19746       301
  -4.61902     6.36747    4.76585        3  O          9.19746       309
   4.02942    -6.36747    5.30183        3  O          9.21359       594
   4.02942     6.36747    5.30183        3  O          9.21359       602
  -6.44524    -6.36747   -1.70631        1  Sr         9.2194         16
  -6.44524     6.36747   -1.70631        1  Sr         9.2194         23
   4.0871     -7.95934   -2.2879         3  O          9.23525       259
   4.0871      7.95934   -2.2879         3  O          9.23525       269
   3.73117    -7.95934    2.94799        3  O          9.27164       504
   3.73117     7.95934    2.94799        3  O          9.27164       514
   0.712632   -1.59187   -9.11289        2  Ir         9.27829       191
   0.712632    1.59187   -9.11289        2  Ir         9.27829       194
  -7.7824     -4.7756     1.67369        2  Ir         9.28296       218
  -7.7824      4.7756     1.67369        2  Ir         9.28296       223
   3.49746    -4.7756    -7.15828        3  O          9.28868       505
   3.49746     4.7756    -7.15828        3  O          9.28868       511
   2.76925    -7.95934   -3.90871        2  Ir         9.28966       101
   2.76925     7.95934   -3.90871        2  Ir         9.28966       111
   1.68511    -7.95934    4.57674        3  O          9.33473       287
   1.68511     7.95934    4.57674        3  O          9.33473       297
  -1.71197    -3.18373   -8.6217         2  Ir         9.34883       238
  -1.71197     3.18373   -8.6217         2  Ir         9.34883       243
   3.31077     0          8.78589        2  Ir         9.38899       143
   4.82587    -7.95934    1.29546        2  Ir         9.39778       225
   4.82587     7.95934    1.29546        2  Ir         9.39778       234
  -6.69496    -4.7756     4.56249        1  Sr         9.40453        38
  -6.69496     4.7756     4.56249        1  Sr         9.40453        44
   2.46144    -6.36747   -6.49705        2  Ir         9.42417       173
   2.46144     6.36747   -6.49705        2  Ir         9.42417       181
  -4.62911    -7.95934    2.12679        3  O          9.45002       360
  -4.62911     7.95934    2.12679        3  O          9.45002       369
   7.97917    -4.7756     1.74856        3  O          9.46208       371
   7.97917     4.7756     1.74856        3  O          9.46208       376
  -4.86281    -1.59187   -7.97948        3  O          9.47908       363
  -4.86281     1.59187   -7.97948        3  O          9.47908       365
   5.67961    -4.7756    -5.92201        1  Sr         9.49392        49
   5.67961     4.7756    -5.92201        1  Sr         9.49392        55
   0.092599   -4.7756     8.21085        1  Sr         9.4991          5
   0.092599    4.7756     8.21085        1  Sr         9.4991         11
  -3.60899    -7.95934    3.79833        2  Ir         9.52907       150
  -3.60899     7.95934    3.79833        2  Ir         9.52907       160
  -2.50842    -7.95934   -4.61532        3  O          9.53648       567
  -2.50842     7.95934   -4.61532        3  O          9.53648       577
   0          -9.5512     0              3  O          9.5512        409
   0           9.5512     0              3  O          9.5512        424
  -9.53121     0         -0.94215        2  Ir         9.57766       133
   5.53851     0         -7.81743        3  O          9.58057       452
  -2.99337    -1.59187    8.975          2  Ir         9.59401       119
  -2.99337     1.59187    8.975          2  Ir         9.59401       122
  -4.56134    -7.95934   -2.82388        3  O          9.5985        530
  -4.56134     7.95934   -2.82388        3  O          9.5985        540
  -3.30118    -6.36747    6.38667        2  Ir         9.60375        76
  -3.30118     6.36747    6.38667        2  Ir         9.60375        84
  -8.87711    -1.59187    3.32621        3  O          9.61253       499
  -8.87711     1.59187    3.32621        3  O          9.61253       501
  -4.85273    -6.36747   -5.34042        3  O          9.6236        300
  -4.85273     6.36747   -5.34042        3  O          9.6236        308
   9.3812     -1.59187   -1.50949        2  Ir         9.63429       128
   9.3812      1.59187   -1.50949        2  Ir         9.63429       129
   7.75554     0         -5.71865        3  O          9.63594       316
   7.98925    -3.18373    4.38762        3  O          9.65482       315
   7.98925     3.18373    4.38762        3  O          9.65482       319
   7.25047    -6.36747    0.804266       2  Ir         9.68302       211
   7.25047     6.36747    0.804266       2  Ir         9.68302       216
  -6.83606    -6.36747    2.66707        3  O          9.71543       439
  -6.83606     6.36747    2.66707        3  O          9.71543       446
  -4.32764    -4.7756     7.28239        3  O          9.72461       533
  -4.32764     4.7756     7.28239        3  O          9.72461       539
   1.9765     -6.36747    7.09328        3  O          9.73477       557
   1.9765      6.36747    7.09328        3  O          9.73477       565
   8.99929    -1.59187    3.4201         2  Ir         9.75798       163
   8.99929     1.59187    3.4201         2  Ir         9.75798       165
  -1.47826    -9.5512     1.48457        2  Ir         9.77828       235
  -1.47826     9.5512     1.48457        2  Ir         9.77828       247
   1.45141    -7.95934   -5.52953        3  O          9.79966       286
   1.45141     7.95934   -5.52953        3  O          9.79966       296
   2.27475    -1.59187    9.44712        3  O          9.84666       470
   2.27475     1.59187    9.44712        3  O          9.84666       473
  -2.80667    -6.36747   -6.96917        3  O          9.84842       516
  -2.80667     6.36747   -6.96917        3  O          9.84842       524
  -8.81256     0         -4.42621        3  O          9.86167       586
   1.67503    -9.5512     1.93768        3  O          9.88867       381
   1.67503     9.5512     1.93768        3  O          9.88867       392
   8.04693    -4.7756    -3.20211        3  O          9.89004       543
   8.04693     4.7756    -3.20211        3  O          9.89004       549
   3.31077    -3.18373    8.78589        2  Ir         9.91409       140
   3.31077     3.18373    8.78589        2  Ir         9.91409       145
  -2.27472    -7.95934    5.49095        3  O          9.93357       568
  -2.27472     7.95934    5.49095        3  O          9.93357       578
  -8.52117    -4.7756    -1.90967        3  O          9.95307       252
  -8.52117     4.7756    -1.90967        3  O          9.95307       257
   9.07339     0         -4.09783        2  Ir         9.95583        90
  -2.44066    -1.59187   -9.56599        3  O          9.99995       327
  -2.44066     1.59187   -9.56599        3  O          9.99995       330
END
