    0.1507330463E-03   -0.5306033668E+05    0.5767145612E+01
    0.1584612949E-03   -0.5046994488E+05    0.5767145509E+01
    0.1665857792E-03   -0.4800938556E+05    0.5767145296E+01
    0.1751268148E-03   -0.4566547356E+05    0.5767144968E+01
    0.1841057586E-03   -0.4343912000E+05    0.5767144516E+01
    0.1935450626E-03   -0.4131825389E+05    0.5767143932E+01
    0.2034683302E-03   -0.3930379215E+05    0.5767143207E+01
    0.2139003746E-03   -0.3738476546E+05    0.5767142329E+01
    0.2248672813E-03   -0.3556200577E+05    0.5767141286E+01
    0.2363964733E-03   -0.3382561826E+05    0.5767140065E+01
    0.2485167797E-03   -0.3217630969E+05    0.5767138649E+01
    0.2612585075E-03   -0.3060518846E+05    0.5767137023E+01
    0.2746535176E-03   -0.2911281312E+05    0.5767135167E+01
    0.2887353046E-03   -0.2769123117E+05    0.5767133059E+01
    0.3035390802E-03   -0.2634085501E+05    0.5767130676E+01
    0.3191018616E-03   -0.2505458370E+05    0.5767127993E+01
    0.3354625639E-03   -0.2383268860E+05    0.5767124980E+01
    0.3526620974E-03   -0.2266884876E+05    0.5767121604E+01
    0.3707434697E-03   -0.2156321141E+05    0.5767117831E+01
    0.3897518939E-03   -0.2051015173E+05    0.5767113621E+01
    0.4097349008E-03   -0.1950970665E+05    0.5767108929E+01
    0.4307424584E-03   -0.1855688163E+05    0.5767103709E+01
    0.4528270965E-03   -0.1765162254E+05    0.5767097906E+01
    0.4760440382E-03   -0.1678949239E+05    0.5767091461E+01
    0.5004513380E-03   -0.1597036034E+05    0.5767084309E+01
    0.5261100268E-03   -0.1519029111E+05    0.5767076377E+01
    0.5530842647E-03   -0.1444909395E+05    0.5767067586E+01
    0.5814415013E-03   -0.1374327520E+05    0.5767057846E+01
    0.6112526445E-03   -0.1307259618E+05    0.5767047062E+01
    0.6425922378E-03   -0.1243395929E+05    0.5767035124E+01
    0.6755386463E-03   -0.1182709111E+05    0.5767021914E+01
    0.7101742534E-03   -0.1124924174E+05    0.5767007300E+01
    0.7465856660E-03   -0.1070011190E+05    0.5766991136E+01
    0.7848639316E-03   -0.1017726311E+05    0.5766973263E+01
    0.8251047659E-03   -0.9680379884E+04    0.5766953503E+01
    0.8674087919E-03   -0.9207296753E+04    0.5766931661E+01
    0.9118817916E-03   -0.8757688143E+04    0.5766907520E+01
    0.9586349708E-03   -0.8329633057E+04    0.5766880842E+01
    0.1007785237E-02   -0.7922802584E+04    0.5766851364E+01
    0.1059455491E-02   -0.7535489834E+04    0.5766818796E+01
    0.1113774935E-02   -0.7167366501E+04    0.5766782817E+01
    0.1170879397E-02   -0.6816917541E+04    0.5766743073E+01
    0.1230911668E-02   -0.6483819712E+04    0.5766699174E+01
    0.1294021859E-02   -0.6166725937E+04    0.5766650690E+01
    0.1360367778E-02   -0.5865320349E+04    0.5766597146E+01
    0.1430115326E-02   -0.5578406493E+04    0.5766538017E+01
    0.1503438906E-02   -0.5305678682E+04    0.5766472726E+01
    0.1580521867E-02   -0.5046072331E+04    0.5766400634E+01
    0.1661556956E-02   -0.4799293073E+04    0.5766321040E+01
    0.1746746803E-02   -0.4564394705E+04    0.5766233168E+01
    0.1836304427E-02   -0.4341095810E+04    0.5766136164E+01
    0.1930453768E-02   -0.4128553835E+04    0.5766029085E+01
    0.2029430249E-02   -0.3926500660E+04    0.5765910893E+01
    0.2133481363E-02   -0.3734186898E+04    0.5765780444E+01
    0.2242867292E-02   -0.3551358539E+04    0.5765636477E+01
    0.2357861557E-02   -0.3377347776E+04    0.5765477602E+01
    0.2478751704E-02   -0.3211914550E+04    0.5765302289E+01
    0.2605840021E-02   -0.3054464475E+04    0.5765108851E+01
    0.2739444296E-02   -0.2904771704E+04    0.5764895433E+01
    0.2879898609E-02   -0.2762306165E+04    0.5764659990E+01
    0.3027554168E-02   -0.2626855748E+04    0.5764400271E+01
    0.3182780189E-02   -0.2497948330E+04    0.5764113800E+01
    0.3345964819E-02   -0.2375385456E+04    0.5763797852E+01
    0.3517516104E-02   -0.2258745777E+04    0.5763449426E+01
    0.3697863011E-02   -0.2147843834E+04    0.5763065226E+01
    0.3887456502E-02   -0.2042304096E+04    0.5762641623E+01
    0.4086770659E-02   -0.1941953802E+04    0.5762174631E+01
    0.4296303871E-02   -0.1846457573E+04    0.5761659867E+01
    0.4516580081E-02   -0.1755654615E+04    0.5761092513E+01
    0.4748150094E-02   -0.1669245822E+04    0.5760467282E+01
    0.4991592955E-02   -0.1587081953E+04    0.5759778363E+01
    0.5247517398E-02   -0.1508895700E+04    0.5759019378E+01
    0.5516563369E-02   -0.1434548619E+04    0.5758183331E+01
    0.5799403621E-02   -0.1363802173E+04    0.5757262542E+01
    0.6096745403E-02   -0.1296528246E+04    0.5756248594E+01
    0.6409332224E-02   -0.1232513522E+04    0.5755132258E+01
    0.6737945714E-02   -0.1171639482E+04    0.5753903422E+01
    0.7083407578E-02   -0.1113715666E+04    0.5752551014E+01
    0.7446581651E-02   -0.1058632666E+04    0.5751062908E+01
    0.7828376056E-02   -0.1006220059E+04    0.5749425844E+01
    0.8229745479E-02   -0.9563768676E+03    0.5747625313E+01
    0.8651693553E-02   -0.9089508531E+03    0.5745645465E+01
    0.9095275367E-02   -0.8638489928E+03    0.5743468980E+01
    0.9561600107E-02   -0.8209349958E+03    0.5741076954E+01
    0.1005183383E-01   -0.7801231734E+03    0.5738448762E+01
    0.1056720237E-01   -0.7412917226E+03    0.5735561919E+01
    0.1110899442E-01   -0.7043618446E+03    0.5732391928E+01
    0.1167856474E-01   -0.6692244486E+03    0.5728912125E+01
    0.1227733756E-01   -0.6358070675E+03    0.5725093500E+01
    0.1290681012E-01   -0.6040121163E+03    0.5720904534E+01
    0.1356855642E-01   -0.5737732247E+03    0.5716310993E+01
    0.1426423119E-01   -0.5450028389E+03    0.5711275753E+01
    0.1499557396E-01   -0.5176399239E+03    0.5705758569E+01
    0.1576441348E-01   -0.4916063546E+03    0.5699715887E+01
    0.1657267224E-01   -0.4668460396E+03    0.5693100601E+01
    0.1742237132E-01   -0.4432890023E+03    0.5685861849E+01
    0.1831563540E-01   -0.4208838509E+03    0.5677944752E+01
    0.1925469810E-01   -0.3995679329E+03    0.5669290217E+01
    0.2024190758E-01   -0.3792941903E+03    0.5659834657E+01
    0.2127973238E-01   -0.3600065316E+03    0.5649509807E+01
    0.2237076759E-01   -0.3416617745E+03    0.5638242442E+01
    0.2351774137E-01   -0.3242097481E+03    0.5625954212E+01
    0.2472352175E-01   -0.3076110238E+03    0.5612561375E+01
    0.2599112382E-01   -0.2918205880E+03    0.5597974667E+01
    0.2732371724E-01   -0.2768023384E+03    0.5582099073E+01
    0.2872463418E-01   -0.2625161141E+03    0.5564833752E+01
    0.3019737766E-01   -0.2489287880E+03    0.5546071863E+01
    0.3174563032E-01   -0.2360044716E+03    0.5525700586E+01
    0.3337326359E-01   -0.2237128762E+03    0.5503601028E+01
    0.3508434741E-01   -0.2120219277E+03    0.5479648369E+01
    0.3688316037E-01   -0.2009039315E+03    0.5453711899E+01
    0.3877420044E-01   -0.1903302010E+03    0.5425655317E+01
    0.4076219620E-01   -0.1802754067E+03    0.5395336945E+01
    0.4285211869E-01   -0.1707140053E+03    0.5362610227E+01
    0.4504919380E-01   -0.1616227883E+03    0.5327324174E+01
    0.4735891536E-01   -0.1529789589E+03    0.5289324098E+01
    0.4978705887E-01   -0.1447613076E+03    0.5248452355E+01
    0.5233969597E-01   -0.1369495247E+03    0.5204549344E+01
    0.5502320956E-01   -0.1295241860E+03    0.5157454611E+01
    0.5784430984E-01   -0.1224672173E+03    0.5107008141E+01
    0.6081005103E-01   -0.1157608040E+03    0.5053051888E+01
    0.6392784901E-01   -0.1093889092E+03    0.4995431349E+01
    0.6720549992E-01   -0.1033351525E+03    0.4933997589E+01
    0.7065119958E-01   -0.9758530506E+02    0.4868609055E+01
    0.7427356405E-01   -0.9212428364E+02    0.4799134148E+01
    0.7808165111E-01   -0.8693949970E+02    0.4725453186E+01
    0.8208498297E-01   -0.8201702198E+02    0.4647461558E+01
    0.8629357004E-01   -0.7734569630E+02    0.4565071672E+01
    0.9071793599E-01   -0.7291261372E+02    0.4478216703E+01
    0.9536914403E-01   -0.6870792469E+02    0.4386852298E+01
    0.1002588246E+00   -0.6471961292E+02    0.4290960889E+01
    0.1053992045E+00   -0.6093898472E+02    0.4190552806E+01
    0.1108031372E+00   -0.5735477528E+02    0.4085671129E+01
    0.1164841356E+00   -0.5395936283E+02    0.3976391802E+01
    0.1224564049E+00   -0.5074210438E+02    0.3862828919E+01
    0.1287348790E+00   -0.4769635090E+02    0.3745133312E+01
    0.1353352574E+00   -0.4481198200E+02    0.3623498228E+01
    0.1422740444E+00   -0.4208323368E+02    0.3498155860E+01
    0.1495685907E+00   -0.3950042805E+02    0.3369383291E+01
    0.1572371363E+00   -0.3705864796E+02    0.3237496348E+01
    0.1652988567E+00   -0.3474855885E+02    0.3102855882E+01
    0.1737739103E+00   -0.3256607136E+02    0.2965858469E+01
    0.1826834892E+00   -0.3050213131E+02    0.2826942990E+01
    0.1920498720E+00   -0.2855350193E+02    0.2686577704E+01
    0.2018964795E+00   -0.2671136173E+02    0.2545267486E+01
    0.2122479333E+00   -0.2497335705E+02    0.2403537091E+01
    0.2231301176E+00   -0.2333083424E+02    0.2261939271E+01
    0.2345702434E+00   -0.2178243336E+02    0.2121034104E+01
    0.2465969169E+00   -0.2031964954E+02    0.1981398784E+01
    0.2592402112E+00   -0.1894216618E+02    0.1843603299E+01
    0.2725317411E+00   -0.1764155468E+02    0.1708222319E+01
    0.2865047422E+00   -0.1641866096E+02    0.1575807534E+01
    0.3011941545E+00   -0.1526509556E+02    0.1446902706E+01
    0.3166367090E+00   -0.1418277344E+02    0.1322013343E+01
    0.3328710202E+00   -0.1316317352E+02    0.1201625160E+01
    0.3499376824E+00   -0.1220914730E+02    0.1086171644E+01
    0.3678793710E+00   -0.1131190571E+02    0.9760567513E+00
    0.3867409497E+00   -0.1047471699E+02    0.8716212193E+00
    0.4065695822E+00   -0.9688397255E+01    0.7731688757E+00
    0.4274148504E+00   -0.8956307259E+01    0.6809323782E+00
    0.4493288784E+00   -0.8269139137E+01    0.5951031579E+00
    0.4723664626E+00   -0.7630008068E+01    0.5157976234E+00
    0.4965852091E+00   -0.7030002918E+01    0.4430889088E+00
    0.5220456772E+00   -0.6472188797E+01    0.3769745870E+00
    0.5488115314E+00   -0.5948609676E+01    0.3174095428E+00
    0.5769497003E+00   -0.5462177601E+01    0.2642765970E+00
    0.6065305440E+00   -0.5006083336E+01    0.2174181017E+00
    0.6376280300E+00   -0.4583180990E+01    0.1766109977E+00
    0.6703199182E+00   -0.4187760916E+01    0.1415964820E+00
    0.7046879553E+00   -0.3822365370E+01    0.1120608227E+00
    0.7408180794E+00   -0.3482171860E+01    0.8766108415E-01
    0.7788006345E+00   -0.3169431057E+01    0.6801283676E-01
    0.8187305969E+00   -0.2880011168E+01    0.5271167523E-01
    0.8607078123E+00   -0.2615686026E+01    0.4132783424E-01
    0.9048372455E+00   -0.2372846451E+01    0.3342229838E-01
    0.9512292431E+00   -0.2152871933E+01    0.2854801027E-01
    0.9999998093E+00   -0.1952570047E+01    0.2626051195E-01
    0.1051270896E+01   -0.1772842255E+01    0.2612406422E-01
    0.1105170707E+01   -0.1610852149E+01    0.2771669582E-01
    0.1161834021E+01   -0.1467158940E+01    0.3063983125E-01
    0.1221402525E+01   -0.1339278486E+01    0.3451802599E-01
    0.1284025172E+01   -0.1227355864E+01    0.3900991582E-01
    0.1349858550E+01   -0.1129276898E+01    0.4380412516E-01
    0.1419067278E+01   -0.1044509020E+01    0.4863022831E-01
    0.1491824413E+01   -0.9694976771E+00    0.5325165760E-01
    0.1568311886E+01   -0.9028878176E+00    0.5747507803E-01
    0.1648720956E+01   -0.8468105012E+00    0.6114319048E-01
    0.1733252687E+01   -0.7998018974E+00    0.6414152356E-01
    0.1822118453E+01   -0.7550943756E+00    0.6639160672E-01
    0.1915540464E+01   -0.7133014029E+00    0.6785394402E-01
    0.2013752323E+01   -0.6391304398E+00    0.6852411340E-01
    0.2116999613E+01   -0.6391304398E+00    0.6842862675E-01
    0.2225540504E+01   -0.6391304398E+00    0.6759752435E-01
    0.2339646406E+01   -0.6391304398E+00    0.6611317489E-01
    0.2459602642E+01   -0.6391304398E+00    0.6408145619E-01
    0.2585709166E+01   -0.6391304398E+00    0.6162788134E-01
    0.2718281310E+01   -0.6391304398E+00    0.5889204265E-01
