 # it. E_fermi(eV)  Charge Distance  Partial Chg. D.  Convergence
  0       3.014          0.000         0.0000     0
  1      -7.756         0.1439         6.7613     0
  2      -7.966         0.2128         0.4742     0
  3      -7.364         0.0459         0.2222     0
  4      -7.277         0.0149         0.1685     0
  5      -7.339         0.0096         0.0271     0
  6      -7.386         0.0072         0.0100     0
  7      -7.430         0.0013         0.0083     0
  8      -7.428         0.0011         0.0009     0
  9      -7.428         0.0010         0.0079     0
 10      -7.428         0.0027         0.0045     0
 11      -7.428         0.0039         0.0064     0
 12      -7.426         0.0016         0.0031     0
 13      -7.426         0.0040         0.0031     0
 14      -7.425         0.0229         0.0023     0
 15      -7.425         0.0500         0.0312     0
 16      -7.401         0.0727         0.0199     0
 17      -7.465         0.0395         0.0297     0
 18      -7.430         0.0001         0.0158     0
 19      -7.430         0.0012         0.0026     0
 20      -7.430         0.0063         0.0010     0
 21      -7.430         0.0144         0.0080     0
 22      -7.422         0.0286         0.0058     0
 23      -7.422         0.0641         0.0397     0
 24      -7.391         0.1048         0.0245     0
 25      -7.484         0.0582         0.0436     0
 26      -7.431         0.0023         0.0236     0
 27      -7.431         0.0010         0.0008     0
 28      -7.431         0.0026         0.0011     0
 29      -7.429         0.0078         0.0004     0
 30      -7.429         0.0164         0.0098     0
