 # it. E_fermi(eV)  Charge Distance  Partial Chg. D.  Convergence
  0       2.060          0.000         0.0000     0
  1      -6.803         0.2180         6.5903     0
  2      -7.307         0.3410         0.4843     0
  3      -7.308         0.1125         0.4443     0
  4      -7.047         0.0169         0.2960     0
  5      -7.047         0.0066         0.0593     0
  6      -7.072         0.0013         0.0277     0
  7      -7.087         0.0034         0.0029     0
  8      -7.097         0.0055         0.0010     0
  9      -7.106         0.0020         0.0006     0
 10      -7.107         0.0006         0.0004     0
 11      -7.108         0.0000         0.0001     1
