 # it. E_fermi(eV)  Charge Distance  Partial Chg. D.  Convergence
  0       3.336          0.000         0.0000     0
  1      -7.562         0.1858         6.5934     0
  2      -7.934         0.2949         0.5248     0
  3      -7.465         0.0843         0.3764     0
  4      -7.296         0.0190         0.2995     0
  5      -7.357         0.0116         0.0220     0
  6      -7.414         0.0095         0.0124     0
  7      -7.469         0.0016         0.0112     0
  8      -7.466         0.0016         0.0012     0
  9      -7.466         0.0015         0.0071     0
 10      -7.466         0.0030         0.0047     0
 11      -7.466         0.0053         0.0053     0
 12      -7.464         0.0047         0.0032     0
 13      -7.464         0.0107         0.0069     0
 14      -7.459         0.0269         0.0044     0
 15      -7.459         0.1362         0.0280     0
 16      -7.354         0.1517         0.0242     0
 17      -7.501         0.0291         0.0709     0
 18      -7.471         0.0018         0.0126     0
 19      -7.471         0.0007         0.0008     0
 20      -7.471         0.0003         0.0004     0
 21      -7.471         0.0001         0.0002     1
