ATOMS
  *       x           y           z    ipot  Atom      Distance    Number
**********-  **********  **********  ******  ******  **********  ********
   0           0           0              0  O          0               0
   1.40072     1.27403     0.283137       2  Ir         1.91451       156
  -7.58147    -6.41463    -1.25873        3  O         10.0105        303
  -7.83779    -0.924369    6.16849        3  O         10.0168        410
   1.38879     6.91394    -7.12599        2  Ir        10.0255        109
   6.40848     1.70887     7.51825        2  Ir        10.0256        114
  -1.42217     5.70811     8.1253         3  O         10.0312        384
   4.04898    -9.05149    -1.61845        1  Sr        10.047          29
  -2.34855     9.5046      2.30053        3  O         10.0571        436
  -7.10265    -3.50365     6.20558        1  Sr        10.0614         54
  -2.43853    -1.31598     9.6811         3  O         10.0699        255
   2.96653    -1.32399     9.53775        3  O         10.0758        262
   4.00631    -4.69893     7.96461        3  O         10.078         386
   7.64443     5.42678    -3.70626        3  O         10.0809        354
  -7.83701    -6.33454     0.585418       2  Ir        10.0939        163
  -8.87627    -2.38428     4.17466        3  O         10.0946        465
   5.01188     8.10293    -3.34828        3  O         10.0989        334
   0.810718   -3.36408     9.49602        3  O         10.1069        293
   6.80556     1.70642    -7.27802        2  Ir        10.1093        113
   6.49722     6.89072    -3.55125        2  Ir        10.1147        146
  -7.71847    -6.08594     2.41788        3  O         10.1222        429
   5.99388    -6.03024    -5.5053         1  Sr        10.1291         15
   1.21951    -8.56605    -5.30892        3  O         10.1513        291
  -9.45156    -3.53848    -1.27525        3  O         10.1725        268
  -9.39768    -3.90946     0.561177       2  Ir        10.1939        147
   8.37739    -0.948402    5.73842        3  O         10.1985        427
  -7.55536    -1.0143     -6.77792        2  Ir        10.2006         75
  -9.84323     1.15694     2.41758        3  O         10.2016        392
  -7.33694    -6.36725    -3.12355        2  Ir        10.2044        115
   3.05651     9.49658     2.15718        3  O         10.2069        441
  -8.88798     2.81523     4.18333        3  O         10.2187        466
  -4.27776    -8.6918     -3.29055        2  Ir        10.231         133
  -6.40673    -4.68536    -6.54495        3  O         10.2876        373
   8.57597     4.19789     3.87955        2  Ir        10.3063        212
   2.86939    -6.22738     7.72297        2  Ir        10.3275         86
  -0.195165   -7.25569     7.35313        3  O         10.3321        236
  -9.70624     1.71524    -3.12986        2  Ir        10.3416        132
   8.85481     4.00774    -3.53627        2  Ir        10.3429        130
  -2.53567    -6.21937     7.86632        2  Ir        10.3436         79
   9.44233    -3.85998    -1.75314        1  Sr        10.3504         33
   0.991716    6.9164      7.67027        2  Ir        10.3756        110
   8.76867    -1.33446    -5.40188        3  O         10.3851        266
   4.10454    -3.52213    -8.8774         1  Sr        10.3952         66
   0.201914   -7.25814    -7.44313        3  O         10.3982        235
   0.023424  -10.399      -0.017339       3  O         10.3991        362
  -0.023424   10.399       0.017339       3  O         10.3991        365
   3.43804     9.21527    -3.38425        2  Ir        10.4017        127
  -4.02054    -3.85796    -8.79012        3  O         10.4074        447
  -8.54732    -4.94821    -3.29353        3  O         10.411         337
   0.168318    4.37926     9.45166        1  Sr        10.4183         13
   3.35769     4.25666    -8.90582        3  O         10.4263        423
  -5.79823     8.11896    -3.06156        3  O         10.436         324
   6.4202     -3.49064     7.50958        2  Ir        10.4784        112
  -4.41475    -9.2501      2.25689        3  O         10.4951        394
   8.37816    -6.35857     0.155353       2  Ir        10.519         176
  -2.24586     9.41342     4.17493        2  Ir        10.5398        204
   6.81728    -3.4931     -7.28669        2  Ir        10.5723        111
   3.98289     5.7001      7.98195        3  O         10.5861        390
  -2.06487     9.08059    -5.09783        3  O         10.6164        258
  -4.01626     6.92195    -6.98264        2  Ir        10.6208        101
  -7.63903     7.35143     0.848271       3  O         10.6357        216
   8.49671    -6.10997     1.98782        3  O         10.6526        442
  -5.16808     9.05766     2.20357        1  Sr        10.6586         41
  -0.274021    0.10396   -10.6658         3  O         10.6698        490
  -8.57074     5.45081    -3.2762         3  O         10.6725        339
  -7.61578    -6.17711     4.29228        2  Ir        10.7042        196
   3.1592      9.40541     4.03157        2  Ir        10.7096        209
   2.95482     3.87552     9.54641        3  O         10.7184        264
  -6.81552     0.516609    8.25999        3  O         10.7213        376
  -2.45024     3.88353     9.68977        3  O         10.7227        257
  -1.68588    -8.71117     6.05355        1  Sr        10.7411         58
  -9.69453    -3.48428    -3.13853        2  Ir        10.7691        131
   6.36907     6.5275      5.73677        3  O         10.7742        464
  -6.43015     5.71367    -6.52761        3  O         10.7983        377
 -10.8101      0.016022    0.28671        3  O         10.8139        356
  10.8101     -0.016022   -0.28671        3  O         10.8139        371
   5.64203     9.04164     1.91685        1  Sr        10.8286         50
   0.999148   -9.06303     5.85412        3  O         10.8355        453
  -4.18555    -8.55804    -5.16556        3  O         10.8371        285
  -1.82536    -0.988064  -10.6387         2  Ir        10.8393        200
  10.139       0.090395    3.84379        3  O         10.8435        500
  -4.60605     1.84344     9.64804        3  O         10.8489        289
  -7.8495      4.27515     6.17715        3  O         10.865         411
   5.58509    -0.828266    9.29963        1  Sr        10.8794         17
 -10.5497     -1.33336     2.32958        1  Sr        10.8858         36
  -9.83152    -4.04258     2.40891        3  O         10.8997        391
  -2.02394    -6.13435    -8.7798         3  O         10.9001        412
   8.6337     -6.43867    -1.68879        3  O         10.9018        316
   9.10081     1.67183     5.78418        1  Sr        10.9122         73
   1.20274     1.29227   -10.7813         2  Ir        10.9249        189
  -5.22503    -0.812244    9.58634        1  Sr        10.948           4
 -10.0044      1.31075     4.30164        2  Ir        10.9686        180
   0.553684    9.57632    -5.33594        1  Sr        10.9765         14
  -7.56707     4.18522    -6.76925        2  Ir        10.9818         77
   8.75695     3.86505    -5.39321        3  O         10.9868        267
  -4.57597    -9.09629     4.14095        2  Ir        10.9922        181
  -9.61403     1.849      -5.00487        3  O         10.9953        284
   3.34018     9.07258    -5.24118        3  O         10.9972        265
   8.36567     4.25111     5.74709        3  O         11.0039        428
   2.27451   -10.1638     -3.58891        3  O         11.0161        346
  -6.71728     1.69341    -8.58202        1  Sr        11.0291         55
   6.58943     7.02448    -5.42626        3  O         11.0548        302
  -7.43479    -6.50994    -4.98048        3  O         11.0662        249
  -0.647676  -10.2926      4.11316        3  O         11.1029        487
   1.36109     6.53305    -8.91614        3  O         11.1369        458
  -0.2303      8.34286     7.37914        3  O         11.1404        242
   0.166778    8.3404     -7.41712        3  O         11.1626        241
   3.71918    -8.71918     5.9102         1  Sr        11.1708         65
  -3.13055   -10.1557     -3.44556        3  O         11.1719        340
  -1.32394     6.88491    -8.7167         1  Sr        11.1864         63
   0.191742   -6.01977     9.43432        1  Sr        11.1929          9
  -4.59434    -3.35607     9.63937        3  O         11.1932        287
   6.77532    -8.76202    -1.71399        3  O         11.2078        279
   7.35062    -7.60783     3.73592        3  O         11.2191        479
  -7.60389    -8.24711     0.822263       3  O         11.2477        213
  10.4404     -2.30411    -3.50897        3  O         11.2527        335
   8.26273    -1.03587     7.58828        2  Ir        11.2662         92
   8.59939    -6.20114     3.86221        2  Ir        11.2836        210
   8.57615     7.3274      0.418207       3  O         11.2879        228
  11.0705     -1.3654      1.75616        1  Sr        11.2918         51
   8.65981    -1.03833    -7.20798        2  Ir        11.3148         91
  -0.694523   10.5054      4.14783        3  O         11.316         494
  -4.41334     6.92441     7.81363        2  Ir        11.3348        102
  -7.95244    -1.01184     8.01835        2  Ir        11.3384         76
  -9.60232    -3.35052    -5.01354        3  O         11.3387        283
   1.42393    -8.6846     -7.152          2  Ir        11.3402        103
   3.38112    -6.14236    -8.92316        3  O         11.3483        419
   9.11252    -3.52768     5.77551        1  Sr        11.3507         72
  -6.76113    -9.03546    -1.33174        1  Sr        11.3634         20
  10.4287      2.89541    -3.5003         3  O         11.3751        336
   6.20406     1.82742     9.36133        3  O         11.3782        301
   1.854       0.237735   11.2247         3  O         11.3793        349
   6.77786     1.32553    -9.06816        3  O         11.3986        462
   3.5797     -0.996075  -10.782          2  Ir        11.4043        206
   6.8292     -9.13301     0.122443       2  Ir        11.4046        159
   2.33093    -2.40276   -10.9083         3  O         11.4104        474
   6.39536    -9.26612     1.97018        3  O         11.4299        403
  -7.44071    -0.926826   -8.62778        3  O         11.4307        409
   2.22766    10.6343     -3.55424        3  O         11.4317        351
 -10.233      -0.80669    -5.06657        1  Sr        11.4471          1
  -6.70557    -3.5061     -8.59069        1  Sr        11.448          53
  -3.07413    -2.39475   -10.765          3  O         11.4486        468
  -9.42111     6.48956     0.578516       2  Ir        11.4545        149
   6.53235    -8.70782    -3.57726        2  Ir        11.4584        143
   7.31548     7.99071     3.76193        3  O         11.4682        482
   5.20989    -7.2637      7.20978        3  O         11.4841        244
 -10.5614      3.86616     2.33825        1  Sr        11.4873         37
   2.31922     2.79675   -10.8996         3  O         11.4893        476
  -2.45615     9.46665     6.04247        3  O         11.4962        418
   8.87823    -6.39128    -3.55361        2  Ir        11.5022        128
  -4.20231     1.30028   -10.638          2  Ir        11.5116        183
   0.706792    1.70167    11.3797         2  Ir        11.5279        141
  -5.20314    -7.25013    -7.29978        3  O         11.5293        229
   2.9489      9.45864     5.89911        3  O         11.5309        425
  -3.08584     2.80477   -10.7563         3  O         11.5363        470
   1.21446    -3.90725   -10.79           2  Ir        11.5397        187
  -9.99274    -3.88877     4.29298        2  Ir        11.5502        179
  -1.83707     4.21145   -10.63           2  Ir        11.5805        202
   9.4189      6.53904    -1.7358         1  Sr        11.5969         35
   1.02685    -8.68214     7.64426        2  Ir        11.6133        104
  -3.1774     10.6423     -3.41088        3  O         11.6185        345
  -4.04397     6.54106    -8.77278        3  O         11.6662        451
  -6.80381    -4.6829      8.25132        3  O         11.675         374
  -9.83439     1.35202     6.15817        3  O         11.6819        445
  -7.82608    -6.12388     6.15982        3  O         11.6916        408
   6.23415    -9.11232     3.85424        2  Ir        11.6942        192
   5.57338     4.37125     9.3083         1  Sr        11.6968         19
  -5.38163   -10.391       0.126016       3  O         11.7026        357
   5.38163    10.391      -0.126016       3  O         11.7026        370
  -7.12607     6.89538     6.22292        1  Sr        11.7069         57
  -4.40591    -9.05502     5.99748        3  O         11.7207        446
   6.21577    -3.37209     9.35266        3  O         11.7252        299
  -5.42848    10.407       0.160694       3  O         11.7389        361
   5.42848   -10.407      -0.160694       3  O         11.7389        366
  -2.3017    -11.2935      2.26586        3  O         11.7462        432
   1.3773     11.6731      0.300476       2  Ir        11.7579        158
  -9.47498     6.86055    -1.25791        3  O         11.7654        270
  -9.40961     1.73045    -6.84795        2  Ir        11.7656         95
   0.943456   11.5399      2.14821        3  O         11.776         402
  -5.23674     4.38727     9.59501        1  Sr        11.7786          6
 -11.1799     -2.27206    -2.93555        3  O         11.78          319
  -2.42024   -11.5421      0.433394       2  Ir        11.801         166
  -0.766829   -2.28563    11.574          3  O         11.8224        327
  -0.26231    -5.09555   -10.6744         3  O         11.8312        488
  -2.34067    -1.17329    11.538          2  Ir        11.8314        120
  -5.60022    -7.24768     7.49649        3  O         11.8359        230
  11.0588      3.83411     1.76483        1  Sr        11.8369         52
  -3.98113    -8.67659    -7.00865        2  Ir        11.8429         96
  -2.17373     9.37672    -6.90393        2  Ir        11.8453         84
   0.787294    7.03494     9.51336        3  O         11.8581        297
   3.06439    -1.1813     11.3947         2  Ir        11.8585        125
   8.3891     -6.14792     5.72975        3  O         11.8745        426
  -7.54365    -6.21381    -6.78659        2  Ir        11.8986         74
  -2.1647    -11.6222     -1.41075        3  O         11.9059        307
  -0.285733    5.30347   -10.6571         3  O         11.9072        492
   5.60697    -7.26616    -7.58649        3  O         11.9076        243
   3.10336   -11.3015      2.1225         3  O         11.9105        437
  -2.42681    -6.51549     9.67243        3  O         11.9121        253
  -3.55105     0.245746   11.368          3  O         11.9123        343
   0.718504   -3.49784    11.371          2  Ir        11.9185        139
   0.283823  -11.7484      2.02553        1  Sr        11.9251         42
  -1.40292    11.7546     -1.44042        1  Sr        11.9253         28
   2.97824    -6.52351     9.52908        3  O         11.926         260
  -4.85137     9.58433    -5.19258        1  Sr        11.9314          7
 -11.1916      2.92745    -2.92688        3  O         11.9326        320
   2.98482   -11.5501      0.290039       2  Ir        11.933         171
   4.08112     6.8769     -8.86006        1  Sr        11.9352         70
   8.61128    -8.27114     0.392198       3  O         11.9465        225
  -5.67908     0.111971  -10.5224         3  O         11.9577        484
   8.25102     4.16364     7.59695        2  Ir        11.9636         94
   5.13104     0.095949  -10.8091         3  O         11.9655        496
  -0.778541    2.91389    11.5827         3  O         11.9689        329
  11.777       1.12489     1.84416        3  O         11.9735        407
  -9.85495     6.35645     2.42625        3  O         11.9754        393
   6.78957    -3.87399    -9.07683        3  O         11.9789        460
 -10.7984     -5.18349     0.27804        3  O         11.9813        355
  10.7984      5.18349    -0.27804        3  O         11.9813        372
  -0.989959   -9.89289    -6.69697        3  O         11.9874        378
  10.1507     -5.10912     3.83512        3  O         11.9937        499
  -7.6166      9.18391    -1.23272        3  O         11.9948        306
   8.6481      4.16118    -7.19931        2  Ir        11.9973         93
  -1.3795      1.35555    -1.45776        1  Sr         2.4219         26
   0.260399   -1.34938     2.04287        1  Sr         2.4621         44
   0.96688     1.14092     2.13087        3  O          2.6033        400
   1.34684     1.64501    -1.55329        3  O          2.63302       277
  -2.44366    -1.14304     0.450732       2  Ir         2.73517       168
  -2.18812    -1.22313    -1.39341        3  O          2.86802       309
  -2.22226     2.14391     0.696247       3  O          3.16536       219
   2.96139    -1.15105     0.307378       2  Ir         3.19206       173
  -2.32512    -0.894432    2.28319        3  O          3.37923       434
   3.21693    -1.23114    -1.53677        3  O          3.77174       313
  -2.21054    -3.05561     0.687578       3  O          3.83353       218
   3.07994    -0.902444    2.13984        3  O          3.85737       439
   3.1828      2.1359      0.552892       3  O          3.87272       223
  -0.369751   -2.28808    -3.22226        3  O          3.96926       326
  -1.94359    -1.17575    -3.25823        2  Ir         3.9719        119
   1.10387     1.69921    -3.41656        2  Ir         3.97225       140
   1.35855    -3.5545     -1.56196        3  O          4.11338       276
   1.41243    -3.92549     0.274468       2  Ir         4.18088       155
  -0.6711      0.106418    4.1305         3  O          4.18601       491
  -4.00434     1.28204     0.426492       2  Ir         4.22614       152
   2.25108     0.235277   -3.57158        3  O          4.22834       348
   0.805665    1.29472     4.01494        2  Ir         4.29478       190
  -1.36779    -3.84396    -1.46643        1  Sr         4.33559        25
  -0.381463    2.91143    -3.21359        3  O          4.35306       328
   0.248687    3.85013     2.05154        1  Sr         4.36969        45
   3.19451    -3.06362     0.544223       3  O          4.45947       222
   4.02556     1.34754    -1.60112        1  Sr         4.53702        31
  -4.05821     1.65303    -1.40994        3  O          4.60321       273
  -3.15397     0.243289   -3.42822        3  O          4.6647        342
   0.978592   -4.0586      2.1222         3  O          4.68333       399
  -2.19984     3.97638    -1.38474        3  O          4.75062       310
  -2.45538     4.05648     0.459402       2  Ir         4.76392       169
  -2.22243    -0.985606    4.15759        2  Ir         4.81624       201
   1.93385    -2.4003      3.88795        3  O          4.96159       475
   3.46147    -1.18376    -3.40159        2  Ir         4.99538       124
   2.94968     4.04847     0.316047       2  Ir         5.01902       174
   1.11558    -3.5003     -3.42523        2  Ir         5.02283       138
  -4.43818     1.14893     2.27423        3  O          5.11757       396
   1.92214     2.79921     3.89662        3  O          5.16854       477
   0.011712   -5.19951    -0.008669       3  O          5.19954       363
  -0.011712    5.19951     0.008669       3  O          5.19954       364
   3.18262    -0.993617    4.01423        2  Ir         5.21828       207
   3.20522     3.96837    -1.5281         3  O          5.32508       314
  -5.40506     0.008011    0.143355       3  O          5.40696       359
   5.40506    -0.008011   -0.143355       3  O          5.40696       368
  -2.33683     4.30508     2.29186        3  O          5.40806       435
   0.577108   -0.822712   -5.35328        1  Sr         5.44679        10
  -1.9553      4.02377    -3.24956        2  Ir         5.52934       121
  -4.0465     -3.54649    -1.41861        3  O          5.56455       272
  -3.99262    -3.91748     0.417823       2  Ir         5.60912       151
   0.817377   -3.90479     4.00627        2  Ir         5.65382       188
  -2.04145    -1.31844    -5.11517        3  O          5.6631        254
  -4.30119     1.70723    -3.27321        2  Ir         5.66822       135
   3.06822     4.29707     2.14851        3  O          5.70043       440
   1.19609     1.83297    -5.29158        3  O          5.72636       294
  -5.14466    -1.34137     2.18623        1  Sr         5.7486         39
   4.03727    -3.85197    -1.60979        1  Sr         5.80764        30
  -3.47121    -2.39229     4.0313         3  O          5.83299       469
  -3.48292     2.80722     4.03997        3  O          6.02765       471
   0.975724    1.336       5.87146        3  O          6.10008       457
   5.66546    -1.35739     1.89952        1  Sr         6.12765        48
   4.73396     0.098407    3.98714        3  O          6.1901        497
   3.44975     4.01576    -3.39292        2  Ir         6.288         126
  -2.23415     4.21391     4.16626        2  Ir         6.33294       203
  -4.59939     1.30273     4.15829        2  Ir         6.33584       184
   3.36361    -1.32645    -5.25852        3  O          6.38164       261
   1.2078     -3.36654    -5.30025        3  O          6.39414       292
  -4.42647    -4.05059     2.26556        3  O          6.41355       395
  -4.28948    -3.49229    -3.28188        2  Ir         6.43167       134
   5.03531    -2.2961     -3.36561        3  O          6.47717       332
   2.26279    -4.96424    -3.58025        3  O          6.52549       347
  -1.7093      1.68786     6.07089        1  Sr         6.52888        62
  -2.43273    -0.93238     6.02513        3  O          6.56427       415
  -0.659388   -5.0931      4.12183        3  O          6.58513       489
   1.38901     6.47354     0.291806       2  Ir         6.62731       157
   3.17091     4.2059      4.0229         2  Ir         6.62782       208
   2.97233    -0.940391    5.88178        3  O          6.6569        422
   5.02359     2.90342    -3.35694        3  O          6.70339       333
  -2.05316     3.88108    -5.10649        3  O          6.73458       256
   0.955168    6.34043     2.13954        3  O          6.75952       401
  -0.682812    5.30593     4.13917        3  O          6.76401       493
   6.37194     1.13291     1.98752        3  O          6.77018       405
  -1.01338     0.50614    -6.67963        3  O          6.775         381
  -3.14226    -4.95622    -3.43689        3  O          6.80075       341
  -5.15637     3.85814     2.19489        1  Sr         6.80375        40
  -2.43195    -6.34255     0.442063       2  Ir         6.80718       167
  -1.39121     6.55507    -1.44909        1  Sr         6.85596        27
   0.272111   -6.54889     2.0342         1  Sr         6.86295        43
   2.23937     5.43479    -3.56291        3  O          6.87357       350
  -4.20897     1.84099    -5.14823        3  O          6.89992       288
  -2.31341    -6.09395     2.27453        3  O          6.90373       433
   6.80578     1.26602     0.139782       2  Ir         6.92394       161
  -2.17641    -6.42265    -1.40208        3  O          6.92481       308
  -5.77481    -2.28007    -3.0789         3  O          6.93014       322
   0.565396    4.3768     -5.34461        1  Sr         6.93115        12
   2.97311    -6.35056     0.298708       2  Ir         7.01842       172
  -6.78456     1.36356    -1.31441        1  Sr         7.04395        22
   0.987436   -3.86352     5.86279        3  O          7.09042       455
   5.65374     3.84212     1.90819        1  Sr         7.09703        49
   1.33513     6.84453    -1.54462        3  O          7.14255       278
  -4.82795    -0.814701   -5.20992        1  Sr         7.14955         3
   6.7519      1.637      -1.69665        3  O          7.15168       281
   3.09165    -6.10196     2.13117        3  O          7.16478       438
  -3.16569     5.4428     -3.41955        3  O          7.16512       344
  -5.78652     2.91944    -3.07023        3  O          7.1717        323
   3.69575     1.67985     5.92754        1  Sr         7.18444        69
  -1.69759    -3.51166     6.06222        1  Sr         7.20861        60
  -4.58768    -3.89678     4.14962        2  Ir         7.31102       182
  -2.1503     -1.02231    -6.92127        2  Ir         7.31935        80
   3.3519      3.87306    -5.24985        3  O          7.33463       263
   3.22865    -6.43066    -1.54543        3  O          7.35975       312
  -1.93188    -6.37526    -3.2669         2  Ir         7.41948       118
  -6.07616     0.114429    4.27385        3  O          7.42957       485
   6.21072     1.28671     3.87158        2  Ir         7.43087       194
  -4.19726    -3.35853    -5.15689        3  O          7.44918       286
   1.40051     1.71443    -7.13466        2  Ir         7.47021       107
  -5.39335    -5.1915      0.134686       3  O          7.48719       358
   5.39335     5.1915     -0.134686       3  O          7.48719       369
  -5.41677     5.20753     0.152024       3  O          7.51551       360
   5.41677    -5.20753    -0.152024       3  O          7.51551       367
  -4.42933     1.34401     6.01481        3  O          7.58969       450
   6.50893     1.6912     -3.55992        2  Ir         7.60916       145
  -4.01605     6.48155     0.435161       2  Ir         7.63731       153
  -0.206876   -2.05617     7.3618         3  O          7.64636       238
   0.793953    6.49424     4.0236         2  Ir         7.68081       191
  -2.23397     7.34342     0.704916       3  O          7.70801       220
   0.190202   -2.05863    -7.43446        3  O          7.71657       237
  -2.21072    -6.18512     4.14892        2  Ir         7.76895       199
   1.09216     6.89873    -3.4079         2  Ir         7.77168       142
  -2.44444     4.26713     6.0338         3  O          7.78399       417
  -7.59318    -1.21512    -1.25006        3  O          7.79074       304
   3.70747    -3.51967     5.91887        1  Sr         7.82089        67
   6.38365    -4.06661     1.97885        3  O          7.82331       404
   6.76361    -3.56251    -1.70532        3  O          7.83237       280
   4.01385     6.54706    -1.59245        1  Sr         7.84288        32
   3.25475    -1.03032    -7.06463        2  Ir         7.84627        87
   2.96062     4.25912     5.89044        3  O          7.84874       424
   6.81749    -3.9335      0.131113       2  Ir         7.87196       160
  -6.77285    -3.83595    -1.32308        1  Sr         7.89534        21
   1.00343     1.71688     7.6616         2  Ir         7.91547       108
  -7.84872    -1.13502     0.594087       2  Ir         7.95259       164
  -7.62731     2.15192     0.839602       3  O          7.96942       215
   3.17109     7.33541     0.561561       3  O          8.01121       224
  -0.218588    3.14334     7.37047        3  O          8.01575       240
   4.74567    -5.10111     3.97847        3  O          8.02315       495
   3.47318    -6.38327    -3.41026        2  Ir         8.02739       123
   3.19433    -6.19313     4.00556        2  Ir         8.03761       205
   0.17849     3.14088    -7.42579        3  O          8.0647        239
  -7.34865    -1.16773    -3.11488        2  Ir         8.06652       116
   1.41222    -3.48509    -7.14333        2  Ir         8.07263       105
  -4.44989     6.34844     2.2829         3  O          8.08182       397
   0.58882    -6.02223    -5.36195        1  Sr         8.08483         8
  -4.06993     6.85254    -1.40127        3  O          8.09229       274
   4.39168     0.498129   -6.82299        3  O          8.12946       387
   4.72225     5.29792     3.99581        3  O          8.14457       498
  -7.73018    -0.886421    2.42655        3  O          8.15043       430
  -0.358039   -7.4876     -3.23093        3  O          8.16279       325
   5.98217    -0.830724   -5.49663        1  Sr         8.16636        16
   6.52064    -3.50831    -3.56859        2  Ir         8.2196        144
  -1.00167    -4.69337    -6.6883         3  O          8.23192       379
  -4.00455     1.72244    -6.99131        2  Ir         8.23903        99
  -7.6156     -3.04759     0.830933       3  O          8.24474       214
  -1.41046     0.508598    8.11663        3  O          8.25396       382
   6.22243    -3.9128      3.86291        2  Ir         8.30366       193
   2.85767    -1.02786     7.73164        2  Ir         8.30668        88
  -2.54738    -1.01985     7.87499        2  Ir         8.33935        81
  -4.83966     4.38481    -5.20125        1  Sr         8.34877         5
  -2.16202     4.1772     -6.9126         2  Ir         8.36107        82
  -4.41762    -3.85551     6.00615        3  O          8.39369       448
   8.36645    -1.15906     0.164023       2  Ir         8.44795       177
   1.01514    -3.48263     7.65293        2  Ir         8.46916       106
   7.65614     0.227266   -3.71493        3  O          8.51286       353
  -2.02974    -6.51795    -5.12383        3  O          8.53564       252
  -2.19883    -8.25512     0.678908       3  O          8.56988       217
   7.33891    -2.40831     3.74459        3  O          8.58379       480
  -5.13295    -6.54088     2.17756        1  Sr         8.59488        38
  -7.60489     3.98439    -1.24139        3  O          8.67472       305
   6.38078     1.32798     5.72811        3  O          8.67693       463
   7.32719     2.7912      3.75326        3  O          8.69285       481
  -0.393175    8.11094    -3.20492        3  O          8.73004       330
   6.60114     1.82496    -5.43494        3  O          8.74323       300
   1.94556    -7.59982     3.87928        3  O          8.75164       473
   8.48499    -0.910455    1.99648        3  O          8.76413       443
  -4.3129      6.90674    -3.26454        2  Ir         8.77276       136
  -3.99284    -3.47708    -6.99998        2  Ir         8.77682        97
  -7.62749    -0.977595    4.30094        2  Ir         8.81093       197
   3.24304     4.16919    -7.05596        2  Ir         8.81397        89
  -1.02509     5.70566    -6.67096        3  O          8.83782       383
   0.964012    6.53551     5.88013        3  O          8.8441        459
   8.58786     2.12789     0.409537       3  O          8.85703       227
  -7.86043     4.06449     0.602757       2  Ir         8.8696        165
   8.62199    -1.23916    -1.68012        3  O          8.87114       317
   1.18437     7.03249    -5.28291        3  O          8.87512       296
   5.67717    -6.55691     1.89085        1  Sr         8.87685        47
   3.20622    -8.26313     0.535553       3  O          8.87953       221
  -2.42102    -6.13189     6.01646        3  O          8.9252        413
   3.9946      0.500587    7.97328        3  O          8.932         388
  -7.36036     4.03178    -3.10621        2  Ir         8.94867       117
  -1.31223     1.6854     -8.72537        1  Sr         8.98302        61
  -6.06445    -5.08509     4.26518        3  O          8.9904        483
  -4.6111      6.50225     4.16696        2  Ir         8.99473       185
   1.37027    -8.75401    -1.57063        3  O          8.99874       275
   2.98404    -6.1399      5.8731         3  O          9.00535       420
   3.37532    -6.52596    -5.26719        3  O          9.04015       259
  -7.44651    -1.31043    -4.97181        3  O          9.04912       250
  -2.03565    -0.934838   -8.77114        3  O          9.05266       414
   1.91043     7.99873     3.90529        3  O          9.10388       478
  -4.40163     1.7249      7.80496        2  Ir         9.12507       100
   1.3728      1.33354    -8.9248         3  O          9.12771       456
   5.19818    -2.06418     7.21845        3  O          9.1317        246
   8.59957    -3.07163     0.400868       3  O          9.14047       226
  -6.08787     5.31394     4.28252        3  O          9.1455        486
  -8.55903     0.2513     -3.28486        3  O          9.17118       338
  -6.41844     0.514152   -6.53628        3  O          9.17516       375
  -7.74189     4.31309     2.43522        3  O          9.19075       431
   6.36022     6.33242     1.99619        3  O          9.19439       406
  -5.21486    -2.05062    -7.29111        3  O          9.19565       231
   6.61285    -3.37455    -5.4436         3  O          9.20599       298
   5.97045     4.36879    -5.48796        1  Sr         9.21143        18
   1.42414    -9.125       0.265798       2  Ir         9.23929       154
   2.84596     4.17165     7.74031        2  Ir         9.242          90
  -3.4595     -7.59181     4.02264        3  O          9.26203       467
  -1.35608    -9.04348    -1.4751         1  Sr         9.26279        24
   8.35474     4.04046     0.172692       2  Ir         9.28207       178
  -2.5591      4.17966     7.88366        2  Ir         9.28281        83
   0.236975    9.04965     2.06021        1  Sr         9.28422        46
  -4.81624    -6.01422    -5.21859        1  Sr         9.30595         2
  -1.72102     6.88737     6.07956        1  Sr         9.3466         64
   6.79407     6.46553     0.148451       2  Ir         9.38          162
   4.40339    -4.70139    -6.83166        3  O          9.38959       385
   6.39249    -3.87153     5.71944        3  O          9.41088       461
   1.12729    -8.69981    -3.4339         2  Ir         9.42068       137
   5.18647     3.13533     7.22712        3  O          9.43191       248
  -1.39875    -4.69092     8.10796        3  O          9.47102       380
   8.58768    -1.00163     3.87088        2  Ir         9.47287       211
   0.18003    -0.820255    9.44299        1  Sr         9.48026        11
  -5.22657     3.14889    -7.28244        3  O          9.50087       233
  -1.30051    -3.51411    -8.73404        1  Sr         9.50389        59
  -9.40939     1.29005     0.569847       2  Ir         9.5145        148
  -6.79627     6.56308    -1.30574        1  Sr         9.53773        23
  -2.21155     9.1759     -1.37607        3  O          9.53843       311
   0.990304   -9.25811     2.11353        3  O          9.54779       398
  -2.13859    -6.22182    -6.92994        2  Ir         9.55556        78
   3.36941    -0.942849   -8.91449        3  O          9.57653       421
  -2.46709     9.25599     0.468071       2  Ir         9.59057       170
  -5.61193    -2.04816     7.50516        3  O          9.5925        232
  -7.11436     1.69587     6.21425        1  Sr         9.59724        56
  -4.38992    -3.47462     7.79629        2  Ir         9.59825        98
   8.86652    -1.19177    -3.54494        2  Ir         9.623         129
   8.61028     3.96036    -1.67145        3  O          9.62367       318
  -3.49463     8.00674     4.04864        3  O          9.6287        472
   5.59526    -2.06664    -7.57782        3  O          9.64372       245
   5.04702    -7.49561    -3.37428        3  O          9.64584       331
   9.43061     1.33953    -1.74447        1  Sr         9.6837         34
  -4.22068     7.0405     -5.13955        3  O          9.68493       290
  -9.46327     1.66104    -1.26658        3  O          9.69107       269
   8.47328     4.28906     2.00515        3  O          9.70635       444
   2.93797     9.24798     0.324716       2  Ir         9.70888       175
   0.799006    1.83543     9.50469        3  O          9.7132        295
  -7.6392      4.22192     4.30961        2  Ir         9.73421       198
  -4.03479    -8.746      -1.42728        3  O          9.737         271
   6.74019     6.83652    -1.68798        3  O          9.74769       282
  -4.03226     1.34155    -8.78145        3  O          9.75565       449
  -7.45822     3.88909    -4.96314        3  O          9.76641       251
   6.19901     6.48623     3.88025        2  Ir         9.77523       195
   3.68404     6.87936     5.93621        1  Sr         9.80491        71
   3.19351     9.16788    -1.51943        3  O          9.82636       315
   1.38451    -3.86598    -8.93347        3  O          9.83207       454
   7.66785    -4.97225    -3.7236         3  O          9.86835       352
  -5.62365     3.15135     7.51383        3  O          9.9002        234
   4.37996     5.69764    -6.81432        3  O          9.90364       389
   4.09283     1.67739    -8.86873        1  Sr         9.91056        68
   5.58355     3.13287    -7.56915        3  O          9.91377       247
  -5.7631     -7.47959    -3.08757        3  O          9.93431       321
  -4.44104     6.54352     6.02348        3  O          9.94097       452
  -3.98091    -9.11699     0.409153       2  Ir         9.95663       150
  -2.04736     4.26468    -8.76247        3  O          9.95791       416
  -1.96702     9.22328    -3.24089        2  Ir         9.97203       122
   3.26646    -6.22983    -7.0733         2  Ir         9.97558        85
   0.829089   -9.1043      3.9976         2  Ir         9.9778        186
END
