ATOMS
  *       x           y           z    ipot  Atom      Distance    Number
**********-  **********  **********  ******  ******  **********  ********
   0           0           0              0  O          0               0
   0.036554   -0.023282   -1.86386        2  Ir         1.86436        65
   0.080706   -0.224421    1.85885        2  Ir         1.87409        90
  -2.16963    -3.07242     9.29266        2  Ir        10.025         145
  -2.54268     8.93632    -3.76978        3  O         10.0267        376
  -0.392351   -3.59478     9.36189        3  O         10.036         392
   3.05725    -8.83243     3.6918         3  O         10.0493        222
  -2.70847    -2.76969    -9.29709        2  Ir        10.0719        114
  -5.87684    -7.97458     1.86635        3  O         10.0804        271
   2.80575    -2.77864    -9.30044        2  Ir        10.104         120
  -8.14773     6.00331    -0.008699       1  Sr        10.1205          3
   8.41488    -5.62308    -0.009748       1  Sr        10.1207         12
   2.97154     8.92737    -3.77313        3  O         10.1373        382
  -2.71845     3.03007    -9.30159        2  Ir        10.1534        116
  -3.61757    -1.14897    -9.43202        3  O         10.1671        174
   2.79577     3.02112    -9.30494        2  Ir        10.1747        122
   3.33461     2.71839     9.28481        2  Ir        10.2331        153
   7.3912      4.62135     5.4291         3  O         10.2695        187
  -8.9573      4.67799     1.86914        3  O         10.2767        258
   8.39493     5.97645    -0.018745       1  Sr        10.305          14
   7.35714    -7.02383    -1.7367         3  O         10.3188        199
  -8.23238    -2.77228     5.57857        2  Ir        10.3237        111
   3.34459    -3.08137     9.28931        2  Ir        10.3427        151
   7.41964    -4.46095     5.66951        3  O         10.3486        299
   7.36237     7.04792    -1.98663        3  O         10.3839        316
   8.31028    -2.79914     5.56852        2  Ir        10.3877        125
   1.91511    -4.44045    -9.19946        3  O         10.393         293
  -8.24236     3.02748     5.57407        2  Ir        10.4006        112
  -9.16034    -4.52474    -1.96759        3  O         10.4046        303
   8.3003      3.00062     5.56402        2  Ir        10.4335        126
  -2.1799      8.53865    -5.58865        2  Ir        10.4352        148
  -9.20548     4.60256    -1.73565        3  O         10.4373        190
   7.60532    -6.9484      1.86809        3  O         10.4695        267
   7.60451    -4.56715    -5.57612        3  O         10.4776        415
  -8.11019    -5.54707     3.71792        1  Sr        10.5056         15
   2.0806     -4.56974     9.29954        3  O         10.5685        410
  -2.70818    -8.581       5.57972        2  Ir        10.5878        113
  -8.94813     1.25947    -5.57057        3  O         10.6154        402
   2.80604    -8.58995     5.57637        2  Ir        10.6187        119
  -8.19938     5.68363    -3.72824        1  Sr        10.6505         31
   1.81298    10.3844     -1.74684        3  O         10.6852        198
  -2.14996    -8.86064    -5.57515        2  Ir        10.6872        143
   1.88667     4.64184    -9.43986        3  O         10.6872        182
   1.87808   -10.3424     -1.96979        3  O         10.6945        310
  -9.14148    -1.15156     5.44364        3  O         10.7017        171
   3.33432     8.5297     -5.59199        2  Ir        10.7305        154
   8.34328     5.65677    -3.73828        1  Sr        10.751          42
  -8.17942    -5.91589    -3.71924        1  Sr        10.7579         29
   8.43247    -5.57393     3.70787        1  Sr        10.7668         26
  -2.73812     8.81829     5.56622        2  Ir        10.7816        118
   2.7761      8.80934     5.56287        2  Ir        10.7822        124
  -5.47273     0.136427   -9.29697        2  Ir        10.789         128
  -8.13015     6.05246     3.70892        1  Sr        10.7929         17
   2.06116    10.4598      1.85794        3  O         10.8217        266
   8.85852     2.72098    -5.59084        2  Ir        10.8229        156
   5.51731     0.247702    9.30868        2  Ir        10.8238        169
  -3.59911    -4.4315     -9.19611        3  O         10.8241        287
  -5.51113     0.265608    9.31538        2  Ir        10.8268        159
   5.55572     0.11852    -9.30367        2  Ir        10.8369        138
  -9.133       1.36567     5.67505        3  O         10.839         286
   0.01307    -5.54311     9.31653        2  Ir        10.8408        162
  -5.51379    -5.66928    -7.43101        3  O         10.8518        351
   5.50496    -5.69873     7.4346         3  O         10.8652        364
   5.51465    -5.68719    -7.43771        3  O         10.8662        363
   5.12166     9.4068      1.84615        3  O         10.8687        282
  -5.52348    -5.68082     7.4413         3  O         10.8698        352
   5.11189     2.19603     9.35404        3  O         10.8836        399
  -0.37268    -9.383      -5.50592        3  O         10.8855        390
   0.051472   -5.67229    -9.29582        2  Ir        10.8899        131
  -3.43362    -4.56079     9.30289        3  O         10.9149        404
   8.36324    -5.94275    -3.72928        1  Sr        10.9164         40
   8.8685     -3.07878    -5.58635        2  Ir        10.9241        155
   5.48501     5.9008      7.42561        3  O         10.9565        368
   5.4947      5.91234    -7.4467         3  O         10.9818        367
   5.11161     8.00734    -5.52277        3  O         10.9885        400
   8.41251     6.0256      3.69887        1  Sr        10.9891         28
  -5.54344     5.9187      7.4323         3  O         11             356
   3.36426    -8.86959    -5.5785         2  Ir        11.0049        149
  -5.53374     5.93025    -7.44001        3  O         11.0065        355
 -11.0284      0.017907    0.006697       3  O         11.0285        202
  11.0284     -0.017907   -0.006697       3  O         11.0285        213
   0.031516    5.92724    -9.30482        2  Ir        11.0324        135
  10.6558     -2.20168     1.8518         3  O         11.0374        283
  -8.17297    -0.068339    7.41959        1  Sr        11.0387         44
  -8.16328    -0.056794   -7.45272        1  Sr        11.0537         43
  -0.006886    6.05642     9.30753        2  Ir        11.1045        166
 -10.9477     -0.206514    1.86555        2  Ir        11.1075         84
  -3.62755     4.6508     -9.43652        3  O         11.1282        176
  -3.63614   -10.3335     -1.96644        3  O         11.1296        306
 -10.9919     -0.005375   -1.85716        2  Ir        11.1477         59
  -0.042267   -0.023009   11.1515         3  O         11.1516        345
  -7.90007    -2.63873    -7.41612        3  O         11.1523        317
   0.0346      0.069168  -11.1588         3  O         11.159         249
  -3.70124    10.3934     -1.7435         3  O         11.1696        194
   8.36969    -0.095199    7.40954        1  Sr        11.1786         58
  -3.45306    10.4688      1.86129        3  O         11.1796        262
  -7.90976    -2.65027     7.45619        3  O         11.1885        318
   8.37939    -0.083653   -7.46277        1  Sr        11.2211         57
  11.065      -0.041188   -1.87055        2  Ir        11.2221         71
   5.12187    -3.60373     9.35854        3  O         11.2607        397
  11.1091     -0.242327    1.85216        2  Ir        11.2651         96
  -5.90678     9.42471     1.85285        3  O         11.276         274
  -5.91655     2.21394     9.36074        3  O         11.2929        388
  -7.91005     3.16104    -7.42062        3  O         11.2972        319
  -7.91974     3.14949     7.45169        3  O         11.3212        320
  10.6459      3.59809     1.8473         3  O         11.3883        284
  -5.91683     8.02524    -5.51607        3  O         11.3948        389
  -8.93734    -6.92154     1.87814        3  O         11.4591        256
  -2.59626     0.255285  -11.1622         1  Sr        11.463          19
  -2.68487    -0.136628   11.1452         1  Sr        11.4649         34
  -8.93815    -4.54029    -5.56607        3  O         11.4667        401
  -2.37587    -8.44745    -7.41497        3  O         11.4885        321
   2.82935    -0.145581   11.1419         1  Sr        11.4964         38
   0.06075    11.3751      1.84986        2  Ir        11.5247         92
  -2.38556    -8.45899     7.45734        3  O         11.5264        322
   7.41116    -6.97818     5.43809        3  O         11.5409        185
  -7.66804    -8.42366     1.86229        2  Ir        11.5423         97
   2.91796     0.246332  -11.1656         1  Sr        11.5432         23
   0.019957  -11.5995      0.008997       3  O         11.5995        206
  -0.019957   11.5995     -0.008997       3  O         11.5995        209
  10.9959     -0.02937    -3.72748        3  O         11.6105        350
 -11.0035      0.075529    3.72023        3  O         11.6157        244
  -9.15146     4.64821     5.43914        3  O         11.6163        172
  -9.12302    -4.43409     5.67955        3  O         11.6253        285
  -5.90657    -3.58583     9.36524        3  O         11.6384        386
  11.0533      0.039716    3.70683        3  O         11.6584        255
 -11.061       0.006443   -3.71408        3  O         11.6679        339
  -9.18552    -6.99697    -1.72665        3  O         11.6753        188
   3.13835    -8.4564     -7.41832        3  O         11.6787        329
  -2.60358   -11.4049      0.001448       1  Sr        11.6983          4
   8.64259    -2.66559    -7.42617        3  O         11.7025        335
  -2.53241    -2.67475    11.1115         3  O         11.7061        373
   3.12866    -8.46794     7.45399        3  O         11.7071        330
   8.6329     -2.67713     7.44614        3  O         11.7106        336
   0.016597   11.5762     -1.87285        2  Ir        11.7268         67
   7.39968     7.13858     5.66051        3  O         11.7369        302
  -8.03835     8.56535     0.003363       3  O         11.7465        233
 -11.401      -2.16586     1.8652         3  O         11.7539        270
   7.58456     7.03238    -5.58512        3  O         11.7547        417
  -9.18029     7.07478    -1.97659        3  O         11.7574        305
   0.05651   -11.6228     -1.85486        2  Ir        11.77           63
   2.91064   -11.4139     -0.001901       1  Sr        11.7792          8
  -2.46724     2.78759   -11.1862         3  O         11.7893        219
   8.62292     3.12263     7.44164        3  O         11.8103        338
   2.98181    -2.6837     11.1082         3  O         11.8104        379
   8.63261     3.13418    -7.43067        3  O         11.8135        337
  -2.54239     3.12501    11.107          3  O         11.8151        375
   1.89516     7.15908    -9.20845        3  O         11.8169        297
   2.06064     7.02978     9.29054        3  O         11.8312        414
  -2.45726    -3.01217   -11.1817         3  O         11.8381        217
   1.90663    -6.95768    -9.43087        3  O         11.8737        178
   1.9154    -10.2518      5.67735        3  O         11.8743        292
  -2.4058      8.95185    -7.42847        3  O         11.8788        327
  -2.4155      8.9403      7.44384        3  O         11.8817        328
   7.41936     1.35036    -9.2073         3  O         11.9015        300
   1.867      10.4301      5.42795        3  O         11.9052        184
   2.97183     3.11606    11.1037         3  O         11.9094        381
  -8.00841    -8.83394     0.016859       3  O         11.9237        230
   3.04699     2.77864   -11.1895         3  O         11.9252        225
   2.10027   -10.358      -5.56827        3  O         11.9459        408
  -7.69797     8.97563     1.84879        2  Ir        11.9682        100
   0.100663  -11.8239      1.86785        2  Ir        11.971          88
   3.05696    -3.02112   -11.185          3  O         11.9823        223
  -2.62353     0.19459    -0.007549       1  Sr         2.63075         6
   1.83294    -1.21511    -1.73785        3  O          2.80291       196
  -0.372601   -2.18377     1.8585         3  O          2.89166       276
   2.89069     0.185637   -0.010898       1  Sr         2.89666        10
   1.85812     1.25711    -1.97879        3  O          2.99141       312
   2.08112    -1.13968     1.86694        3  O          3.01917       264
   0.024907    0.057622    3.71353        3  O          3.71406       250
  -0.032575   -0.011463   -3.72078        3  O          3.72094       344
  -2.51415     2.75663     0.004514       3  O          3.73095       236
  -2.1638     -2.63285     1.85444        2  Ir         3.8798        102
  -2.50417    -3.04313     0.009012       3  O          3.94102       235
   3.00007     2.74768     0.001165       3  O          4.06819       240
  -3.4331     -1.13073     1.87029        3  O          4.06973       260
  -0.382579    3.61599     1.854          3  O          4.08155       277
  -3.68128    -1.20616    -1.7345         3  O          4.24442       192
  -2.17378     3.16692     1.84994        2  Ir         4.26344       103
   3.01005    -3.05208     0.005664       3  O          4.28668       239
  -3.6561      1.26607    -1.97544        3  O          4.34423       308
   2.68947    -2.87096    -1.90154        2  Ir         4.36938        79
   2.67949     2.92881    -1.90604        2  Ir         4.40347        80
  -2.82476    -2.862      -1.89819        2  Ir         4.44674        75
  -2.83473     2.93776    -1.90269        2  Ir         4.50404        76
  -2.60595     0.243739    3.71007        1  Sr         4.54038        20
  -2.67518    -0.125082   -3.72709        1  Sr         4.58949        33
   3.35042    -2.6418      1.85109        2  Ir         4.65091       106
   2.83904    -0.134035   -3.73043        1  Sr         4.6898         37
   2.90827     0.234786    3.70672        1  Sr         4.7173         24
   3.34044     3.15796     1.8466         2  Ir         4.95391       107
   1.82296     4.58465    -1.74235        3  O          5.2324        197
  -2.47693     2.77605     3.68615        3  O          5.2373        220
  -2.52272    -2.6632     -3.76078        3  O          5.25359       372
   1.8681     -4.54265    -1.97429        3  O          5.2937        311
  -2.46695    -3.02372     3.69065        3  O          5.37118       218
   2.07114     4.66008     1.86244        3  O          5.42906       265
   2.9915     -2.67216    -3.76413        3  O          5.50074       378
  -5.51422     0.008953    0.003349       3  O          5.51423       204
   5.51422    -0.008953   -0.003349       3  O          5.51423       211
  -2.5327      3.13656    -3.76528        3  O          5.51633       374
   3.03729     2.76709     3.68281        3  O          5.5177        226
   0.012785    0.2682     -5.56028        2  Ir         5.56676       163
   0.031801    0.115928    5.57199        2  Ir         5.57328       134
   3.04727    -3.03267     3.6873         3  O          5.66385       224
   2.98152     3.12761    -3.76863        3  O          5.73358       380
  -5.43351    -0.215467    1.8622         2  Ir         5.74781        86
  -5.47767    -0.014328   -1.86051        2  Ir         5.78503        61
   0.009978   -5.79976     0.004499       3  O          5.79977       207
  -0.009978    5.79976    -0.004499       3  O          5.79977       208
   5.55077    -0.032235   -1.86721        2  Ir         5.8565         69
   1.88696    -1.16946     5.43694        3  O          5.8727        181
   0.070728    5.57534     1.85435        2  Ir         5.87606        91
   5.14162    -2.19272     1.85515        3  O          5.88947       280
   5.59493    -0.233374    1.8555         2  Ir         5.8992         94
  -0.392636    2.21653    -5.51492        3  O          5.95664       393
   0.026576    5.77648    -1.86836        2  Ir         6.07118        66
   2.08032     1.24157    -5.57727        3  O          6.08072       411
  -3.44308     4.66903     1.86579        3  O          6.09392       261
   0.046532   -5.82304    -1.85936        2  Ir         6.11287        64
   1.89544     1.34777     5.66836        3  O          6.12694       296
  -3.64612    -4.5337     -1.97094        3  O          6.14273       307
  -3.69126     4.5936     -1.739          3  O          6.14416       193
  -2.61356    -5.60517    -0.003051       1  Sr         6.18455         5
   0.090685   -6.02418     1.86335        2  Ir         6.30643        89
   2.90066    -5.61413    -0.006399       1  Sr         6.3192          9
   5.13164     3.60704     1.85065        3  O          6.53983       281
  -5.88682    -2.17482     1.86185        3  O          6.54606       272
  -2.63351     5.99435    -0.012048       1  Sr         6.54735         7
  -0.382658   -3.58324    -5.51042        3  O          6.58413       391
  -2.16992     2.73889    -5.58415        2  Ir         6.58732       146
   5.48165    -0.020417   -3.72413        3  O          6.62706       348
  -5.48931     0.066576    3.71688        3  O          6.62964       246
  -3.62726    -1.16051     5.44029        3  O          6.64083       175
   2.88071     5.9854     -0.015397       1  Sr         6.64257        11
  -3.43391     1.25052    -5.57392        3  O          6.66514       405
   5.53913     0.048669    3.71018        3  O          6.66706       253
  -5.5468     -0.00251    -3.71743        3  O          6.67729       341
  -2.15994    -3.06087    -5.57965        2  Ir         6.72062       144
  -2.71816    -2.78124     5.57522        2  Ir         6.79755       115
   2.79606    -2.79019     5.57187        2  Ir         6.82999       121
   0.034886   -5.74214     3.71803        3  O          6.84084       248
  -3.61878     1.35672     5.6717         3  O          6.86327       290
  -0.042553    5.7883     -3.72528        3  O          6.8836        346
  -0.022597   -5.81123    -3.71628        3  O          6.89794       343
  -2.72814     3.01853     5.57072        2  Ir         6.89834       117
   2.78608     3.00957     5.56737        2  Ir         6.91487       123
   0.014929    5.85739     3.70903        3  O          6.93297       251
   3.3443      2.72994    -5.5875         2  Ir         7.06095       152
  -5.8968      3.62495     1.85735        3  O          7.16674       273
  -2.59597    -5.55602     3.71457        1  Sr         7.16983        18
   3.35428    -3.06983    -5.583          2  Ir         7.20034       150
   2.91825    -5.56498     3.71122        1  Sr         7.29783        22
  -2.68516     5.67468    -3.73158        1  Sr         7.30321        35
   2.82906     5.66573    -3.73493        1  Sr         7.35213        39
   1.87698     4.6303      5.43245        3  O          7.38066       183
  -0.019237    0.109986    7.43345        3  O          7.43429       360
  -0.009545    0.121532   -7.43886        3  O          7.43985       359
   1.84292    -7.01488    -1.73335        3  O          7.45717       195
   1.90542    -4.452       5.67285        3  O          7.4587        294
   2.0911     -6.93945     1.87144        3  O          7.48538       263
  -2.6652     -5.92485    -3.72259        1  Sr         7.48764        32
   2.09029    -4.5582     -5.57277        3  O          7.49682       409
  -2.61593     6.0435      3.70557        1  Sr         7.55634        21
   1.84815     7.05688    -1.98328        3  O          7.55967       313
   2.84902    -5.9338     -3.72594        1  Sr         7.5637         36
   7.34716    -1.22407    -1.7412         3  O          7.64924       200
   2.89829     6.03455     3.70222        1  Sr         7.64999        25
   7.37234     1.24816    -1.98213        3  O          7.73552       315
  -5.48242     0.124881    5.57533        2  Ir         7.82029       129
  -5.50144     0.277154   -5.55693        2  Ir         7.82445       158
   0.022763   -5.53156    -5.55578        2  Ir         7.83999       161
   5.12158     2.20757    -5.51827        3  O          7.84572       398
   5.527       0.259247   -5.56363        2  Ir         7.84659       168
   5.54602     0.106975    5.56864        2  Ir         7.86          139
  -2.65875    -0.077292    7.41624        1  Sr         7.8788         48
   7.59534    -1.14864     1.86359        3  O          7.90452       268
  -2.64905    -0.065747   -7.45607        1  Sr         7.91295        47
   2.85547    -0.086246    7.41289        1  Sr         7.94431        54
  -3.42312    -6.93049     1.87479        3  O          7.95389       259
   0.04178    -5.68384     5.57649        2  Ir         7.96272       132
  -3.42393    -4.54924    -5.56942        3  O          7.96476       403
  -5.50424    -5.79081     0.007847       3  O          7.98938       203
   5.50424     5.79081    -0.007847       3  O          7.98938       212
   2.86517    -0.0747     -7.45942        1  Sr         7.9911         53
  -5.5242      5.80872    -0.00115        3  O          8.01611       205
   5.5242     -5.80872     0.00115        3  O          8.01611       210
  -5.44349     5.5843      1.8577         2  Ir         8.01667        87
  -3.63724     4.63925     5.43579        3  O          8.01873       177
  -3.6088     -4.44304     5.6762         3  O          8.06123       288
  -3.6713     -7.00592    -1.73           3  O          8.09656       191
   5.58495     5.56639     1.85101        2  Ir         8.09954        95
   0.021823    5.91569     5.56749        2  Ir         8.1236        136
  -8.13776     0.203544   -0.004201       1  Sr         8.1403          2
  -5.48764     5.78543    -1.86501        2  Ir         8.18925        62
  -5.46769    -5.81409    -1.85601        2  Ir         8.19415        60
  -3.66608     7.06583    -1.97994        3  O          8.20282       309
  -0.362622   -7.98353     1.863          3  O          8.20604       275
   5.5408      5.76753    -1.8717         2  Ir         8.2139         70
  -2.38585    -2.64768    -7.41947        3  O          8.2311        323
   0.002807    6.06796    -5.56478        2  Ir         8.23328       165
  -2.39554    -2.65923     7.45284        3  O          8.2677        324
   5.56075    -5.832      -1.86271        2  Ir         8.27066        68
  -5.42354    -6.01523     1.8667         2  Ir         8.31158        85
  -7.67802    -2.62389     1.85779        2  Ir         8.32395        98
   5.13156    -3.59219    -5.51377        3  O          8.34496       396
  -5.90686     2.22548    -5.51157        3  O          8.37981       387
   8.40491     0.176684   -0.014247       1  Sr         8.40677        13
  -2.39583     3.15208    -7.42397        3  O          8.41374       325
  -2.40552     3.14054     7.44834        3  O          8.4337        326
   5.6049     -6.03314     1.86           2  Ir         8.44235        93
   3.12837    -2.65663    -7.42282        3  O          8.4819        331
  -8.02837     2.76559     0.007862       3  O          8.49137       232
   3.11868    -2.66818     7.44949        3  O          8.50531       332
  -7.688       3.17587     1.85329        2  Ir         8.5221         99
  -8.01839    -3.03418     0.012361       3  O          8.57327       231
   3.11839     3.14313    -7.42732        3  O          8.64689       333
   3.1087      3.13158     7.44499        3  O          8.65441       334
  -5.47933    -5.73319     3.72138        3  O          8.7602        245
   5.47167     5.77935    -3.72863        3  O          8.78878       349
   5.54911    -5.7511      3.71468        3  O          8.81286       252
   7.33718     4.5757     -1.74569        3  O          8.82149       201
   5.49162    -5.82018    -3.71963        3  O          8.82429       347
  -5.89688    -3.57428    -5.50707        3  O          8.82477       385
  -5.53682    -5.80227    -3.71293        3  O          8.83791       340
  -5.55677     5.79725    -3.72193        3  O          8.85091       342
  -5.49929     5.86634     3.71238        3  O          8.85652       247
   5.52915     5.84843     3.70568        3  O          8.86046       254
   7.38232    -4.5516     -1.97764        3  O          8.89533       314
  -2.15382    -8.43261     1.85894        2  Ir         8.89964       101
   8.20369    -2.87991    -1.90489        2  Ir         8.90073        82
   8.19371     2.91985    -1.90939        2  Ir         8.90551        83
  -2.52413     8.5564      1.5e-05        3  O          8.92094       237
  -8.12017     0.252693    3.71342        1  Sr         8.93256        16
   8.51429     2.73873    -0.002184       3  O          8.94392       243
  -8.1894     -0.116129   -3.72374        1  Sr         8.997          30
  -8.33897    -2.85305    -1.89484        2  Ir         9.01492        72
   1.89694    -6.96923     5.44144        3  O          9.04311       179
  -8.34895     2.94671    -1.89934        2  Ir         9.05514        73
   2.99009     8.54744    -0.003334       3  O          9.05535       241
   8.52427    -3.06104     0.002315       3  O          9.05721       242
   7.58536     4.65113     1.85909        3  O          9.08993       269
   8.35326    -0.142989   -3.73378        1  Sr         9.15088        41
  -2.49419    -8.8429      0.013511       3  O          9.18793       234
   8.42249     0.225833    3.70337        1  Sr         9.20349        27
  -8.94732    -1.12178     1.87364        3  O          9.20997       257
   2.07034     7.04133    -5.58177        3  O          9.22078       413
  -7.99115     2.785       3.6895         3  O          9.23185       215
   5.49498     0.101033    7.43011        3  O          9.24184       366
   7.40118    -1.17842     5.4336         3  O          9.25689       186
   5.50468     0.112578   -7.4422         3  O          9.25746       365
  -8.03694    -2.65425    -3.75743        3  O          9.26044       369
  -5.52377     0.130485   -7.43551        3  O          9.26368       353
  -5.53346     0.118939    7.4368         3  O          9.27035       354
   3.3604     -8.44156     1.85559        2  Ir         9.27338       105
   2.69944    -8.67072    -1.89704        2  Ir         9.27724        78
  -7.98117    -3.01476     3.694          3  O          9.29696       214
   0.041494    0.127474   -9.30032        2  Ir         9.30129       133
  -2.81478    -8.66177    -1.89369        2  Ir         9.30243        74
   1.88546     7.14753     5.66386        3  O          9.31244       298
   0.003092    0.256655    9.31203        2  Ir         9.31557       164
   2.66951     8.72857    -1.91054        2  Ir         9.32547        81
   3.02002    -8.85185     0.010162       3  O          9.35285       238
   0.000434   -5.67823    -7.43436        3  O          9.35478       357
  -0.009259   -5.68978     7.43795        3  O          9.36466       358
  -2.84471     8.73752    -1.90719        2  Ir         9.38478        77
  -2.18376     8.96668     1.84545        2  Ir         9.41147       104
   7.40966     1.33881     5.66501        3  O          9.42273       301
  -8.04692     3.14551    -3.76193        3  O          9.42334       370
  -9.1955     -1.19721    -1.73115        3  O          9.43331       189
   8.86464    -2.65075     1.84775        2  Ir         9.43518       109
  -9.17032     1.27502    -1.97209        3  O          9.46623       304
  -0.029215    5.90975     7.42896        3  O          9.49291       362
   1.90514     1.35931    -9.20395        3  O          9.49684       295
   7.59453     1.23261    -5.58062        3  O          9.50471       416
  -0.019523    5.92129    -7.44335        3  O          9.51134       361
  -3.61728    -6.96028     5.44479        3  O          9.54861       173
  -5.49146    -5.52261    -5.55243        2  Ir         9.56477       157
   8.85466     3.14901     1.84325        2  Ir         9.577         110
  -2.51274    -8.46297    -3.75628        3  O          9.59403       371
   2.07062     1.23002     9.29504        3  O          9.60199       412
  -0.392557    9.41576     1.8495         3  O          9.60371       278
   5.53698    -5.54052    -5.55913        2  Ir         9.60518       167
  -0.402329    2.20498     9.35739        3  O          9.62209       394
  -3.44388     7.05028    -5.57842        3  O          9.62733       407
  -2.48691     8.57581     3.68166        3  O          9.65836       221
  -5.47244    -5.67488     5.57983        2  Ir         9.65849       127
   8.50572    -2.68111    -3.76748        3  O          9.6814        383
   5.1516     -7.99249     1.85965        3  O          9.68902       279
   1.89665    -1.15792    -9.43537        3  O          9.69351       180
   8.55151     2.75814     3.67946        3  O          9.70949       229
   5.556      -5.69279     5.57314        2  Ir         9.71271       137
   3.33047     8.95773     1.8421         2  Ir         9.73274       108
  -2.66872     5.72247     7.41174        1  Sr         9.73667        50
  -0.402614    8.01629    -5.51942        3  O          9.741         395
   3.00148    -8.47192    -3.75963        3  O          9.74254       377
  -2.65903     5.73402    -7.46057        1  Sr         9.77801        49
   2.8455      5.71352     7.40839        1  Sr         9.77882        56
   3.02732     8.56686     3.67831        3  O          9.80233       227
   8.56149    -3.04162     3.68396        3  O          9.80419       228
   8.49574     3.11865    -3.77198        3  O          9.80466       384
  -5.4924      5.92464     5.57084        2  Ir         9.81336       130
   5.53604     5.90674     5.56414        2  Ir         9.82329       140
  -3.62875     7.15648     5.66721        3  O          9.82346       291
  -2.64877    -5.87706     7.42074        1  Sr         9.8297         46
   2.85519     5.72506    -7.46392        1  Sr         9.83049        55
  -2.63908    -5.86551    -7.45157        1  Sr         9.84352        45
  -8.12778    -5.59622     0.000298       1  Sr         9.86805         1
  -2.45697    -8.82348     3.69515        3  O          9.87647       216
  -7.68414     2.74784    -5.5808         2  Ir         9.88645       142
   2.86545    -5.88601     7.41739        1  Sr         9.89311        52
   5.51703     6.05901    -5.56813        2  Ir         9.90723       170
  -5.51141     6.07692    -5.56143        2  Ir         9.91131       160
   2.87514    -5.87446    -7.45492        1  Sr         9.91724        51
  -2.17961     2.72735     9.28816        2  Ir         9.92265       147
  -7.67416    -3.05192    -5.5763         2  Ir         9.96504       141
  -3.60908     1.36827    -9.2006         3  O          9.97741       289
  -3.4436      1.23897     9.29839        3  O          9.99267       406
END
