   -30.0000  2.843792E-03  4.978658E-04  8.400451E-05  4.664486E-05
   -29.5500  3.513114E-03  5.212012E-04  8.531376E-05  4.708391E-05
   -29.1000  4.451888E-03  5.463310E-04  8.666350E-05  4.753161E-05
   -28.6500  5.826937E-03  5.734497E-04  8.805579E-05  4.798823E-05
   -28.2000  7.957353E-03  6.027787E-04  8.949288E-05  4.845411E-05
   -27.7500  1.151759E-02  6.345726E-04  9.097716E-05  4.892956E-05
   -27.3000  1.814397E-02  6.691237E-04  9.251123E-05  4.941494E-05
   -26.8500  3.270596E-02  7.067701E-04  9.409792E-05  4.991061E-05
   -26.4000  7.556813E-02  7.479042E-04  9.574028E-05  5.041696E-05
   -25.9500  3.217012E-01  7.929842E-04  9.744166E-05  5.093443E-05
   -25.5000  4.653265E+00  8.425474E-04  9.920571E-05  5.146344E-05
   -25.0500  2.194739E-01  8.972278E-04  1.010364E-04  5.200447E-05
   -24.6000  6.201286E-02  9.577782E-04  1.029382E-04  5.255802E-05
   -24.1500  2.865234E-02  1.025098E-03  1.049160E-04  5.312464E-05
   -23.7000  1.643543E-02  1.100271E-03  1.069751E-04  5.370490E-05
   -23.2500  1.065027E-02  1.184610E-03  1.091215E-04  5.429945E-05
   -22.8000  7.464694E-03  1.279723E-03  1.113620E-04  5.490895E-05
   -22.3500  5.526993E-03  1.387599E-03  1.137043E-04  5.553412E-05
   -21.9000  4.262121E-03  1.510715E-03  1.161568E-04  5.617575E-05
   -21.4500  3.391896E-03  1.652203E-03  1.187295E-04  5.683481E-05
   -21.0000  2.768484E-03  1.816070E-03  1.214337E-04  5.751221E-05
   -20.5500  2.307487E-03  2.007519E-03  1.242825E-04  5.820861E-05
   -20.1000  1.957948E-03  2.233417E-03  1.272916E-04  5.892617E-05
   -19.6500  1.687720E-03  2.503008E-03  1.304794E-04  5.966463E-05
   -19.2000  1.475858E-03  2.829018E-03  1.338684E-04  6.042766E-05
   -18.7500  1.308465E-03  3.229445E-03  1.374864E-04  6.122260E-05
   -18.3000  1.176419E-03  3.730605E-03  1.413688E-04  6.205335E-05
   -17.8500  1.074305E-03  4.372610E-03  1.455620E-04  6.293184E-05
   -17.4000  1.000526E-03  5.220129E-03  1.501301E-04  6.396458E-05
   -16.9500  9.599653E-04  6.386197E-03  1.551678E-04  6.469878E-05
   -16.5000  9.780196E-04  8.097130E-03  1.608331E-04  1.455621E-04
   -16.0500  1.243297E-03  1.097701E-02  1.674451E-04  2.282749E-05
   -15.6000  4.058633E-03  2.000685E-02  1.768938E-04  1.833615E-04
   -15.1500  6.093228E-03  4.637235E-02  1.970065E-04  6.798542E-05
   -14.7000  7.330270E-03  1.002802E-01  2.350912E-04  7.081314E-05
   -14.2500  8.194734E-03  2.028146E-01  2.958558E-04  7.210778E-05
   -13.8000  8.835013E-03  3.894792E-01  3.828068E-04  7.456683E-05
   -13.3500  9.324638E-03  6.923087E-01  4.987231E-04  7.792447E-05
   -12.9000  9.706660E-03  1.044234E+00  6.458752E-04  8.241759E-05
   -12.4500  1.000884E-02  1.213255E+00  8.261495E-04  8.831940E-05
   -12.0000  1.025024E-02  1.111737E+00  1.041129E-03  9.591604E-05
   -11.5500  1.044454E-02  9.057165E-01  1.292147E-03  1.055019E-04
   -11.1000  1.060187E-02  7.183493E-01  1.580330E-03  1.173783E-04
   -10.6500  1.072993E-02  5.761741E-01  1.906627E-03  1.318515E-04
   -10.2000  1.083466E-02  4.723445E-01  2.271832E-03  1.492312E-04
    -9.7500  1.092075E-02  3.960014E-01  2.676602E-03  1.698289E-04
    -9.3000  1.099191E-02  3.387068E-01  3.121475E-03  1.939570E-04
    -8.8500  1.105114E-02  2.946918E-01  3.606882E-03  2.219273E-04
    -8.4000  1.110087E-02  2.601128E-01  4.133154E-03  2.540505E-04
    -7.9500  1.114305E-02  2.323909E-01  4.700534E-03  2.906350E-04
    -7.5000  1.117934E-02  2.097664E-01  5.309182E-03  3.319865E-04
    -7.0500  1.121105E-02  1.910101E-01  5.959184E-03  3.784071E-04
    -6.6000  1.123930E-02  1.752468E-01  6.650553E-03  4.301946E-04
    -6.1500  1.126502E-02  1.618395E-01  7.383238E-03  4.876423E-04
    -5.7000  1.128896E-02  1.503163E-01  8.157125E-03  5.510384E-04
    -5.2500  1.131176E-02  1.403210E-01  8.972042E-03  6.206653E-04
    -4.8000  1.133396E-02  1.315806E-01  9.827759E-03  6.968000E-04
    -4.3500  1.135599E-02  1.238828E-01  1.072400E-02  7.797127E-04
    -3.9000  1.137823E-02  1.170603E-01  1.166042E-02  8.696674E-04
    -3.4500  1.140096E-02  1.109795E-01  1.263665E-02  9.669212E-04
    -3.0000  1.142446E-02  1.055328E-01  1.365225E-02  1.071724E-03
    -2.5500  1.144891E-02  1.006322E-01  1.470675E-02  1.184319E-03
    -2.1000  1.147449E-02  9.620570E-02  1.579963E-02  1.304942E-03
    -1.6500  1.150134E-02  9.219323E-02  1.693033E-02  1.433821E-03
    -1.2000  1.152955E-02  8.854468E-02  1.809824E-02  1.571176E-03
    -0.7500  1.155922E-02  8.521777E-02  1.930272E-02  1.717220E-03
    -0.3000  1.159039E-02  8.217663E-02  2.054307E-02  1.872157E-03
     0.1500  1.162312E-02  7.939059E-02  2.181858E-02  2.036185E-03
     0.6000  1.165744E-02  7.683332E-02  2.312848E-02  2.209492E-03
     1.0500  1.169335E-02  7.448206E-02  2.447197E-02  2.392259E-03
     1.5000  1.173087E-02  7.231703E-02  2.584820E-02  2.584658E-03
     1.9500  1.176999E-02  7.032093E-02  2.725630E-02  2.786855E-03
     2.4000  1.181070E-02  6.847862E-02  2.869537E-02  2.999006E-03
     2.8500  1.185297E-02  6.677672E-02  3.016444E-02  3.221259E-03
     3.3000  1.189678E-02  6.520342E-02  3.166255E-02  3.453755E-03
     3.7500  1.194210E-02  6.374820E-02  3.318868E-02  3.696626E-03
     4.2000  1.198889E-02  6.240168E-02  3.474178E-02  3.949995E-03
     4.6500  1.203710E-02  6.115547E-02  3.632077E-02  4.213980E-03
     5.1000  1.208671E-02  6.000203E-02  3.792454E-02  4.488688E-03
     5.5500  1.213766E-02  5.893457E-02  3.955195E-02  4.774219E-03
     6.0000  1.218990E-02  5.794693E-02  4.120183E-02  5.070666E-03
     6.4500  1.224339E-02  5.703354E-02  4.287299E-02  5.378113E-03
     6.9000  1.229807E-02  5.618933E-02  4.456420E-02  5.696636E-03
     7.3500  1.235389E-02  5.540967E-02  4.627420E-02  6.026305E-03
     7.8000  1.241080E-02  5.469034E-02  4.800172E-02  6.367180E-03
     8.2500  1.246874E-02  5.402746E-02  4.974546E-02  6.719315E-03
     8.7000  1.252766E-02  5.341747E-02  5.150410E-02  7.082755E-03
     9.1500  1.258751E-02  5.285709E-02  5.327629E-02  7.457539E-03
     9.6000  1.264822E-02  5.234328E-02  5.506067E-02  7.843698E-03
    10.0500  1.270975E-02  5.187324E-02  5.685585E-02  8.241256E-03
    10.5000  1.277204E-02  5.144439E-02  5.866044E-02  8.650229E-03
    10.9500  1.283503E-02  5.105428E-02  6.047301E-02  9.070625E-03
    11.4000  1.289867E-02  5.070066E-02  6.229215E-02  9.502448E-03
    11.8500  1.296292E-02  5.038147E-02  6.411632E-02  9.945691E-03
    12.3000  1.302771E-02  5.009475E-02  6.594425E-02  1.040034E-02
    12.7500  1.309299E-02  4.983862E-02  6.777439E-02  1.086639E-02
    13.2000  1.315870E-02  4.961139E-02  6.960526E-02  1.134379E-02
    13.6500  1.322481E-02  4.941145E-02  7.143542E-02  1.183253E-02
    14.1000  1.329125E-02  4.923725E-02  7.326339E-02  1.233257E-02
    14.5500  1.335797E-02  4.908740E-02  7.508768E-02  1.284385E-02
    15.0000  1.342494E-02  4.896053E-02  7.690684E-02  1.336632E-02
