 # it. E_fermi(eV)  Charge Distance  Partial Chg. D.  Convergence
  0       3.493          0.000         0.0000     0
  1      -7.532         0.1733         6.6539     0
  2      -7.854         0.2898         0.4991     0
  3      -7.308         0.0754         0.3253     0
  4      -7.182         0.0214         0.2580     0
  5      -7.245         0.0119         0.0241     0
  6      -7.303         0.0091         0.0129     0
  7      -7.356         0.0016         0.0108     0
  8      -7.353         0.0018         0.0011     0
  9      -7.353         0.0015         0.0068     0
 10      -7.353         0.0028         0.0050     0
 11      -7.353         0.0055         0.0050     0
 12      -7.350         0.0064         0.0031     0
 13      -7.350         0.0104         0.0102     0
 14      -7.347         0.0932         0.0086     0
 15      -7.448         0.0835         0.0408     0
 16      -7.356         0.0003         0.0363     0
 17      -7.356         0.0001         0.0034     0
 18      -7.356         0.0053         0.0000     0
 19      -7.356         0.0014         0.0045     0
 20      -7.356         0.0197         0.0016     0
 21      -7.343         0.0254         0.0033     0
 22      -7.343         0.0982         0.0278     0
 23      -7.267         0.1173         0.0135     0
 24      -7.392         0.0282         0.0565     0
 25      -7.360         0.0034         0.0129     0
 26      -7.358         0.0029         0.0014     0
 27      -7.358         0.0002         0.0029     0
 28      -7.358         0.0038         0.0002     0
 29      -7.357         0.0095         0.0023     0
 30      -7.357         0.0196         0.0099     0
