ATOMS
  *       x           y           z    ipot  Atom      Distance    Number
**********-  **********  **********  ******  ******  **********  ********
   0           0           0              0  O          0               0
   1.34982    -1.34309     0.042213       2  Ir         1.90464       120
  -1.33856     1.35464    -0.03588        2  Ir         1.90475        89
   6.50256    -1.28266    -7.56032        2  Ir        10.0542        185
   9.26196     1.38       -3.74083        2  Ir        10.0838        140
   6.62723    -6.69464    -3.7944         2  Ir        10.1556        169
   9.30248     1.37519     3.8547         2  Ir        10.163          82
   1.16306    -6.66487    -7.58671        2  Ir        10.1652        178
  -9.33286     4.04285    -0.02035        2  Ir        10.1709        114
   9.34412    -4.0313      0.026683       2  Ir        10.1767         95
   6.63157    -6.698       3.87949        2  Ir        10.1927        109
  -9.39183    -1.31081     3.78727        2  Ir        10.2112         98
  -1.41703    -9.38442    -3.7936         2  Ir        10.2209        130
   6.59004    -1.29111     7.70747        2  Ir        10.2226        186
  -1.37652    -9.38923     3.80192        2  Ir        10.2229         72
   4.00462    -9.41351     0.000294       2  Ir        10.2299         91
  -3.99336     9.42507     0.006039       2  Ir        10.2362        118
  -6.72093     6.76237     3.76249        2  Ir        10.2497         71
   1.25054    -6.67332     7.68108        2  Ir        10.2516        179
  -9.39617    -1.30746    -3.88661        2  Ir        10.252         158
  -6.77943     1.40862     7.57005        2  Ir        10.2592        144
   1.28717     9.45361     3.84005        2  Ir        10.2846        108
   1.28282     9.45697    -3.83383        2  Ir        10.2848        168
   7.93745    -5.34038    -3.77752        3  O         10.2855        418
  -1.43993     6.79083     7.59644        2  Ir        10.2905        150
  -6.76144     6.76719    -3.83304        2  Ir        10.3055        129
   7.935       5.42652    -3.78404        3  O         10.331         420
   7.95808    -5.34259     3.87462        3  O         10.3386        280
   5.28597    -8.04963    -3.76555        3  O         10.3401        449
   3.85084    -1.30577    -9.51978        1  Sr        10.3518         28
   9.34145     4.06969    -1.85406        1  Sr        10.3568         68
  -1.52741     6.79928    -7.67135        2  Ir        10.364         149
  -9.36908    -4.02339     1.88238        1  Sr        10.3687          1
   7.95563     5.42432     3.86809        3  O         10.3768        282
   5.28229     8.10074    -3.77533        3  O         10.3816        452
  -8.06409    -5.33885     3.78566        3  O         10.3858        265
   5.30973    -8.05517     3.85548        3  O         10.3896        313
  -5.37172    -8.05268     3.79617        3  O         10.3977        303
  -4.02712    -9.40809     1.91529        1  Sr        10.4114          4
  -6.86691     1.41707    -7.69774        2  Ir        10.4124        143
   5.30605     8.09519     3.84569        3  O         10.4152        316
  -5.39548    -8.04714    -3.82485        3  O         10.4162        439
  -8.08472    -5.33665    -3.86647        3  O         10.4303        403
  -5.3754      8.09768     3.78639        3  O         10.4309        306
  -8.06654     5.42805     3.77914        3  O         10.4314        267
   1.26466    -4.00567     9.55273        1  Sr        10.4355         45
   3.9995      9.45438    -1.88697        1  Sr        10.4375         65
  -4.07729     1.37903     9.51982        1  Sr        10.4476         41
  -5.39916     8.10322    -3.83463        3  O         10.4651        442
  -8.08718     5.43025    -3.87299        3  O         10.4829        405
  -1.49112     4.07893    -9.55269        1  Sr        10.4936         24
   5.16031    -5.31761    -7.59696        3  O         10.6122        295
 -10.6814      0.002487   -0.059301       3  O         10.6816        422
  10.6814     -0.002487    0.059301       3  O         10.6816        435
   5.15785     5.4493     -7.60348        3  O         10.6823        299
   5.24779    -5.32606     7.67083        3  O         10.712         296
  -5.43367    -5.32357     7.61153        3  O         10.7611        284
   9.26319    -4.00345    -3.73756        2  Ir        10.7612        139
   5.24533     5.44085     7.66431        3  O         10.7637        300
   0.002453  -10.7669      0.006523       3  O         10.7669        427
  -0.002453   10.7669     -0.006523       3  O         10.7669        430
   6.50133     4.10079    -7.56358        2  Ir        10.7839        187
  -5.43612     5.44333     7.60501        3  O         10.8175        288
  -5.52114    -5.31513    -7.65626        3  O         10.8329        283
   9.3037     -4.00827     3.85796        2  Ir        10.8402         81
   3.92369    -9.38566    -3.76395        2  Ir        10.8468        135
   3.96421    -9.39048     3.83157        2  Ir        10.8893         77
  -5.5236      5.45178    -7.66278        3  O         10.9064        287
  -6.7782     -3.97483     7.57331        2  Ir        10.9132        142
  -9.39305     4.07264     3.78401        2  Ir        10.9149         99
   3.81332     6.79804    -7.6417         2  Ir        10.9156        155
   7.83008     0.064974   -7.61267        3  O         10.9209        387
   3.90079     6.78959     7.62609        2  Ir        10.9303        156
   6.58881     4.09234     7.70421        2  Ir        10.9323        188
  -4.09019    -6.67208     7.65143        2  Ir        10.9449        173
  -4.17767    -6.66363    -7.61636        2  Ir        10.9483        172
  -9.3974      4.076      -3.88987        2  Ir        10.957         159
  -4.05356     9.45485     3.8104         2  Ir        10.9702        103
   6.51546     6.76845    -5.69193        1  Sr        10.9846         53
  -4.0579      9.45821    -3.86348        2  Ir        10.9932        163
 -10.6679     -2.68893    -0.076618       3  O         11.0018        319
 -10.6691      2.69453    -0.07988        3  O         11.0044        320
   9.27904    -1.31547     5.77766        1  Sr        11.0096         33
   7.91756     0.056523    7.65512        3  O         11.0133        388
  10.6938      2.68955     0.038723       3  O         11.0269        334
  10.695      -2.6939      0.041984       3  O         11.0291        333
   1.17841    -9.38067    -5.7118         1  Sr        11.0458         43
  -0.173357   -8.0142     -7.6005         3  O         11.0465        193
  -6.86568    -3.96638    -7.69448        2  Ir        11.0487        141
   3.84961     4.07768    -9.52304        1  Sr        11.0515         30
  -6.74191    -6.69519     5.69197        1  Sr        11.076          16
  -2.6709    -10.7505      0.014495       3  O         11.0773        238
   2.66983   -10.7517      0.044146       3  O         11.0783        243
  -8.10462     0.060254    7.56617        3  O         11.0876        374
  -0.085878   -8.02265     7.66729        3  O         11.0976        194
  -4.07606    -4.00443     9.52308        1  Sr        11.1058         39
   2.66492    10.7821      0.0311         3  O         11.1066        247
  -2.6758     10.7833      0.001449       3  O         11.1104        242
  -1.40487     9.45393     5.71183        1  Sr        11.1344         26
  -0.177037    8.13616    -7.61029        3  O         11.142         199
  -0.089558    8.12771     7.6575         3  O         11.1671        200
  -9.50549     1.38872    -5.77762        1  Sr        11.21           36
   7.83732    -2.61943    -7.58291        3  O         11.2154        369
  -8.1921      0.068705   -7.70162        3  O         11.2441        373
  10.6089      0.028444   -3.7465         3  O         11.251         402
   7.83609     2.76402    -7.58617        3  O         11.2514        371
  10.6266      0.019345    3.8816         3  O         11.3134        264
   2.49782    -8.00164    -7.6093         3  O         11.3211        361
   7.92479    -2.62788     7.68487        3  O         11.3475        370
  -7.99475    -8.0581     -0.030203       3  O         11.3512        219
   7.92357     2.75557     7.68161        3  O         11.3747        372
 -10.7363      0.024319    3.763          3  O         11.3767        251
   8.02742    -8.06183     0.058749       3  O         11.377         231
  -7.99843     8.09226    -0.039987       3  O         11.3781        222
   2.5853     -8.01009     7.65849        3  O         11.3797        362
  -0.070138  -10.736      -3.79928        3  O         11.3886        393
   8.02374     8.08853     0.048965       3  O         11.3933        234
  -2.75543    -8.00885     7.62883        3  O         11.3988        354
  -0.052367  -10.7451      3.82883        3  O         11.407         255
  -8.09738    -2.62415     7.59592        3  O         11.4084        350
  -2.84291    -8.0004     -7.63895        3  O         11.4211        353
 -10.754       0.033419   -3.8651         3  O         11.4276        389
   2.49414     8.14872    -7.61909        3  O         11.4312        367
  -8.09861     2.7593      7.59266        3  O         11.439         352
  -0.057274   10.7887      3.81578        3  O         11.4438        260
  -0.142299    0.030283  -11.4455         3  O         11.4464        257
  -0.075044   10.7978     -3.81232        3  O         11.4513        398
   0.014888    0.022481   11.462          3  O         11.462         396
   2.58162     8.14027     7.6487         3  O         11.4644        368
  -2.75911     8.14152     7.61905        3  O         11.4868        360
  -9.33041    -6.72405    -0.013827       2  Ir        11.5009        112
   9.34166     6.73561     0.02016        2  Ir        11.5167         97
  -8.18486    -2.6157     -7.67187        3  O         11.5192        349
  -2.84659     8.14997    -7.64874        3  O         11.5338        359
  -6.67683    -9.41102    -0.059008       2  Ir        11.5391         83
   6.68809     9.42258     0.06534        2  Ir        11.5551        126
  -8.18609     2.76776    -7.67513        3  O         11.5577        351
   1.20214    -1.30485   -11.4212         2  Ir        11.5582        105
  10.6255     -2.66742    -3.73916        3  O         11.5757        453
  10.6242      2.71604    -3.74242        3  O         11.5869        454
   1.37275    -1.31839    11.4405         2  Ir        11.5977        166
  -1.33201     1.37404    11.4677         2  Ir        11.6262        133
   9.34391    -6.69722    -1.84754        1  Sr        11.6437         66
  10.6492     -2.67296     3.88186        3  O         11.6456        317
  -1.46645     1.38613   -11.4724         2  Ir        11.6485         74
  10.648       2.71049     3.8786         3  O         11.652         318
   9.27781     4.06799     5.7744         1  Sr        11.6606         34
 -10.7137     -2.66798     3.76326        3  O         11.6646        301
   2.59795   -10.7226     -3.80391        3  O         11.6702        412
 -10.7149      2.71547     3.76           3  O         11.6756        302
   2.61858   -10.7248      3.84823        3  O         11.6913        274
   6.65433    -9.41058     1.97459        1  Sr        11.6935         12
  -9.37153     6.74351     1.87586        1  Sr        11.697           3
   2.52865     0.050562  -11.4261         3  O         11.7027        276
  -2.72214   -10.7236      3.81858        3  O         11.7041        268
  -2.74277   -10.7213     -3.83356        3  O         11.7118        406
 -10.7374     -2.66244    -3.85776        3  O         11.7159        437
   6.60416     1.37654     9.57912        1  Sr        11.7162         52
 -10.7387      2.72101    -3.86102        3  O         11.7316        438
  -2.65775     0.037107   11.4277         3  O         11.7328        409
   3.93586     9.45269     5.74148        1  Sr        11.7392         32
  -6.68195     9.45687    -1.94627        1  Sr        11.7418         57
  -1.48866    -6.68798    -9.54617        1  Sr        11.7505         20
  -0.119704   -2.66202   -11.4452         3  O         11.7513        308
   2.59305    10.8112     -3.81695        3  O         11.7548        417
  -4.16231    -9.37943    -5.74145        1  Sr        11.7585         37
   2.61368    10.809       3.83518        3  O         11.7633        279
   1.26221     6.76124     9.54621        1  Sr        11.766          49
   2.68298     0.035863   11.4574         3  O         11.7674        415
  -0.120931    2.72143   -11.4485         3  O         11.7681        310
   0.031496   -2.67338    11.4693         3  O         11.7768        445
  -2.72705    10.8103      3.80553        3  O         11.7805        273
   0.03027     2.71007    11.4661         3  O         11.782         447
  -2.81207     0.051806  -11.4557         3  O         11.7959        270
  -2.74768    10.8125     -3.8466         3  O         11.8007        411
  -9.50426    -3.99473    -5.77436        1  Sr        11.8166         35
  -6.83061    -1.30328    -9.57908        1  Sr        11.837          17
   7.95896    -8.02863    -3.77687        3  O         11.9193        345
 -10.6802     -5.38097    -0.05604        3  O         11.9593        421
  10.6802      5.38097     0.05604        3  O         11.9593        436
 -10.6827      5.38594    -0.062563       3  O         11.9638        423
  10.6827     -5.38594     0.062563       3  O         11.9638        434
   7.98008    -8.03305     3.86374        3  O         11.9641        216
  -8.04209    -8.02932     3.77479        3  O         11.9747        205
   7.95528     8.12173    -3.78666        3  O         11.9828        348
   9.15527     1.41334    -7.60879        2  Ir        11.9879        157
   6.50378    -6.66612    -7.55706        2  Ir        11.9936        184
   2.66737     0.015196    0.037623       3  O          2.66768       245
  -2.67335     0.016439    0.007972       3  O          2.67341       240
  -1.33877    -1.31128    -1.9101         1  Sr         2.67586        59
   0.013561   -2.69141    -0.017317       3  O          2.6915        326
   0.012334    2.69204    -0.020578       3  O          2.69215       327
   1.31115     1.35757     1.93842        1  Sr         2.70547        10
  -2.65525    -2.67589    -0.003814       3  O          3.76972       224
   2.68547    -2.67713     0.025837       3  O          3.79202       228
  -2.65648     2.70757    -0.007075       3  O          3.79313       225
  -0.072591    0.030932   -3.8058         3  O          3.80662       395
   2.68424     2.70632     0.022575       3  O          3.8118        229
  -0.05482     0.021832    3.8223         3  O          3.82276       258
  -3.99091    -1.34184     0.012562       2  Ir         4.21047       116
   4.00216     1.3534     -0.006229       2  Ir         4.22481        93
   1.28527    -1.30994    -3.82731        2  Ir         4.24455       165
  -1.33733    -4.02881    -0.032618       2  Ir         4.2451         88
   1.34859     4.04037     0.038951       2  Ir         4.25967       121
   1.28962    -1.3133      3.84657        2  Ir         4.26427       106
  -1.37897     1.37767     3.7954         2  Ir         4.26669        75
  -1.41949     1.38249    -3.80013        2  Ir         4.28569       132
   2.5955      0.044314   -3.81043        3  O          4.61064       414
   4.00195    -1.31252    -1.88045        1  Sr         4.61242        63
  -0.055983   -2.66493    -3.79846        3  O          4.6404        444
   2.61613     0.042111    3.8417         3  O          4.64808       277
   1.31238    -4.02588     1.94168        1  Sr         4.65834         9
  -4.02958     1.35882     1.90877        1  Sr         4.66125         6
  -0.032225   -2.67047     3.82256        3  O          4.66309       309
  -0.057209    2.71853    -3.80172        3  O          4.67405       446
  -0.033452    2.71298     3.8193         3  O          4.68492       311
  -2.72459     0.043355    3.81205        3  O          4.68583       271
  -1.34        4.07217    -1.91336        1  Sr         4.69459        60
  -2.74523     0.045558   -3.84008        3  O          4.72065       408
   2.61701    -2.64393    -3.80978        3  O          5.32481       342
  -5.34072     0.001244   -0.029651       3  O          5.34081       425
   5.34072    -0.001244    0.029651       3  O          5.34081       432
   2.63813    -2.64835     3.83082        3  O          5.35245       213
  -2.70259    -2.64711     3.80117        3  O          5.36285       209
   2.61578     2.73952    -3.81304        3  O          5.37463       343
   0.001227   -5.38345     0.003262       3  O          5.38345       428
  -0.001227    5.38345    -0.003262       3  O          5.38345       429
   2.63691     2.7351      3.82756        3  O          5.39299       214
  -2.72371    -2.64269    -3.83943        3  O          5.39849       338
  -2.70382     2.73635     3.79791        3  O          5.40577       210
  -2.72494     2.74076    -3.84269        3  O          5.45008       339
   3.92124     1.38125    -3.77048        2  Ir         5.61252       137
   3.96175     1.37643     3.82505        2  Ir         5.67636        79
   4.00339    -4.03005    -0.002968       2  Ir         5.68053        92
  -3.99213     4.04161     0.009301       2  Ir         5.68083       117
  -1.37775    -4.00578     3.79866        2  Ir         5.68984        73
  -1.41826    -4.00096    -3.79686        2  Ir         5.69521       131
  -4.0511     -1.31206     3.81692        2  Ir         5.71855       101
   1.28405     4.07351    -3.83057        2  Ir         5.73721       167
   1.28839     4.07015     3.84331        2  Ir         5.74432       107
  -4.05545    -1.3087     -3.85696        2  Ir         5.74765       161
  -5.32716    -2.69017    -0.046968       3  O          5.96807       322
  -5.32839     2.69328    -0.050229       3  O          5.9706        323
   5.35306     2.6908      0.009072       3  O          5.9913        331
   5.35428    -2.69266     0.012334       3  O          5.99324       330
   2.6686     -5.36826     0.040885       3  O          5.99511       244
  -2.67212    -5.36702     0.011234       3  O          5.99543       239
   1.17596     1.38624    -5.71832        1  Sr         6.00031        46
  -4.02835    -4.02464     1.91203        1  Sr         6.00676         5
   4.00073     4.07093    -1.88371        1  Sr         6.01055        64
   2.66615     5.39865     0.034361       3  O          6.02121       246
  -2.67458     5.39989     0.004711       3  O          6.02596       241
  -1.40241    -1.31298     5.71835        1  Sr         6.03243        23
   5.26813     0.029688   -3.77615        3  O          6.48177       400
   5.2859      0.020588    3.85195        3  O          6.54055       262
  -0.071364   -5.35252    -3.80254        3  O          6.56611       394
  -0.053594   -5.36162     3.82557        3  O          6.58671       256
  -5.39555     0.023076    3.79265        3  O          6.5952        253
  -0.056047    5.40529     3.81904        3  O          6.61856       259
  -0.073818    5.41439    -3.80906        3  O          6.62042       397
  -5.41332     0.032175   -3.83545        3  O          6.63443       391
   3.92246    -4.00221    -3.76721        2  Ir         6.75243       136
   3.96298    -4.00702     3.82831        2  Ir         6.81303        78
  -6.67929     1.35589    -0.065531       2  Ir         6.81583        85
   6.69054    -1.34433     0.071863       2  Ir         6.82464       124
   1.35104    -6.72654     0.045474       2  Ir         6.86103       119
  -1.33979     6.7381     -0.039142       2  Ir         6.87012        90
  -4.05233     4.0714      3.81366        2  Ir         6.89505       102
  -4.05668     4.07476    -3.86022        2  Ir         6.92543       162
   5.28474    -2.66617    -3.76881        3  O          7.01719       450
   5.28352     2.71728    -3.77207        3  O          7.03759       451
   2.59673    -5.33914    -3.80717        3  O          7.05294       413
   6.65187     1.35633     1.96807        1  Sr         7.06826        14
   1.17718    -3.99722    -5.71506        1  Sr         7.07287        44
  -6.67949    -1.31004    -1.93975        1  Sr         7.07775        55
   5.3085     -2.67172     3.85221        3  O          7.08222       314
   2.61736    -5.34134     3.84497        3  O          7.08267       275
  -1.33754    -6.69473    -1.90684        1  Sr         7.08834        58
   3.93831    -1.31422     5.74801        1  Sr         7.09063        29
   5.30727     2.71174     3.84895        3  O          7.09472       315
  -5.37295    -2.66923     3.79291        3  O          7.09786       304
  -2.72337    -5.3401      3.81531        3  O          7.10563       269
  -5.37418     2.71422     3.78965        3  O          7.11409       305
   2.59427     5.42777    -3.81369        3  O          7.12286       416
  -2.744      -5.3379     -3.83682        3  O          7.12347       407
  -5.39671    -2.66369    -3.82811        3  O          7.13261       440
   1.30992     6.74103     1.93516        1  Sr         7.13457        11
   2.6149      5.42556     3.83844        3  O          7.142         278
  -1.40364     4.07048     5.71509        1  Sr         7.15551        25
  -5.39793     2.71977    -3.83137        3  O          7.15641       441
  -2.72582     5.42681     3.80879        3  O          7.16849       272
  -2.74645     5.42901    -3.84334        3  O          7.19642       410
  -4.16477     1.38748    -5.74797        1  Sr         7.23253        40
  -5.3395     -5.38221    -0.026389       3  O          7.5815        424
   5.3395      5.38221     0.026389       3  O          7.5815        433
  -5.34195     5.3847     -0.032912       3  O          7.58502       426
   5.34195    -5.3847      0.032912       3  O          7.58502       431
  -0.181646    0.067086   -7.62987        3  O          7.63233       291
  -0.094167    0.058635    7.63792        3  O          7.63872       292
   6.626      -1.31119    -3.79766        2  Ir         7.74889       170
   1.16183    -1.28142    -7.58997        2  Ir         7.78457       180
   6.63035    -1.31455     3.87622        2  Ir         7.79196       110
  -6.67806    -4.02757    -0.062269       2  Ir         7.79882        84
   6.68931     4.03912     0.068602       2  Ir         7.81448       125
   1.2865     -6.6934     -3.82405        2  Ir         7.81537       164
  -3.98968    -6.7253      0.015824       2  Ir         7.81968       115
  -6.7197      1.37892     3.76575        2  Ir         7.82538        70
   1.29085    -6.69676     3.84984        2  Ir         7.83161       104
   4.00094     6.73685    -0.009491       2  Ir         7.83535        94
  -1.4387      1.40738     7.5997         2  Ir         7.86168       148
  -1.3802      6.76113     3.79214        2  Ir         7.87389        76
   1.24931    -1.28987     7.67782        2  Ir         7.88501       181
  -1.42071     6.76594    -3.80339        2  Ir         7.89064       134
  -6.76021     1.38373    -3.82978        2  Ir         7.89192       128
  -1.52618     1.41583    -7.66809        2  Ir         7.94565       147
   8.0081      0.013952    0.067274       3  O          8.00839       249
  -8.01408     0.017683   -0.021678       3  O          8.01413       236
   6.6531     -4.02713     1.97133        1  Sr         8.02294        13
   4.00318    -6.69598    -1.87719        1  Sr         8.02405        62
   2.48935     0.066217   -7.64232        3  O          8.03781       383
  -0.174584   -2.63075    -7.60376        3  O          8.04789       195
   2.57683     0.057767    7.62547        3  O          8.0493        384
  -6.68072     4.07342    -1.94301        1  Sr         8.06226        56
   3.93709     4.06923     5.74474        1  Sr         8.06606        31
   0.014787   -8.07487    -0.014055       3  O          8.07489       325
   0.011107    8.07549    -0.02384        3  O          8.07554       328
  -4.0308      6.74227     1.90551        1  Sr         8.0831          7
  -2.76389     0.05901     7.59582        3  O          8.08326       378
  -0.17581     2.75271    -7.60703        3  O          8.09167       197
  -0.087105   -2.6392      7.66402        3  O          8.10618       196
  -0.088331    2.74426     7.66076        3  O          8.13794       198
  -4.16354    -3.99598    -5.74471        1  Sr         8.14276        38
  -2.85137     0.067461   -7.67197        3  O          8.18498       377
   5.26936    -5.35377    -3.77289        3  O          8.40617       399
   2.49659    -2.61819    -7.61256        3  O          8.42846       363
  -7.99598    -2.67464    -0.033464       3  O          8.43152       220
  -7.99721     2.70881    -0.036726       3  O          8.4436        221
   5.26691     5.41314    -3.77941        3  O          8.44549       401
   5.28713    -5.36287     3.85522        3  O          8.46031       261
   8.02619    -2.67838     0.055488       3  O          8.46148       232
   8.02497     2.70508     0.052226       3  O          8.46878       233
   2.49536     2.76527    -7.61583        3  O          8.47787       365
   5.28468     5.40404     3.84869        3  O          8.48198       263
  -2.65403    -8.05934    -0.000552       3  O          8.4851        223
   2.58407    -2.62664     7.65522        3  O          8.49583       364
   2.6867     -8.06059     0.029099       3  O          8.4966        227
  -5.39432    -5.36038     3.79591        3  O          8.49949       252
  -2.65771     8.09102    -0.010337       3  O          8.51634       226
  -5.41209    -5.35128    -3.83219        3  O          8.5213        390
  -2.75665    -2.62539     7.62557        3  O          8.52298       356
   2.68302     8.08978     0.019314       3  O          8.52311       230
  -5.39677     5.40653     3.78939        3  O          8.52732       254
   2.58284     2.75682     7.65196        3  O          8.53368       366
  -2.75788     2.75806     7.62231        3  O          8.56227       358
  -2.84413    -2.61694    -7.64222        3  O          8.56393       355
  -5.41454     5.41563    -3.83871        3  O          8.56633       392
  -2.84536     2.76651    -7.64548        3  O          8.61411       357
   3.81454     1.41458    -7.63844        2  Ir         8.65434       153
   6.62477     4.07227    -3.80092        2  Ir         8.65552       171
   3.92001     6.7647     -3.77374        2  Ir         8.68152       138
  -6.71847    -4.00453     3.76901        2  Ir         8.68214        69
   3.90202     1.40613     7.62935        2  Ir         8.68389       154
   6.62912     4.06891     3.87296        2  Ir         8.68914       111
  -1.43748    -3.97608     7.60296        2  Ir         8.69946       146
  -4.04988    -6.69551     3.82018        2  Ir         8.70777       100
   1.16061     4.10204    -7.59323        2  Ir         8.70809       182
   3.96053     6.75988     3.82179        2  Ir         8.7171         80
  -4.05422    -6.69215    -3.8537         2  Ir         8.72196       160
  -6.75899    -3.99972    -3.82652        2  Ir         8.73635       127
   6.51668     1.38499    -5.68867        1  Sr         8.7605         51
  -1.52496    -3.96763    -7.66483        2  Ir         8.76454       145
  -4.09141    -1.28862     7.64817        2  Ir         8.76896       175
  -4.17889    -1.28018    -7.61962        2  Ir         8.78411       174
   1.24808     4.09359     7.67456        2  Ir         8.78715       183
   7.93623     0.04307    -3.78078        3  O          8.79089       419
   7.95686     0.040868    3.87135        3  O          8.84876       281
  -0.054756   -8.04838    -3.7952         3  O          8.89848       443
  -8.06532     0.044599    3.7824         3  O          8.90831       266
  -0.030999   -8.05393     3.82582        3  O          8.91648       307
  -1.40118    -6.69643     5.72162        1  Sr         8.91866        21
  -6.74314    -1.31174     5.6887         1  Sr         8.91919        18
   1.17473     6.76969    -5.72158        1  Sr         8.94121        48
  -0.034679    8.09643     3.81604        3  O          8.95073       312
  -0.058436    8.10198    -3.80498        3  O          8.95117       448
  -8.08595     0.046801   -3.86973        3  O          8.96435       404
   5.15908     0.065842   -7.60022        3  O          9.18606       297
   7.95773    -2.64518    -3.78013        3  O          9.19847       346
   7.95651     2.73828    -3.78339        3  O          9.22596       347
   7.97886    -2.64959     3.86048        3  O          9.25126       217
   2.61824    -8.02739    -3.80652        3  O          9.26195       341
  -8.04332    -2.64586     3.77152        3  O          9.2693        206
   7.97763     2.73386     3.85721        3  O          9.27333       218
   2.63936    -8.0318      3.83409        3  O          9.28312       212
  -2.70137    -8.03056     3.80443        3  O          9.28768       208
   5.24656     0.057391    7.66757        3  O          9.29092       298
  -8.04454     2.73759     3.76826        3  O          9.29564       207
  -0.180419   -5.31637    -7.62661        3  O          9.29847       289
  -2.72249    -8.02614    -3.83617        3  O          9.30307       337
  -0.09294    -5.32482     7.64118        3  O          9.31397       290
  -8.06444    -2.64145    -3.86908        3  O          9.32643       335
   2.61456     8.12298    -3.81631        3  O          9.34788       344
  -5.43489     0.059879    7.60827        3  O          9.35026       286
   2.63568     8.11856     3.8243         3  O          9.35324       215
  -8.06567     2.74201    -3.87235        3  O          9.35781       336
  -2.70505     8.1198      3.79465        3  O          9.36204       211
  -0.095394    5.44209     7.63466        3  O          9.37622       294
  -0.182872    5.45054    -7.63313        3  O          9.38118       293
  -2.72617     8.12422    -3.84596        3  O          9.39289       340
   3.81577    -3.96887    -7.63518        2  Ir         9.41318       151
  -9.33163    -1.3406     -0.017089       2  Ir         9.42745       113
   9.34289     1.35216     0.023421       2  Ir         9.44026        96
  -5.52237     0.068329   -7.65952        3  O          9.44296       285
   3.90325    -3.97732     7.63261        2  Ir         9.45046       152
   6.69177    -6.72778     0.075125       2  Ir         9.48939       123
  -6.68051     6.73934    -0.068792       2  Ir         9.48961        86
  -1.33611    -9.41226    -0.029357       2  Ir         9.50667        87
   1.34736     9.42382     0.03569        2  Ir         9.51972       122
   6.51791    -3.99846    -5.68541        1  Sr         9.52863        50
   5.16614    -2.63199    -7.57411        3  O          9.53853       201
   5.16491     2.75147    -7.57737        3  O          9.57411       203
  -4.09264     4.09483     7.64491        2  Ir         9.58968       177
  -4.18012     4.10328    -7.62288        2  Ir         9.61346       176
   9.34268    -1.31377    -1.8508         1  Sr         9.61442        67
   2.49058    -5.31724    -7.63906        3  O          9.6349        381
   8.00933    -5.3695      0.070535       3  O          9.64292       248
  -8.01285    -5.36577    -0.018417       3  O          9.64353       235
  -6.67827    -6.69349    -1.93649        1  Sr         9.65153        54
  -9.3703      1.36006     1.87912        1  Sr         9.65315         2
   2.57806    -5.32569     7.62873        3  O          9.65437       382
   8.00687     5.39741     0.064012       3  O          9.6564        250
  -8.0153      5.40114    -0.02494        3  O          9.6653        237
   3.93954    -6.69768     5.75127        1  Sr         9.66726        27
   6.65065     6.73978     1.96481        1  Sr         9.67038        15
  -5.32594    -8.07362    -0.043706       3  O          9.67217       321
  -5.32962     8.07674    -0.053491       3  O          9.67685       324
  -2.76267    -5.32444     7.59908        3  O          9.68132       376
   5.25362    -2.64044     7.69367        3  O          9.68324       202
   5.35183     8.07425     0.005811       3  O          9.68688       332
   5.35551    -8.07611     0.015595       3  O          9.69048       329
   1.3136     -9.40934     1.94494        1  Sr         9.69763         8
   5.25239     2.74301     7.69041        3  O          9.70846       204
   2.57561     5.44122     7.62221        3  O          9.71281       386
   2.48813     5.44967    -7.64558        3  O          9.71312       385
  -6.74436     4.07172     5.68544        1  Sr         9.71543        19
   1.26344     1.37779     9.54947        1  Sr         9.73072        47
  -5.42783    -2.63795     7.63437        3  O          9.73159       190
  -1.34122     9.45563    -1.91662        1  Sr         9.7407         61
  -2.76512     5.44246     7.59256        3  O          9.74234       380
  -1.48989    -1.30453    -9.54943        1  Sr         9.7526         22
  -2.85014    -5.31599    -7.66871        3  O          9.75665       375
  -5.42906     2.7455      7.63111        3  O          9.75942       192
  -5.51531    -2.6295     -7.63341        3  O          9.77762       189
  -4.16599     6.77093    -5.75123        1  Sr         9.81212        42
  -5.51654     2.75395    -7.63668        3  O          9.81505       191
  -2.8526      5.45092    -7.67523        3  O          9.83661       379
END
