   -30.0000  1.326165E-04  4.177552E-04  8.593447E-04  6.109567E-04
   -29.5500  1.381602E-04  4.138094E-04  8.974726E-04  6.024412E-04
   -29.1000  1.441906E-04  4.105660E-04  9.383966E-04  5.944817E-04
   -28.6500  1.507673E-04  4.080249E-04  9.824045E-04  5.870580E-04
   -28.2000  1.579611E-04  4.061915E-04  1.029822E-03  5.801520E-04
   -27.7500  1.658556E-04  4.050774E-04  1.081022E-03  5.737471E-04
   -27.3000  1.745493E-04  4.047004E-04  1.136426E-03  5.678288E-04
   -26.8500  1.841603E-04  4.050863E-04  1.196523E-03  5.623840E-04
   -26.4000  1.948303E-04  4.062683E-04  1.261872E-03  5.574014E-04
   -25.9500  2.067315E-04  4.082905E-04  1.333121E-03  5.528713E-04
   -25.5000  2.200742E-04  4.112080E-04  1.411022E-03  5.487855E-04
   -25.0500  2.351219E-04  4.150901E-04  1.496455E-03  5.451376E-04
   -24.6000  2.522008E-04  4.200229E-04  1.590451E-03  5.419226E-04
   -24.1500  2.717296E-04  4.261137E-04  1.694230E-03  5.391371E-04
   -23.7000  2.942430E-04  4.334965E-04  1.809241E-03  5.367797E-04
   -23.2500  3.204465E-04  4.423404E-04  1.937218E-03  5.348506E-04
   -22.8000  3.512843E-04  4.528595E-04  2.080253E-03  5.333520E-04
   -22.3500  3.880424E-04  4.653299E-04  2.240888E-03  5.322882E-04
   -21.9000  4.325358E-04  4.801122E-04  2.422243E-03  5.316661E-04
   -21.4500  4.873974E-04  4.976892E-04  2.628187E-03  5.314950E-04
   -21.0000  5.566027E-04  5.187231E-04  2.863571E-03  5.317876E-04
   -20.5500  6.464567E-04  5.441542E-04  3.134559E-03  5.325604E-04
   -20.1000  7.676061E-04  5.753779E-04  3.449120E-03  5.338345E-04
   -19.6500  9.396234E-04  6.145920E-04  3.817733E-03  5.356369E-04
   -19.2000  1.203024E-03  6.655606E-04  4.254533E-03  5.380030E-04
   -18.7500  1.658661E-03  7.356130E-04  4.779244E-03  5.409897E-04
   -18.3000  2.656188E-03  8.426226E-04  5.420952E-03  5.450782E-04
   -17.8500  7.107045E-03  1.062346E-03  6.228443E-03 -3.856762E-04
   -17.4000  3.938525E-02  2.282674E-03  7.358726E-03  5.943239E-04
   -16.9500  5.689433E-02  4.978067E-03  9.319996E-03  5.621918E-04
   -16.5000  6.593735E-02  8.404527E-03  1.277908E-02  5.742979E-04
   -16.0500  7.104948E-02  1.224478E-02  1.861820E-02  5.940594E-04
   -15.6000  7.392939E-02  1.632680E-02  2.816643E-02  6.250783E-04
   -15.1500  7.542031E-02  2.054254E-02  4.355972E-02  6.713248E-04
   -14.7000  7.600128E-02  2.481899E-02  6.840900E-02  7.370138E-04
   -14.2500  7.596679E-02  2.910461E-02  1.091297E-01  8.265336E-04
   -13.8000  7.550780E-02  3.336194E-02  1.777368E-01  9.443926E-04
   -13.3500  7.475289E-02  3.756320E-02  2.979869E-01  1.095179E-03
   -12.9000  7.379111E-02  4.168750E-02  5.189514E-01  1.283530E-03
   -12.4500  7.268550E-02  4.571896E-02  9.402995E-01  1.514106E-03
   -12.0000  7.148146E-02  4.964553E-02  1.709580E+00  1.791573E-03
   -11.5500  7.021214E-02  5.345808E-02  2.688455E+00  2.120589E-03
   -11.1000  6.890196E-02  5.714964E-02  2.902584E+00  2.505788E-03
   -10.6500  6.756910E-02  6.071515E-02  2.231488E+00  2.951779E-03
   -10.2000  6.622711E-02  6.415086E-02  1.550082E+00  3.463131E-03
    -9.7500  6.488621E-02  6.745420E-02  1.100028E+00  4.044374E-03
    -9.3000  6.355402E-02  7.062354E-02  8.189313E-01  4.699993E-03
    -8.8500  6.223617E-02  7.365805E-02  6.379250E-01  5.434425E-03
    -8.4000  6.093704E-02  7.655751E-02  5.158758E-01  6.252057E-03
    -7.9500  5.965969E-02  7.932226E-02  4.298902E-01  7.157228E-03
    -7.5000  5.840639E-02  8.195314E-02  3.669722E-01  8.154224E-03
    -7.0500  5.717874E-02  8.445133E-02  3.194434E-01  9.247273E-03
    -6.6000  5.597782E-02  8.681837E-02  2.825711E-01  1.044055E-02
    -6.1500  5.480429E-02  8.905609E-02  2.533216E-01  1.173819E-02
    -5.7000  5.365856E-02  9.116656E-02  2.296801E-01  1.314424E-02
    -5.2500  5.254074E-02  9.315209E-02  2.102669E-01  1.466272E-02
    -4.8000  5.145076E-02  9.501512E-02  1.941105E-01  1.629756E-02
    -4.3500  5.038841E-02  9.675828E-02  1.805105E-01  1.805263E-02
    -3.9000  4.935340E-02  9.838433E-02  1.689507E-01  1.993175E-02
    -3.4500  4.834529E-02  9.989612E-02  1.590437E-01  2.193865E-02
    -3.0000  4.736365E-02  1.012966E-01  1.504934E-01  2.407696E-02
    -2.5500  4.640795E-02  1.025888E-01  1.430708E-01  2.635023E-02
    -2.1000  4.547766E-02  1.037759E-01  1.365946E-01  2.876195E-02
    -1.6500  4.457220E-02  1.048608E-01  1.309213E-01  3.131545E-02
    -1.2000  4.369100E-02  1.058468E-01  1.259352E-01  3.401402E-02
    -0.7500  4.283348E-02  1.067371E-01  1.215419E-01  3.686065E-02
    -0.3000  4.199903E-02  1.075349E-01  1.176640E-01  3.985833E-02
     0.1500  4.118709E-02  1.082432E-01  1.142371E-01  4.300986E-02
     0.6000  4.039706E-02  1.088654E-01  1.112072E-01  4.631784E-02
     1.0500  3.962837E-02  1.094045E-01  1.085293E-01  4.978468E-02
     1.5000  3.888047E-02  1.098638E-01  1.061646E-01  5.341256E-02
     1.9500  3.815282E-02  1.102462E-01  1.040803E-01  5.720340E-02
     2.4000  3.744483E-02  1.105549E-01  1.022478E-01  6.115888E-02
     2.8500  3.675601E-02  1.107929E-01  1.006426E-01  6.528037E-02
     3.3000  3.608584E-02  1.109631E-01  9.924332E-02  6.956888E-02
     3.7500  3.543382E-02  1.110686E-01  9.803111E-02  7.402507E-02
     4.2000  3.479947E-02  1.111121E-01  9.698939E-02  7.864925E-02
     4.6500  3.418231E-02  1.110965E-01  9.610352E-02  8.344124E-02
     5.1000  3.358189E-02  1.110245E-01  9.536045E-02  8.840042E-02
     5.5500  3.299776E-02  1.108989E-01  9.474851E-02  9.352568E-02
     6.0000  3.242950E-02  1.107223E-01  9.425721E-02  9.881532E-02
     6.4500  3.187669E-02  1.104971E-01  9.387710E-02  1.042671E-01
     6.9000  3.133892E-02  1.102260E-01  9.359960E-02  1.098781E-01
     7.3500  3.081580E-02  1.099113E-01  9.341692E-02  1.156448E-01
     7.8000  3.030695E-02  1.095554E-01  9.332192E-02  1.215629E-01
     8.2500  2.981201E-02  1.091606E-01  9.330800E-02  1.276275E-01
     8.7000  2.933062E-02  1.087290E-01  9.336933E-02  1.338327E-01
     9.1500  2.886243E-02  1.082630E-01  9.350026E-02  1.401718E-01
     9.6000  2.840711E-02  1.077644E-01  9.369570E-02  1.466374E-01
    10.0500  2.796435E-02  1.072355E-01  9.395082E-02  1.532212E-01
    10.5000  2.753381E-02  1.066780E-01  9.426121E-02  1.599137E-01
    10.9500  2.711520E-02  1.060938E-01  9.462268E-02  1.667048E-01
    11.4000  2.670823E-02  1.054849E-01  9.503133E-02  1.735834E-01
    11.8500  2.631260E-02  1.048529E-01  9.548355E-02  1.805373E-01
    12.3000  2.592804E-02  1.041994E-01  9.597587E-02  1.875534E-01
    12.7500  2.555428E-02  1.035262E-01  9.650503E-02  1.946178E-01
    13.2000  2.519106E-02  1.028348E-01  9.706796E-02  2.017155E-01
    13.6500  2.483812E-02  1.021266E-01  9.766174E-02  2.088308E-01
    14.1000  2.449522E-02  1.014032E-01  9.828361E-02  2.159471E-01
    14.5500  2.416212E-02  1.006658E-01  9.893096E-02  2.230469E-01
    15.0000  2.383858E-02  9.991579E-02  9.960123E-02  2.301120E-01
