nat, nph =   424    3
    1    4    2    5
 iat     x       y        z       iph  
 -----------------------------------------------------------------------
   1      0.00000      0.00000      0.00000   0   1
   2      0.34037      0.41029      1.84543   2   1
   3     -0.32058      0.18113     -1.90721   2   1
   4     -0.10938     -2.56204     -0.01206   1   1
   5     -1.14194     -1.49057     -1.97995   3   1
   6     -1.17711      1.83697     -1.74351   3   1
   7     -0.92893      1.91240      1.86128   3   1
   8      2.13157      0.85936      1.84949   3   1
   9     -0.11936      3.23772     -0.01656   1   1
  10      0.03722      0.01942      3.68164   3   1
  11      2.51415     -2.75663     -0.00451   3   1
  12     -0.01855      0.37993     -3.76979   3   1
  13      2.50417      3.04313     -0.00901   3   1
  14     -3.38265      0.86831      1.85284   3   1
  15     -3.00007     -2.74768     -0.00117   3   1
  16      2.55070     -2.77991     -1.86837   2   1
  17      2.58488      2.81871      1.84984   2   1
  18     -3.01005      3.05208     -0.00566   3   1
  19      2.59486     -2.98105      1.85434   2   1
  20      2.54073      3.01985     -1.87287   2   1
  21     -0.91895     -3.88736      1.86577   3   1
  22     -2.96352     -2.77096     -1.86502   2   1
  23     -2.92934      2.82766      1.85319   2   1
  24     -0.09180     -2.51289      3.70556   1   1
  25     -1.16713     -3.96279     -1.73901   3   1
  26     -2.91936     -2.97210      1.85769   2   1
  27     -2.97349      3.02880     -1.86952   2   1
  28     -0.16103     -2.88171     -3.73160   1   1
  29     -0.17101      2.91805     -3.73610   1   1
  30     -1.15192      4.30920     -1.98445   3   1
  31     -0.10178      3.28687      3.70106   1   1
  32      4.33711      1.82802     -1.74686   3   1
  33      4.37228     -1.49952     -1.98330   3   1
  34      2.53906     -2.69901      3.70901   3   1
  35      2.48158     -2.76810     -3.72530   3   1
  36      4.58529      1.90345      1.85793   3   1
  37      2.47160      3.03167     -3.72979   3   1
  38      2.52908      3.10075      3.70452   3   1
  39     -2.97516     -2.69006      3.71236   3   1
  40     -5.17385      0.41924      1.84878   2   1
  41     -5.51422      0.00895      0.00335   3   1
  42      5.51422     -0.00895     -0.00335   3   1
  43      5.19364      0.17217     -1.91056   2   1
  44     -3.03264     -2.75914     -3.72195   3   1
  45     -0.21399      0.26189      5.56620   2   1
  46      0.34423     -0.01774     -5.58866   2   1
  47     -2.98514      3.10971      3.70786   3   1
  48     -3.04262      3.04062     -3.72645   3   1
  49      2.14155     -4.94040      1.85399   3   1
  50      0.35035     -5.38948      1.84993   2   1
  51      0.00998     -5.79976      0.00450   3   1
  52     -0.00998      5.79976     -0.00450   3   1
  53     -0.91975     -1.50611     -5.57843   3   1
  54     -1.12309      1.88262      5.43128   3   1
  55      2.12152     -0.54010     -5.51943   3   1
  56     -0.31060     -5.61864     -1.90271   2   1
  57     -1.10462     -1.39991      5.66719   3   1
  58      5.40484     -2.57099     -0.01541   1   1
  59     -5.83480      0.19008     -1.90386   2   1
  60      4.34709     -3.97175     -1.74236   3   1
  61      5.85459      0.40133      1.84208   2   1
  62     -5.62360     -2.55309     -0.00871   1   1
  63     -3.37267     -4.93145      1.85733   3   1
  64      5.39486      3.22877     -0.01991   1   1
  65     -0.33056      5.98089     -1.91170   2   1
  66      4.59527     -3.89632      1.86243   3   1
  67      4.36230      4.30025     -1.98780   3   1
  68      0.33040      6.21005      1.84093   2   1
  69     -3.39270     -0.53115     -5.51609   3   1
  70     -5.63358      3.24668     -0.01321   1   1
  71      2.52694     -2.48843     -5.56479   2   1
  72     -0.00857     -5.41984     -3.76529   3   1
  73     -5.47700      0.02837      3.68499   3   1
  74      5.55145      0.01046      3.67829   3   1
  75      2.54595     -2.64070      5.56747   2   1
  76      5.49567      0.37097     -3.77314   3   1
  77     -5.53277      0.38888     -3.76644   3   1
  78     -2.98728     -2.47948     -5.56144   2   1
  79     -1.11311     -3.91714      5.43578   3   1
  80     -2.96827     -2.63175      5.57082   2   1
  81      0.04720     -5.78035      3.68614   3   1
  82      2.53598      3.15906      5.56297   2   1
  83      0.02725      5.81918      3.67714   3   1
  84      2.51696      3.31133     -5.56929   2   1
  85     -6.44315      1.92135      1.86462   3   1
  86      5.42242     -2.52185      3.70221   1   1
  87     -2.97825      3.16801      5.56632   2   1
  88     -6.65616     -1.48161     -1.97660   3   1
  89     -0.92973      4.29365     -5.58293   3   1
  90      5.35319     -2.89067     -3.73495   1   1
  91     -2.99726      3.32029     -5.56594   2   1
  92      5.34321      2.90910     -3.73945   1   1
  93     -6.69133      1.84592     -1.74016   3   1
  94     -5.60602     -2.50394      3.70891   1   1
  95      2.12159      6.65913      1.84499   3   1
  96      4.39113      1.87367      5.42793   3   1
  97     -0.02853      6.17969     -3.77429   3   1
  98     -1.11460      4.39985      5.66269   3   1
  99      4.40960     -1.40887      5.66384   3   1
 100      5.41244      3.27792      3.69771   1   1
 101     -5.67525     -2.87276     -3.72825   1   1
 102      4.59447     -1.51507     -5.58178   3   1
 103     -5.68523      2.92700     -3.73275   1   1
 104      0.11833      0.39545     -7.42848   3   1
 105      0.10863      0.38390      7.44383   3   1
 106     -5.61600      3.29582      3.70441   1   1
 107     -5.16999     -0.00879     -5.58531   2   1
 108     -1.13197     -7.29033     -1.97545   3   1
 109     -5.16387     -5.38052      1.85328   2   1
 110      5.30023      0.25294      5.56285   2   1
 111     -3.39263      6.66808      1.84834   3   1
 112     -6.43317     -3.87841      1.86912   3   1
 113     -0.20401     -5.53787      5.57070   2   1
 114      5.20362     -5.62759     -1.90606   2   1
 115      7.64579      0.85041      1.84614   3   1
 116      2.11154      5.25966     -5.52393   3   1
 117     -1.18708      7.63673     -1.74801   3   1
 118     -0.14460     -2.83392      7.41172   1   1
 119     -6.68135     -3.95384     -1.73566   3   1
 120     -0.13490     -2.82238     -7.46059   1   1
 121     -0.15457      2.96584      7.40723   1   1
 122     -0.93891      7.71216      1.85678   3   1
 123     -5.50424     -5.79081      0.00785   3   1
 124      5.50424      5.79081     -0.00785   3   1
 125     -5.72821      0.27085      5.56955   2   1
 126     -5.52420      5.80872     -0.00115   3   1
 127      5.52420     -5.80872      0.00115   3   1
 128      4.40111     -3.92610      5.43243   3   1
 129     -0.14488      2.97738     -7.46508   1   1
 130      0.33426      5.78202     -5.59316   2   1
 131      0.35421     -5.81750     -5.58416   2   1
 132      5.85845     -0.02669     -5.59201   2   1
 133      5.18366      5.97194     -1.91505   2   1
 134      5.86457     -5.39843      1.84658   2   1
 135     -6.66614      4.31815     -1.98110   3   1
 136     -0.22397      6.06166      5.56170   2   1
 137      2.49491     -2.64665      7.42894   3   1
 138      2.50461     -2.63510     -7.44337   3   1
 139     -5.18382      6.21900      1.84428   2   1
 140     -5.82482     -5.60968     -1.89936   2   1
 141     -3.40268      5.26861     -5.52058   3   1
 142     -0.09940     -8.36181     -0.00756   1   1
 143      4.58449      4.28470     -5.58628   3   1
 144      4.39962      4.39090      5.65934   3   1
 145      2.48494      3.15312      7.42444   3   1
 146     -3.00961     -2.62615     -7.44002   3   1
 147     -3.01931     -2.63769      7.43229   3   1
 148      2.49463      3.16466     -7.44787   3   1
 149      8.02837     -2.76559     -0.00786   3   1
 150      8.01839      3.03418     -0.01236   3   1
 151     -5.84478      5.98984     -1.90836   2   1
 152     -5.52279     -5.41088     -3.76194   3   1
 153      5.50565     -5.42879     -3.76864   3   1
 154     -3.02928      3.16207      7.42779   3   1
 155     -3.01959      3.17362     -7.44452   3   1
 156     -6.43398     -1.49716     -5.57508   3   1
 157      2.13149     -6.33987     -5.51494   3   1
 158      5.84462      6.20109      1.83758   2   1
 159      8.06493     -2.78887     -1.87172   2   1
 160      4.38225     -7.29928     -1.97880   3   1
 161     -5.46702     -5.77140      3.68949   3   1
 162      8.09910      2.80976      1.84649   2   1
 163     -6.63731      1.89157      5.43463   3   1
 164      8.05495      3.01090     -1.87622   2   1
 165     -5.48697      5.82813      3.68049   3   1
 166     -6.61885     -1.39096      5.67054   3   1
 167      5.54147      5.81022      3.67379   3   1
 168      5.56142     -5.78930      3.68279   3   1
 169      8.10908     -2.99001      1.85099   2   1
 170      2.52413     -8.55640     -0.00002   3   1
 171      4.32714      7.62778     -1.75136   3   1
 172     -8.51429     -2.73873      0.00218   3   1
 173     -0.12934      9.03749     -0.02106   1   1
 174     -3.38273     -6.33092     -5.51159   3   1
 175     -2.99009     -8.54744      0.00333   3   1
 176     -8.52427      3.06104     -0.00231   3   1
 177      5.48569      6.17074     -3.77764   3   1
 178     -8.44356      2.83662      1.85654   2   1
 179     -0.08182     -8.31266      3.71006   1   1
 180     -8.47773     -2.76201     -1.86167   2   1
 181     -5.54275      6.18864     -3.77094   3   1
 182     -8.43358     -2.96315      1.86104   2   1
 183     -8.89687      0.87727      1.85618   3   1
 184      2.56068     -8.57968     -1.86387   2   1
 185      4.57531      7.70321      1.85343   3   1
 186      2.57490      8.61847      1.84534   2   1
 187      0.12830     -5.40431     -7.42399   3   1
 188     -5.39590      0.40440     -7.42514   3   1
 189      2.49419      8.84290     -0.01351   3   1
 190     -8.48771      3.03776     -1.86617   2   1
 191      0.11861     -5.41586      7.44832   3   1
 192     -5.40559      0.39286      7.44717   3   1
 193     -1.09465     -7.19968      5.67169   3   1
 194     -0.90978     -7.30588     -5.57393   3   1
 195      7.99580     -2.77705     -3.72864   3   1
 196     -2.95354     -8.57072     -1.86052   2   1
 197      8.05328     -2.70796      3.70567   3   1
 198      0.33454     -0.02929      9.28365   2   1
 199     -2.93932      8.62743      1.84869   2   1
 200      7.65577     -4.94936      1.85064   3   1
 201     -0.20430      0.27344     -9.30611   2   1
 202      7.98582      3.02271     -3.73314   3   1
 203      5.63255      0.38650     -7.43183   3   1
 204      5.62285      0.37495      7.44048   3   1
 205      2.60484     -8.78082      1.85884   2   1
 206     -3.02002      8.85185     -0.01016   3   1
 207      2.53075      8.81961     -1.87737   2   1
 208     -1.09493     -1.38837     -9.20512   3   1
 209      8.04330      3.09180      3.70117   3   1
 210     -6.62733     -3.90819      5.43913   3   1
 211     -2.90938     -8.77186      1.86219   2   1
 212      7.63574     -0.54906     -5.52278   3   1
 213     -0.15105     -8.68148     -3.72710   1   1
 214     -0.92945     -1.51766      9.29388   3   1
 215     -1.13307      7.68238      5.42678   3   1
 216      5.31021     -5.54682      5.56735   2   1
 217     -0.18098      8.71781     -3.74060   1   1
 218     -2.98347      8.82857     -1.87402   2   1
 219     -6.44395      4.30260     -5.57958   3   1
 220     -5.16001     -5.80855     -5.58082   2   1
 221     -5.17997      5.79098     -5.58981   2   1
 222      5.36963     -2.84288      7.40838   1   1
 223      2.11182     -0.55165      9.35287   3   1
 224      5.35965      2.95689      7.40388   1   1
 225      2.54904     -8.49877      3.71351   3   1
 226      5.37932     -2.83133     -7.46393   1   1
 227     -8.48938     -2.68110      3.71571   3   1
 228      5.36934      2.96843     -7.46843   1   1
 229      2.49155     -8.56786     -3.72080   3   1
 230      0.09866      6.18367      7.43933   3   1
 231      0.10835      6.19521     -7.43298   3   1
 232     -1.11340      1.89417     -9.44103   3   1
 233     -5.71823     -5.52892      5.57405   2   1
 234     -8.54686     -2.75019     -3.71860   3   1
 235     -2.96518     -8.48982      3.71686   3   1
 236     -5.65882     -2.82497      7.41507   1   1
 237     -5.64912     -2.81343     -7.45724   1   1
 238     -6.62882      4.40881      5.66604   3   1
 239      5.29025      6.05270      5.55836   2   1
 240     -8.49936      3.11866      3.71121   3   1
 241     -5.66879      2.97479      7.41057   1   1
 242     -3.02266     -8.55891     -3.71745   3   1
 243     -0.11176      9.08663      3.69656   1   1
 244     -8.55684      3.04957     -3.72310   3   1
 245     -5.65910      2.98634     -7.46174   1   1
 246      2.46162      8.83143     -3.73429   3   1
 247     -0.90897     -9.68713      1.87027   3   1
 248      5.84847      5.77307     -5.59651   2   1
 249      2.51724     -2.49998      9.30752   2   1
 250      2.51910      8.90052      3.70002   3   1
 251      5.41482     -8.37076     -0.01091   1   1
 252     -3.40240     -0.54270      9.35622   3   1
 253      5.86843     -5.82646     -5.58751   2   1
 254     -1.15715     -9.76256     -1.73451   3   1
 255      2.55565     -2.62916     -9.30484   2   1
 256     -5.73819      6.07061      5.56505   2   1
 257     -6.64619     -7.28138     -1.97210   3   1
 258     -5.61362     -8.35285     -0.00422   1   1
 259     -3.05260      8.84038     -3.73094   3   1
 260     -2.99698     -2.49102      9.31087   2   1
 261      8.04116     -2.49738     -5.56814   2   1
 262     -2.99512      8.90947      3.70337   3   1
 263     -2.95858     -2.62020     -9.30149   2   1
 264      8.06017     -2.64966      5.56412   2   1
 265      2.54567      3.17061     -9.30934   2   1
 266      9.85133      1.81906     -1.75021   3   1
 267      4.41957     -7.20863      5.66834   3   1
 268      2.50727      3.29979      9.30302   2   1
 269      9.88650     -1.50847     -1.98665   3   1
 270     -6.45313      7.72112      1.86013   3   1
 271     -1.10491      4.41140     -9.20962   3   1
 272     -0.93942      4.28210      9.28938   3   1
 273     -1.10342     -3.90560     -9.43653   3   1
 274     -2.96855      3.17956     -9.30599   2   1
 275      8.05020      3.15011      5.55963   2   1
 276      4.60445     -7.31483     -5.57728   3   1
 277      7.63582      6.65017      1.84164   3   1
 278      2.53692     -8.28820     -5.56029   2   1
 279      4.41929     -1.39732     -9.20847   3   1
 280     -6.70131      7.64569     -1.74466   3   1
 281      8.03118      3.30238     -5.57264   2   1
 282     -3.00696      3.30874      9.30637   2   1
 283     -8.88689     -4.92250      1.86068   3   1
 284      4.38115      7.67343      5.42343   3   1
 285     -1.16190     10.10900     -1.98895   3   1
 286     -2.97731     -8.27924     -5.55694   2   1
 287      2.55593     -8.44047      5.57197   2   1
 288     10.09950      1.89449      1.85458   3   1
 289     -8.50150     -2.47053     -5.55809   2   1
 290      4.58477     -1.52661      9.29053   3   1
 291     -8.48249     -2.62280      5.57417   2   1
 292     -8.90692     -0.52220     -5.51274   3   1
 293      5.38488      9.02853     -0.02441   1   1
 294     -2.95829     -8.43151      5.57532   2   1
 295      4.40082      1.88521     -9.44438   3   1
 296      5.43240     -8.32161      3.70671   1   1
 297     -5.17968     -0.02033      9.28700   2   1
 298     -5.38592     -5.39536     -7.42064   3   1
 299     -8.49247      3.17697      5.56967   2   1
 300     -5.64356      9.04644     -0.01771   1   1
 301     -5.39561     -5.40691      7.45167   3   1
 302     -5.59604     -8.30370      3.71340   1   1
 303     -8.51148      3.32924     -5.56259   2   1
 304      5.30992      0.26449     -9.30945   2   1
 305      9.86131     -3.98070     -1.74571   3   1
 306      7.62576      5.25071     -5.52728   3   1
 307      5.64252     -5.41327     -7.42733   3   1
 308      5.63283     -5.42481      7.44498   3   1
 309     -0.19432     -5.52632     -9.30161   2   1
 310      4.35707     -9.77151     -1.73786   3   1
 311      2.52600      8.95882      5.55848   2   1
 312    -10.68810      0.42819      1.85213   2   1
 313      5.36317     -8.69043     -3.73045   1   1
 314      5.33324      8.70886     -3.74395   1   1
 315     10.70790      0.16322     -1.91390   2   1
 316      4.60525     -9.69608      1.86692   3   1
 317     -5.71852      0.28239     -9.30276   2   1
 318      2.10184      5.24811      9.34838   3   1
 319      0.32456      5.77048      9.27915   2   1
 320      9.87652      4.29129     -1.99115   3   1
 321     -2.98822      8.96778      5.56182   2   1
 322      5.84876     -0.03824      9.28030   2   1
 323      2.50698      9.11110     -5.57379   2   1
 324      0.34452     -5.82905      9.28815   2   1
 325     10.10950     -3.90527      1.85908   3   1
 326     -5.66527     -8.67253     -3.72375   1   1
 327    -11.02840      0.01791      0.00670   3   1
 328     11.02840     -0.01791     -0.00670   3   1
 329     -5.69520      8.72677     -3.73725   1   1
 330     -5.40587      6.20417     -7.42963   3   1
 331     -5.41557      6.19262      7.44268   3   1
 332     -3.00724      9.12005     -5.57044   2   1
 333     -0.02824      0.36838     11.10250   3   1
 334      2.15153    -10.74020      1.85848   3   1
 335     -0.21427      6.07320     -9.31060   2   1
 336      4.40931      4.40244     -9.21297   3   1
 337      4.41080     -3.91455     -9.43988   3   1
 338      4.35232     10.10000     -1.99230   3   1
 339      5.61287      6.17471      7.43598   3   1
 340      5.62257      6.18626     -7.43633   3   1
 341      5.40246      9.07768      3.69321   1   1
 342     -1.10313     -9.71691      5.44028   3   1
 343      0.04692      0.03096    -11.19070   3   1
 344      4.57479      4.27315      9.28603   3   1
 345     -6.42400     -7.29692     -5.57059   3   1
 346     10.91910     -2.57995     -0.01876   1   1
 347      8.00914     -2.65560      7.42559   3   1
 348     -3.41238      5.25707      9.35172   3   1
 349      8.01883     -2.64405     -7.44672   3   1
 350     -8.90685      6.67703      1.85169   3   1
 351     -6.60887     -7.19072      5.67504   3   1
 352     -5.62598      9.09559      3.69991   1   1
 353      0.36033    -11.18920      1.85443   2   1
 354      7.99916      3.14416      7.42109   3   1
 355      7.64571     -6.34882     -5.51828   3   1
 356     10.90910      3.21982     -0.02326   1   1
 357     -0.13462     -8.63369      7.41622   1   1
 358      8.00885      3.15571     -7.45122   3   1
 359     -3.36269    -10.73120      1.86183   3   1
 360     -0.12492     -8.62214     -7.45609   1   1
 361     -6.44367     -1.50871      9.29722   3   1
 362     -6.60915     -1.37941     -9.20177   3   1
 363    -11.13780     -2.54414     -0.00537   1   1
 364     -0.08211     -2.50135    -11.16680   1   1
 365      9.90535      1.86471      5.42458   3   1
 366     -0.16455      8.76560      7.40273   1   1
 367      2.12180     -6.35141      9.35737   3   1
 368    -11.34900      0.19903     -1.90051   2   1
 369     -0.18070      2.90650     11.13620   1   1
 370     -0.17072     -2.89326     11.14070   1   1
 371      9.92381     -1.41782      5.66049   3   1
 372     11.36880      0.39238      1.83873   2   1
 373      2.51458     -8.43486     -7.43887   3   1
 374     -6.64729      7.69134      5.43013   3   1
 375     -0.15486      8.77715     -7.46958   1   1
 376      2.50489     -8.44641      7.43344   3   1
 377     -0.93971     10.09340     -5.58743   3   1
 378     -0.30062    -11.41840     -1.89821   2   1
 379    -10.99120      0.03732      3.68834   3   1
 380      0.01996    -11.59950      0.00900   3   1
 381     -0.01996     11.59950     -0.00900   3   1
 382     -8.52383     -2.61719     -7.43667   3   1
 383    -11.14780      3.25563     -0.00986   1   1
 384     -8.53353     -2.62874      7.43564   3   1
 385     -2.99964     -8.42591     -7.43552   3   1
 386     -3.00933     -8.43746      7.43679   3   1
 387     11.00990      0.36202     -3.77649   3   1
 388     -0.09209      3.29842    -11.17130   1   1
 389     10.10870     -1.52402     -5.58513   3   1
 390     11.06570      0.00151      3.67494   3   1
 391    -11.04700      0.39783     -3.76309   3   1
 392     -6.62762      1.90312     -9.43768   3   1
 393     -1.12458     10.19960      5.65819   3   1
 394     -1.08495     -7.18813     -9.20062   3   1
 395     -8.91690      5.27757     -5.51724   3   1
 396      8.03835     -8.56535     -0.00336   3   1
 397      2.47188     -2.77964     11.14700   3   1
 398     -8.54350      3.17102      7.43114   3   1
 399     -8.53381      3.18257     -7.44117   3   1
 400      2.54875     -2.68746    -11.16330   3   1
 401     -6.42319     -9.67817      1.87362   3   1
 402      2.46191      3.02012     11.14250   3   1
 403     -3.39242     -6.34246      9.36072   3   1
 404     10.93660     -2.53080      3.69886   1   1
 405      0.00141    -11.21960     -3.76079   3   1
 406     10.85740      2.90014     -3.74280   1   1
 407     10.86740     -2.89962     -3.73830   1   1
 408     -2.96547     -2.67851    -11.15990   3   1
 409     -0.91947     -7.31742      9.29838   3   1
 410      2.53877      3.11230    -11.16780   3   1
 411     -3.04234     -2.77069     11.15040   3   1
 412      2.47496      8.95288      7.41994   3   1
 413      2.48465      8.96443     -7.45237   3   1
 414      8.00841      8.83394     -0.01686   3   1
 415      8.07490     -8.58863     -1.86722   2   1
 416     -0.34054     11.78070     -1.91620   2   1
 417     -6.67137     -9.75360     -1.73117   3   1
 418     -3.05232      3.02908     11.14590   3   1
 419      8.08912      8.60952      1.84199   2   1
 420     -2.97545      3.12125    -11.16440   3   1
 421      9.91533     -3.93505      5.42908   3   1
 422      4.41109     -9.72586      5.43693   3   1
 423    -11.12020     -2.49499      3.71225   1   1
 424     10.92670      3.26896      3.69436   1   1
