ATOMS
  *       x           y           z    ipot  Atom      Distance    Number
**********-  **********  **********  ******  ******  **********  ********
   0           0           0              0  O          0               0
  -1.43603     1.17585     0.01446        2  Ir         1.85608       106
   1.14588    -1.46148     0.01447        2  Ir         1.8572         76
  -6.59986     6.4505     -3.86051        2  Ir        10.0035        118
   6.30971    -6.73618    -3.86053        2  Ir        10.0046         95
  -6.59985     6.45055     3.88945        2  Ir        10.0148        182
   6.30971    -6.73616     3.88943        2  Ir        10.0158        158
  -7.7143      4.89034    -4.123          3  O         10.0212        324
   8.93104     4.12578    -1.92304        1  Sr        10.0242         15
   1.28389     9.2204     -3.86052        2  Ir        10.0781         94
   1.28389     9.22043     3.88943        2  Ir        10.0892        157
  -5.55431     2.66963    -7.99811        3  O         10.0969        414
   4.7733     -7.87966     4.15196        3  O         10.1051        382
   6.3787     -1.39523    -7.7355         2  Ir        10.1229        143
   3.65879    -9.43978     0.014458       2  Ir        10.1241        109
  -5.62332    -2.67132    -7.99811        3  O         10.1355        412
   7.98408     5.08928     3.62683        3  O         10.139         210
   6.37872    -1.3952      7.76441        2  Ir        10.145         144
   4.03335     9.10662     1.95196        1  Sr        10.1493         27
   9.19718     3.83194     1.95195        1  Sr        10.1529         30
   2.61321    -5.65887     8.02698        3  O         10.1629        454
   4.98032     8.14317    -3.59788        3  O         10.201         256
  -2.61962    -5.72514     8.02699        3  O         10.2016        448
  -1.36704     6.51679    -7.73549        2  Ir        10.2066        170
  -9.31977    -1.59404    -3.86051        2  Ir        10.2129         84
  -9.31977    -1.59401     3.88944        2  Ir        10.2238        147
  -1.36702     6.51683     7.76441        2  Ir        10.2286        171
  -6.66887     1.10957    -7.73549        2  Ir        10.2734        164
  -6.66886     1.10961     7.76442        2  Ir        10.2952        165
   7.84607    -5.59262     3.62683        3  O         10.2952        208
   3.76722     9.40046    -1.92304        1  Sr        10.3082         12
   7.98419     5.08915    -4.12302        3  O         10.327         337
  -5.48534     8.01063    -3.59787        3  O         10.3539        248
   1.07687    -6.80245    -7.73549        2  Ir        10.3572        137
  10.0752     -2.47249    -0.248074       3  O         10.3771        289
   1.07689    -6.80242     7.76442        2  Ir        10.3788        138
  -1.57404    -9.50608    -3.86051        2  Ir        10.3801        119
  -1.57404    -9.50603     3.88944        2  Ir        10.3909        183
   4.98031     8.14319     4.15196        3  O         10.4093        385
  -7.85242    -5.79143     3.62684        3  O         10.4094        195
   3.62923    -1.28145    -9.67298        1  Sr        10.4106         43
  -1.26845     3.69944     9.70191        1  Sr        10.4605         58
  -5.69236    -8.01222    -3.59787        3  O         10.4663        245
 -10.4657     -0.132539    1e-05          3  O         10.4665        212
  10.4657      0.132539   -1e-05          3  O         10.4665        227
   7.84618    -5.59276    -4.12301        3  O         10.4805        335
  10.1442      2.86846    -0.248075       3  O         10.5448        290
   8.96063    -4.03259    -3.86052        2  Ir        10.5574        128
  -5.48535     8.01065     4.15197        3  O         10.5593        375
   8.96063    -4.03254     3.88943        2  Ir        10.568         192
   3.89538    -1.57524     9.70191        1  Sr        10.5727         62
  -1.53459     3.99323    -9.67297        1  Sr        10.5767         39
  -2.41257    10.2977      0.277001       3  O         10.5801        313
  -7.85231    -5.79156    -4.123          3  O         10.5925        322
  -5.69236    -8.0122      4.15198        3  O         10.6695        372
   8.86208    -1.21515     5.82693        1  Sr        10.6755         48
  -0.138007  -10.6819      3e-06          3  O         10.6828        218
   0.138007   10.6819     -3e-06          3  O         10.6828        221
  -3.94894     9.15413    -3.86052        2  Ir        10.6909         89
  -9.25077     3.74691    -3.86051        2  Ir        10.7014         85
  -3.94894     9.15416     3.88944        2  Ir        10.7014        152
  -5.16386     5.27462    -7.74985        3  O         10.7027        342
   5.1638     -5.27474    -7.74986        3  O         10.7027        350
  -5.16384     5.27466     7.75005        3  O         10.7028        343
   5.16381    -5.27471     7.75005        3  O         10.7028        351
  -9.25077     3.74694     3.88944        2  Ir        10.7119        148
   2.82025    10.3639      0.276996       3  O         10.7444        318
  -7.78347    -0.450495   -7.47291        3  O         10.7995        444
  -1.19946     9.04036    -5.798          1  Sr        10.8066         59
   6.44771     3.94572    -7.7355         2  Ir        10.8157        145
   3.65879    -9.43981    -3.86052        2  Ir        10.8351        124
   5.3018      5.40716    -7.74986        3  O         10.8354        354
  -5.30186    -5.40728    -7.74985        3  O         10.8355        338
   5.30182     5.40719     7.75004        3  O         10.8356        355
  -5.30185    -5.40725     7.75006        3  O         10.8356        339
   6.44772     3.94575     7.76441        2  Ir        10.8364        146
   3.65879    -9.43976     3.88944        2  Ir        10.8454        188
   3.86579     6.58306    -7.7355         2  Ir        10.8683        176
   7.91502    -0.251687   -7.47293        3  O         10.8883        459
   3.86581     6.5831      7.76441        2  Ir        10.8889        177
   9.12819    -1.50901    -5.798          1  Sr        10.9187         66
  -0.459475   -7.94597     7.50179        3  O         10.9374        417
   7.66261     7.82519     0.028975       3  O         10.9522        274
  10.0751     -2.47246    -3.59788        3  O         10.9803        257
  -0.252464    8.07689     7.50179        3  O         11.0262        423
  -8.03588     7.62638     0.02899        3  O         11.0787        262
   7.4556     -8.19766     0.028979       3  O         11.081         271
  -6.73788    -4.23138    -7.73548        2  Ir        11.0969        162
 -10.7872      2.60338    -0.248055       3  O         11.0996        276
  -1.46557     9.33422     5.82693        1  Sr        11.1008         41
   7.59362     2.48429    -7.72114        3  O         11.1108        410
  -6.73786    -4.23134     7.76442        2  Ir        11.1171        163
   3.69824     4.0595     -9.67298        1  Sr        11.1231         45
   8.79304    -6.55612    -1.92304        1  Sr        11.1355         13
   3.96438     3.76571     9.70191        1  Sr        11.1366         64
  10.1441      2.86849    -3.59788        3  O         11.139         258
  -4.15596    -6.86872    -7.73548        2  Ir        11.1485        131
 -10.4656     -0.132527   -3.84598        3  O         11.1507        229
  10.4657      0.13255    -3.846          3  O         11.1508        242
   7.59364     2.48432     7.77876        3  O         11.151         411
   7.52462    -2.85666    -7.72114        3  O         11.1533        408
  -4.15595    -6.86869     7.76442        2  Ir        11.1686        132
 -10.4656     -0.132524    3.9039         3  O         11.1708        356
  10.4657      0.132554    3.90388        3  O         11.1709        369
  10.0751     -2.47244     4.15196        3  O         11.1741        386
  -2.41258    10.2977      3.62684        3  O         11.1811        202
  -7.78345    -0.450463    8.02699        3  O         11.1901        445
   7.52464    -2.85663     7.77876        3  O         11.1933        409
 -10.8562     -2.73757    -0.248054       3  O         11.1987        275
  -6.43231     8.97408     1.95197        1  Sr        11.2124         19
   2.4298      7.75897    -7.72114        3  O         11.2126        406
   2.42982     7.759       7.77876        3  O         11.2523        407
  -2.80303     7.6927     -7.72114        3  O         11.2539        398
   9.09863     6.64934     0.014449       2  Ir        11.2694        115
   7.91504    -0.251655    8.02698        3  O         11.2758        460
  -6.90541    -6.7549      5.82694        1  Sr        11.2813         31
  -0.459492   -7.946      -7.99811        3  O         11.2836        416
  -6.6393     -7.04877    -5.79799        1  Sr        11.2864         50
  -2.80302     7.69273     7.77877        3  O         11.2936        399
   2.54424   -10.9999      0.277001       3  O         11.2937        314
  10.1441      2.86851     4.15196        3  O         11.3301        387
   2.82025    10.364       3.62683        3  O         11.3366        207
   6.51672     9.28669     0.014462       2  Ir        11.3451         82
  -2.41247    10.2976     -4.12301        3  O         11.3516        329
  -0.137965  -10.6819     -3.84599        3  O         11.354         233
   0.138049   10.6819     -3.84599        3  O         11.354         238
  -0.252481    8.07685    -7.99812        3  O         11.3697        422
  -0.137987  -10.6819      3.9039         3  O         11.3737        360
   0.138028   10.6819      3.90389        3  O         11.3738        365
  -2.68859   -11.0661      0.277006       3  O         11.3914        309
  -8.10487     2.28548    -7.72113        3  O         11.4249        390
   8.93108     4.1258      5.82692        1  Sr        11.4341         49
  -8.10485     2.28551     7.77878        3  O         11.4639        391
   2.82036    10.3638     -4.12301        3  O         11.5049        334
   9.05917    -6.84996     1.95196        1  Sr        11.5239         28
   4.03337     9.10662    -5.798          1  Sr        11.5246         65
   2.22279    -8.26388    -7.72114        3  O         11.526         400
   9.1972      3.83194    -5.798          1  Sr        11.5278         67
   2.2228     -8.26385     7.77877        3  O         11.5647        401
  -6.69844     9.26792    -1.92302        1  Sr        11.5958          4
   3e-06      -1.7e-05   -11.596          3  O         11.596         362
   7.66257     7.82513    -3.87515        3  O         11.6174        443
   7.66259     7.82519     3.87499        3  O         11.6174        305
 -10.3967      5.20841     9e-06          3  O         11.6283        213
  10.3967     -5.20841    -9e-06          3  O         11.6283        226
  -0.390545   -2.60501   -11.3479         3  O         11.6496        377
  -8.17387    -3.05547    -7.72113        3  O         11.6518        388
   5.9e-05     4.4e-05    11.6539         3  O         11.6539        236
 -10.7872      2.60341    -3.59786        3  O         11.6656        244
  -2.55046    -0.384311   11.3769         3  O         11.6656        327
  -9.38878    -6.93497     0.014481       2  Ir        11.6723         68
  -0.321542    2.73594   -11.3479         3  O         11.6775        379
   3.76726     9.40048     5.82693        1  Sr        11.6839         47
  11.6115     -1.32895     0.01446        2  Ir        11.6874         83
  -8.17385    -3.05544     7.77878        3  O         11.69          389
   2.68237    -0.318042   11.3769         3  O         11.6932        332
  -8.0359      7.62638     3.87501        3  O         11.7368        293
  -8.03592     7.62632    -3.87513        3  O         11.7368        431
   7.45558    -8.19766     3.875          3  O         11.7389        302
   7.45556    -8.19772    -3.87514        3  O         11.739         440
  -6.80687    -9.57232     0.014468       2  Ir        11.7458        100
  -3.01004    -8.33015    -7.72113        3  O         11.7502        392
  -1.43605     1.17584   -11.6105         2  Ir        11.7579        185
   1.14587    -1.46151   -11.6105         2  Ir        11.7581        154
 -10.8562     -2.73754    -3.59786        3  O         11.7599        243
  -8.24289    -8.39647     0.028995       3  O         11.7663        259
  -5.09482    10.6156      2e-06          3  O         11.7749        217
   5.09482   -10.6156     -2e-06          3  O         11.7749        222
  -1.43602     1.17586    11.6394         2  Ir        11.7864        122
   1.1459     -1.46147    11.6394         2  Ir        11.7866         92
  -3.01003    -8.33012     7.77878        3  O         11.7881        393
  -7.71446     4.89046    -7.47292        3  O         11.8014        446
  -6.57028    -1.70778     9.70192        1  Sr        11.8411         52
 -10.7872      2.60343     4.15198        3  O         11.8482        371
   2.54424   -10.9998      3.62684        3  O         11.8585        203
 -10.5347     -5.47349     1.2e-05        3  O         11.8717        211
  10.5347      5.47349    -1.2e-05        3  O         11.8717        228
  -1.6726     -6.68867    -9.67297        1  Sr        11.8786         35
   4.77335    -7.8797      7.50179        3  O         11.8807        424
   9.09863     6.64931    -3.86053        2  Ir        11.9123        130
   9.09863     6.64936     3.88943        2  Ir        11.9217        194
  -1.29803    11.8577      0.014458       2  Ir        11.9286        108
  -6.83643    -1.41399    -9.67297        1  Sr        11.9291         32
 -10.8562     -2.73752     4.15198        3  O         11.9411        370
 -11.9017      1.04331     0.014471       2  Ir        11.9473         99
  -2.68859   -11.0661      3.62684        3  O         11.9516        198
   9.02962     1.30838    -7.7355         2  Ir        11.9618        178
   9.02964     1.30841     7.76441        2  Ir        11.9805        179
   6.51672     9.28667    -3.86053        2  Ir        11.9839         98
   6.51673     9.28669     3.88943        2  Ir        11.9932        161
  -2.55058    -0.384231    0.277004       3  O          2.59419       311
  -0.390498   -2.60503    -0.248064       3  O          2.64579       282
   2.68225    -0.317961    0.276998       3  O          2.7152        316
  -0.321494    2.73592    -0.248065       3  O          2.76589       283
  -1.60362    -1.34771    -1.92303        1  Sr         2.84358         6
  -1.33748    -1.64155     1.95196        1  Sr         2.87988        21
   2.36078     2.41797     0.028982       3  O          3.37945       269
  -2.87205     2.3517      0.028987       3  O          3.71215       265
   2.29177    -2.92298     0.028983       3  O          3.71441       268
   4.2e-05     1.2e-05    -3.84599        3  O          3.84599       235
   2e-05       1.5e-05     3.90389        3  O          3.90389       363
   3.7968      1.24212     0.014455       2  Ir         3.99484       111
   1.21488     3.87947     0.014468       2  Ir         4.06527        77
  -2.94106    -2.98925     0.028988       3  O          4.1936        264
  -1.43603     1.17582    -3.86051        2  Ir         4.2835        121
   1.14589    -1.4615     -3.86052        2  Ir         4.284          91
   3.62921    -1.28144    -1.92303        1  Sr         4.30248        10
  -1.43603     1.17587     3.88944        2  Ir         4.30959       186
   1.14589    -1.46148     3.88944        2  Ir         4.31007       155
  -4.08695    -1.52775     0.014475       2  Ir         4.36319        72
  -1.26848     3.6994      1.95196        1  Sr         4.3709         22
  -1.50504    -4.1651      0.014462       2  Ir         4.4287        105
  -2.55059    -0.38421     3.62684        3  O          4.45051       200
  -0.390522   -2.605      -3.59787        3  O          4.45906       250
   2.68224    -0.317941    3.62683        3  O          4.5221        205
  -0.321518    2.73595    -3.59787        3  O          4.53139       251
   3.89535    -1.57528     1.95196        1  Sr         4.63307        25
  -1.53462     3.99324    -1.92303        1  Sr         4.69031         7
  -2.55048    -0.384344   -4.123          3  O          4.86331       326
  -0.390528   -2.60498     4.15197        3  O          4.91704       378
   2.68235    -0.318074   -4.12301        3  O          4.92904       331
  -0.321525    2.73597     4.15197        3  O          4.98275       380
   2.36075     2.41797     3.875          3  O          5.14153       300
   2.36074     2.41791    -3.87514        3  O          5.1416        438
  -5.23283    -0.066269    5e-06          3  O          5.23325       215
   5.23283     0.066269   -5e-06          3  O          5.23325       224
  -0.069004   -5.34095     1e-06          3  O          5.3414        219
   0.069004    5.34095    -1e-06          3  O          5.3414        220
  -2.87208     2.3517      3.875          3  O          5.36609       296
  -2.8721      2.35164    -3.87514        3  O          5.36617       434
   2.29175    -2.92298     3.875          3  O          5.36764       299
   2.29173    -2.92304    -3.87514        3  O          5.36776       437
   4.84233    -2.53876    -0.248069       3  O          5.47312       286
  -4.01795     3.8132      0.014473       2  Ir         5.53937        73
   3.72779    -4.09883     0.014457       2  Ir         5.54049       110
  -2.48158     4.95672     0.277002       3  O          5.55014       312
   3.7968      1.24209    -3.86052        2  Ir         5.55537       126
   3.7968      1.24214     3.88944        2  Ir         5.57551       190
   1.21489     3.87945    -3.86052        2  Ir         5.60622        93
   1.21489     3.87947     3.88943        2  Ir         5.62619       156
   4.91134     2.80219    -0.24807        3  O          5.65995       287
  -2.94108    -2.98925     3.875          3  O          5.70975       295
  -2.9411     -2.98931    -3.87513        3  O          5.70988       433
   2.75125     5.02299     0.276997       3  O          5.73381       317
   3.96435     3.76567     1.95196        1  Sr         5.80573        26
   3.69821     4.05951    -1.92303        1  Sr         5.81846        11
  -4.08695    -1.52777    -3.86052        2  Ir         5.82587        87
  -4.08694    -1.52774     3.88944        2  Ir         5.84507       150
  -1.50504    -4.16513    -3.86051        2  Ir         5.87512       120
  -1.50503    -4.16508     3.88944        2  Ir         5.89413       184
  -5.55433     2.66965    -0.24806        3  O          6.16758       279
  -1.33747    -1.64155    -5.79799        1  Sr         6.17254        55
  -1.60358    -1.34769     5.82693        1  Sr         6.192          38
  -5.62333    -2.6713     -0.248059       3  O          6.2305        278
   2.61324    -5.65891     0.277          3  O          6.23932       315
  -2.61959    -5.72518     0.277005       3  O          6.30211       310
  -5.23279    -0.066258   -3.84598        3  O          6.49446       231
   5.23287     0.066281   -3.84599        3  O          6.49454       240
  -5.23281    -0.066254    3.9039         3  O          6.52895       358
   5.23285     0.066284    3.90389        3  O          6.52897       367
   6.37871    -1.39522     0.014465       2  Ir         6.52953        80
   4.84231    -2.53873    -3.59788        3  O          6.54506       254
  -0.068962   -5.34094    -3.84599        3  O          6.58195       234
   0.069045    5.34096    -3.84599        3  O          6.58197       237
  -0.068983   -5.34093     3.90389        3  O          6.61595       361
   0.069024    5.34096     3.90389        3  O          6.61597       364
  -2.48158     4.95674     3.62684        3  O          6.62431       201
  -1.36703     6.5168      0.014459       2  Ir         6.65865       107
   4.91131     2.80222    -3.59788        3  O          6.7021        255
  -4.01794     3.81318    -3.86052        2  Ir         6.75187        88
   3.72779    -4.09886    -3.86052        2  Ir         6.75283       125
  -6.66887     1.10958     0.014465       2  Ir         6.76056       102
  -4.01794     3.81321     3.88944        2  Ir         6.76846       151
   3.7278     -4.09881     3.88944        2  Ir         6.76938       189
   2.75125     5.02301     3.62683        3  O          6.77893       206
   4.8423     -2.53871     4.15196        3  O          6.86526       383
   1.07688    -6.80243     0.014471       2  Ir         6.88716        75
  -2.48147     4.95661    -4.12301        3  O          6.90832       328
   3.62925    -1.28141     5.82693        1  Sr         6.98331        44
  -1.26846     3.69941    -5.798          1  Sr         6.99367        57
   4.9113      2.80224     4.15196        3  O          7.01515       384
   2.75136     5.02288    -4.12301        3  O          7.0568        333
  -6.57031    -1.70782     1.95197        1  Sr         7.0637         17
  -5.55435     2.66968    -3.59787        3  O          7.13601       247
  -1.67262    -6.68866    -1.92303        1  Sr         7.15779         5
   3.89536    -1.57528    -5.798          1  Sr         7.16046        61
  -5.62335    -2.67127    -3.59787        3  O          7.19044       246
   2.61324    -5.65889     3.62683        3  O          7.21152       204
  -1.53458     3.99327     5.82693        1  Sr         7.22871        40
  -6.83645    -1.41398    -1.92302        1  Sr         7.24116         2
  -2.61959    -5.72516     3.62684        3  O          7.26593       199
  -5.16383     5.27468     4e-06          3  O          7.38156       216
   5.16383    -5.27468    -4e-06          3  O          7.38156       223
  -1.40649    -6.9825      1.95197        1  Sr         7.38537        20
  -5.55436     2.6697      4.15197        3  O          7.43082       374
   2.61335    -5.65902    -4.12301        3  O          7.47351       330
  -5.62336    -2.67125     4.15197        3  O          7.48309       373
  -2.61948    -5.72529    -4.123          3  O          7.52594       325
   6.44771     3.94573     0.014463       2  Ir         7.55924        81
  -5.30183    -5.40722     6e-06          3  O          7.57281       214
   5.30183     5.40722    -6e-06          3  O          7.57281       225
   6.37872    -1.39523    -3.86053        2  Ir         7.5854         96
   6.37872    -1.39521     3.88943        2  Ir         7.60015       159
   3.8658      6.58307     0.014454       2  Ir         7.63423       112
  -1.36703     6.51677    -3.86052        2  Ir         7.6968        123
  -6.50131     3.63313     1.95197        1  Sr         7.69915        18
  -1.36702     6.51682     3.88944        2  Ir         7.71138       187
  -3e-05      -5.8e-05    -7.74986        3  O          7.74986       346
  -1.3e-05    -2.6e-05     7.75005        3  O          7.75005       347
   3.56021    -6.62239    -1.92303        1  Sr         7.76075         9
  -6.66886     1.10956    -3.86051        2  Ir         7.78514       117
  -6.66886     1.1096      3.88945        2  Ir         7.79953       181
  -7.78341    -0.4505      0.277009       3  O          7.80136       307
   1.07688    -6.80245    -3.86052        2  Ir         7.89535        90
  -2.55064    -0.384225   -7.47292        3  O          7.90556       449
   1.07688    -6.80243     3.88944        2  Ir         7.90951       153
   7.91508    -0.251692    0.276993       3  O          7.92392       320
   2.68219    -0.317956   -7.47292        3  O          7.94606       455
  -0.390471   -2.60502     7.50179        3  O          7.95081       419
  -1.43604     1.17584    -7.73549        2  Ir         7.95504       168
   1.14587    -1.4615     -7.73549        2  Ir         7.9553        139
  -6.73787    -4.23137     0.014467       2  Ir         7.95635       101
  -0.459502   -7.94598    -0.248062       3  O          7.96312       281
   3.96437     3.76567    -5.798          1  Sr         7.96952        63
  -1.43603     1.17588     7.76441        2  Ir         7.98317       169
   1.14589    -1.46147     7.76442        2  Ir         7.98343       140
   7.59361     2.48424     0.028977       3  O          7.98969       273
  -0.321468    2.73594     7.50179        3  O          7.99159       421
   3.69825     4.05954     5.82693        1  Sr         8.00687        46
  -4.15595    -6.8687      0.014476       2  Ir         8.02815        71
   7.5246     -2.85671     0.028978       3  O          8.04868       272
  -6.76745     3.92697    -1.92302        1  Sr         8.05714         3
  -0.252491    8.07687    -0.248067       3  O          8.08463       284
   2.42978     7.75892     0.02898        3  O          8.13053       270
   3.82634    -6.91623     1.95196        1  Sr         8.14158        24
  -2.80305     7.69265     0.028985       3  O          8.18748       266
  -5.16378     5.27469    -3.84598        3  O          8.32338       232
   5.16387    -5.27467    -3.84599        3  O          8.32342       239
  -5.16381     5.2747      3.9039         3  O          8.35031       359
   5.16385    -5.27467     3.90389        3  O          8.35032       366
  -0.390488   -2.60505    -7.99812        3  O          8.42072       418
  -8.10488     2.28544     0.028992       3  O          8.421         261
   2.36079     2.41802    -7.72114        3  O          8.4283        404
  -2.55062    -0.384193    8.02699        3  O          8.43124       450
  -0.321484    2.7359     -7.99812        3  O          8.45922       420
   2.68221    -0.317924    8.02698        3  O          8.46923       456
   2.36081     2.41805     7.77877        3  O          8.48113       405
   6.44772     3.94572    -3.86053        2  Ir         8.48796        97
  -5.30179    -5.40721    -3.84598        3  O          8.49344       230
   5.30188     5.40723    -3.84599        3  O          8.49351       241
   6.44772     3.94575     3.88943        2  Ir         8.50116       160
  -5.30181    -5.40721     3.9039         3  O          8.51983       357
   5.30185     5.40724     3.90389        3  O          8.51987       368
   3.8658      6.58304    -3.86052        2  Ir         8.5548        127
   2.22277    -8.26393     0.028984       3  O          8.55769       267
  -2.87204     2.35175    -7.72114        3  O          8.5671        396
   3.8658      6.58309     3.88944        2  Ir         8.56792       191
   2.29179    -2.92293    -7.72114        3  O          8.56807       402
  -7.78342    -0.45048     3.62684        3  O          8.59875       196
  -2.87202     2.35178     7.77877        3  O          8.61909       397
   2.29181    -2.9229      7.77877        3  O          8.62003       403
   3.79679     1.24211    -7.7355         2  Ir         8.70611       174
   7.91507    -0.251672    3.62683        3  O          8.71009       209
  -8.17389    -3.05552     0.028993       3  O          8.72637       260
   3.7968      1.24215     7.76441        2  Ir         8.73182       175
  -0.459526   -7.94595    -3.59787        3  O          8.73464       249
   1.21488     3.87945    -7.73549        2  Ir         8.73864       141
   1.21489     3.87948     7.76441        2  Ir         8.76427       142
  -2.94104    -2.9892     -7.72113        3  O          8.78641       394
  -7.78331    -0.450613   -4.123          3  O          8.81941       323
  -2.94102    -2.98917     7.77877        3  O          8.83708       395
  -6.73787    -4.2314     -3.86051        2  Ir         8.84348       116
  -0.252515    8.0769     -3.59787        3  O          8.84561       252
  -6.73786    -4.23135     3.88945        2  Ir         8.85613       180
  -3.01006    -8.3302      0.02899        3  O          8.8574        263
   7.59358     2.48424     3.87499        3  O          8.87973       304
   7.59356     2.48418    -3.87514        3  O          8.87976       442
  -4.08696    -1.52777    -7.73548        2  Ir         8.88116       133
  -4.08694    -1.52774     7.76442        2  Ir         8.90636       134
  -4.15595    -6.86872    -3.86052        2  Ir         8.90813        86
  -1.50505    -4.16511    -7.73549        2  Ir         8.91353       166
  -4.15595    -6.86869     3.88944        2  Ir         8.92069       149
  -6.5703     -1.70781    -5.79799        1  Sr         8.9276         51
   7.91518    -0.251805   -4.12301        3  O          8.9282        336
   7.52458    -2.85671     3.87499        3  O          8.93284       303
   7.52456    -2.85677    -3.87514        3  O          8.93291       441
  -1.50503    -4.16507     7.76442        2  Ir         8.93863       167
  -0.459532   -7.94593     4.15197        3  O          8.97707       376
   2.42976     7.75892     3.875          3  O          9.00667       301
   2.42974     7.75886    -3.87514        3  O          9.00668       439
  -1.67258    -6.68863     5.82694        1  Sr         9.0271         36
  -2.80307     7.69265     3.875          3  O          9.05813       297
  -2.80309     7.69259    -3.87514        3  O          9.05814       435
  -0.252521    8.07692     4.15197        3  O          9.08511       381
  -6.83641    -1.41395     5.82694        1  Sr         9.09335        33
   9.02963     1.30839     0.01445        2  Ir         9.12394       114
  -7.71441     4.89045     0.277007       3  O          9.13813       308
   8.86204    -1.21517    -1.92304        1  Sr         9.14934        14
  -1.40647    -6.9825     -5.79799        1  Sr         9.18423        54
   4.77333    -7.87971    -0.248067       3  O          9.21607       285
  -6.59986     6.45053     0.014464       2  Ir         9.22864       103
   6.30971    -6.73616     0.014466       2  Ir         9.22976        79
  -8.10491     2.28543     3.87501        3  O          9.26976       292
  -8.10493     2.28537    -3.87513        3  O          9.26981       430
   4.84236    -2.53875     7.50179        3  O          9.2828        426
  -2.48163     4.95672    -7.47292        3  O          9.30442       451
   1.28389     9.22042     0.014467       2  Ir         9.30939        78
  -1.19948     9.04035     1.95196        1  Sr         9.32614        23
   5.2328      0.066211   -7.74986        3  O          9.35131       352
  -5.23286    -0.066327   -7.74985        3  O          9.35133       340
   5.23282     0.066243    7.75005        3  O          9.35147       353
  -5.23284    -0.066295    7.75005        3  O          9.35149       341
   2.22275    -8.26393     3.875          3  O          9.39408       298
   4.91136     2.8022      7.50178        3  O          9.39418       428
   2.22273    -8.26399    -3.87514        3  O          9.39419       436
   0.068974    5.34089    -7.74986        3  O          9.41224       348
  -0.069034   -5.34101    -7.74986        3  O          9.4123        344
   0.06899     5.34092     7.75005        3  O          9.41241       349
  -0.069017   -5.34098     7.75005        3  O          9.41244       345
   2.7512      5.02299    -7.47293        3  O          9.4151        457
  -6.50129     3.63314    -5.79799        1  Sr         9.43839        53
  -9.31978    -1.59402     0.01448        2  Ir         9.45513        69
   9.12818    -1.50901     1.95196        1  Sr         9.45573        29
   7.98408     5.08926     0.276992       3  O          9.47221       321
   3.56025    -6.62237     5.82693        1  Sr         9.51232        42
  -4.01795     3.81318    -7.73549        2  Ir         9.51431       135
   3.72778    -4.09884    -7.7355         2  Ir         9.51497       172
  -4.01794     3.81321     7.76442        2  Ir         9.53785       136
   3.7278     -4.0988      7.76441        2  Ir         9.53849       173
  -8.17391    -3.05552     3.87501        3  O          9.54802       291
  -8.17393    -3.05558    -3.87513        3  O          9.5481        429
   4.98034     8.14314    -0.248072       3  O          9.54862       288
  -1.57404    -9.50605     0.014463       2  Ir         9.6355        104
   7.84607    -5.59264     0.276995       3  O          9.63926       319
  -1.46561     9.33419    -1.92303        1  Sr         9.64226         8
  -3.01009    -8.3302      3.875          3  O          9.66791       294
  -3.0101     -8.33026    -3.87513        3  O          9.66802       432
   4.84234    -2.53878    -7.99812        3  O          9.68832       425
  -5.5543      2.66967     7.5018         3  O          9.70846       415
  -5.48532     8.0106     -0.248061       3  O          9.71185       280
   2.61319    -5.65891    -7.47292        3  O          9.73122       453
  -5.6233     -2.67129     7.5018         3  O          9.74855       413
  -2.48162     4.95676     8.02699        3  O          9.75502       452
  -6.76741     3.927       5.82694        1  Sr         9.75563        34
  -7.85242    -5.79145     0.27701        3  O          9.76105       306
  -2.61964    -5.72518    -7.47292        3  O          9.77163       447
   4.91135     2.80217    -7.99812        3  O          9.79507       427
   3.82636    -6.91623    -5.798          1  Sr         9.80265        60
   8.96062    -4.03256     0.014452       2  Ir         9.82622       113
  -7.71441     4.89047     3.62684        3  O          9.82766       197
  -5.69233    -8.01225    -0.248057       3  O          9.8316        277
  -6.90545    -6.75493    -1.92302        1  Sr         9.84949         1
   2.75121     5.02303     8.02698        3  O          9.86065       458
  -6.63932    -7.04877     1.95197        1  Sr         9.87805        16
   4.7733     -7.87968    -3.59788        3  O          9.89032       253
  -1.6036     -1.34772    -9.67297        1  Sr         9.89718        37
   9.02963     1.30836    -3.86053        2  Ir         9.90705       129
   9.02963     1.30841     3.88943        2  Ir         9.91836       193
  -1.33745    -1.64151     9.70191        1  Sr         9.93028        56
  -3.94894     9.15415     0.014472       2  Ir         9.96959        74
  -9.25078     3.74693     0.014479       2  Ir         9.98081        70
END
