ATOMS
  *       x          y           z    ipot  Atom      Distance    Number
**********-  ********-  **********  ******  ******  **********  ********
   0           0          0              0  O          0               0
   5.48452    -7.80188    3.07667        2  Ir        10.0207         62
   5.48452     7.80188    3.07667        2  Ir        10.0207         72
   2.02631    -9.36225   -2.9654         3  O         10.0275        392
   2.02631     9.36225   -2.9654         3  O         10.0275        404
   6.56179     0         -7.61043        3  O         10.0487        219
   2.24603    -6.2415    -7.55434        1  Sr        10.0533          5
   2.24603     6.2415    -7.55434        1  Sr        10.0533         13
  -1.01373    -9.36225    3.54553        2  Ir        10.0623         74
  -1.01373     9.36225    3.54553        2  Ir        10.0623         86
   4.26494    -3.12075    8.64734        3  O         10.1344        253
   4.26494     3.12075    8.64734        3  O         10.1344        258
  -6.7655     -3.12075   -6.87501        3  O         10.1379        205
  -6.7655      3.12075   -6.87501        3  O         10.1379        209
  -2.32224    -9.36225   -3.23254        3  O         10.1732        318
  -2.32224     9.36225   -3.23254        3  O         10.1732        330
  -0.945143   -4.68113   -9.0009         2  Ir        10.1893         36
  -0.945143    4.68113   -9.0009         2  Ir        10.1893         45
  -3.26829    -7.80188    5.7455         2  Ir        10.2255        119
  -3.26829     7.80188    5.7455         2  Ir        10.2255        129
  -8.06441    -6.2415     1.33401        2  Ir        10.2845         16
  -8.06441     6.2415     1.33401        2  Ir        10.2845         21
  -8.82189     0         -5.37704        3  O         10.3314        425
   0.089034   -3.12075   -9.85391        3  O         10.3367        530
  -0.089034   -3.12075    9.85391        3  O         10.3367        532
   0.089034    3.12075   -9.85391        3  O         10.3367        535
  -0.089034    3.12075    9.85391        3  O         10.3367        537
  -1.23015    -6.2415     8.16165        2  Ir        10.3481        107
  -1.23015     6.2415     8.16165        2  Ir        10.3481        116
  -1.79596    -6.2415    -8.08507        3  O         10.3706        495
  -1.79596     6.2415    -8.08507        3  O         10.3706        504
  -2.22013    -4.68113    9.00942        3  O         10.3929        230
  -2.22013     4.68113    9.00942        3  O         10.3929        239
   4.35397    -9.36225   -1.20657        3  O         10.3954        249
   4.35397     9.36225   -1.20657        3  O         10.3954        261
   8.59837    -4.68113   -3.5491         3  O         10.4135        381
   8.59837     4.68113   -3.5491         3  O         10.4135        387
   9.01874    -3.12075    4.22507        3  O         10.4369        363
   9.01874     3.12075    4.22507        3  O         10.4369        367
  -8.91093    -3.12075    4.47687        3  O         10.4492        424
  -8.91093     3.12075    4.47687        3  O         10.4492        428
   0.184036   -9.36225   -4.70978        3  O         10.4818        286
   0.184036    9.36225   -4.70978        3  O         10.4818        298
   4.19693    -4.68113   -8.39445        3  O         10.4878        484
   4.19693     4.68113   -8.39445        3  O         10.4878        490
   5.25221    -4.68113    7.78076        2  Ir        10.4899         97
   5.25221     4.68113    7.78076        2  Ir        10.4899        103
   6.56179    -3.12075   -7.61043        3  O         10.5221        217
   6.56179     3.12075   -7.61043        3  O         10.5221        221
  -7.06993     0          7.79489        3  O         10.5235        461
  -9.21939    -4.68113    2.19488        3  O         10.5701        478
  -9.21939     4.68113    2.19488        3  O         10.5701        481
  -7.13029    -7.80188    0.472932       3  O         10.5799        510
  -7.13029     7.80188    0.472932       3  O         10.5799        517
  -5.86117    -6.2415     6.25611        2  Ir        10.6042        168
  -5.86117     6.2415     6.25611        2  Ir        10.6042        176
  -9.06718    -4.68113   -2.95573        3  O         10.6237        300
  -9.06718     4.68113   -2.95573        3  O         10.6237        305
   0.169442   -7.80188   -7.23645        3  O         10.6426        189
   0.169442    7.80188   -7.23645        3  O         10.6426        199
  -9.95801     0         -3.76523        2  Ir        10.6461        135
   0.095002   -9.36225    5.14413        3  O         10.6828        287
   0.095002    9.36225    5.14413        3  O         10.6828        299
   5.35192     0         -9.25532        2  Ir        10.6913         26
   8.50934    -1.56038    6.30481        3  O         10.7049        384
   8.50934     1.56038    6.30481        3  O         10.7049        386
   9.10777     0         -5.62885        3  O         10.7068        364
   7.55516    -6.2415    -4.33322        2  Ir        10.7151        178
   7.55516     6.2415    -4.33322        2  Ir        10.7151        186
   5.26289    -9.36225    0.598594       2  Ir        10.7568         22
   5.26289     9.36225    0.598594       2  Ir        10.7568         32
   4.17109    -7.80188    6.16277        3  O         10.7818        307
   4.17109     7.80188    6.16277        3  O         10.7818        317
  -8.82189    -3.12075   -5.37704        3  O         10.7925        423
  -8.82189     3.12075   -5.37704        3  O         10.7925        427
  -0.247636   -7.80188    7.4619         3  O         10.7986        444
  -0.247636    7.80188    7.4619         3  O         10.7986        454
  -1.12321    -1.56038   10.7069         2  Ir        10.8782         41
  -1.12321     1.56038   10.7069         2  Ir        10.8782         44
  -7.75374    -4.68113   -6.04183        2  Ir        10.8875         52
  -7.75374     4.68113   -6.04183        2  Ir        10.8875         58
   3.36929    -9.36225   -4.50065        2  Ir        10.9206        138
   3.36929     9.36225   -4.50065        2  Ir        10.9206        150
  -8.97332    -6.2415    -0.471148       3  O         10.9407        244
  -8.97332     6.2415    -0.471148       3  O         10.9407        248
  -7.06993    -3.12075    7.79489        3  O         10.9765        459
  -7.06993     3.12075    7.79489        3  O         10.9765        463
  -2.04207    -1.56038  -10.6984         3  O         11.0028        231
  -2.04207     1.56038  -10.6984         3  O         11.0028        234
  -1.03418   -10.9226     0.853016       2  Ir        11.0046         33
  -1.03418    10.9226     0.853016       2  Ir        11.0046         50
   4.41637    -9.36225    3.74145        3  O         11.007         430
   4.41637     9.36225    3.74145        3  O         11.007         441
  -9.95801    -3.12075   -3.76523        2  Ir        11.094         134
  -9.95801     3.12075   -3.76523        2  Ir        11.094         137
   5.35192    -3.12075   -9.25532        2  Ir        11.1375         24
   5.35192     3.12075   -9.25532        2  Ir        11.1375         29
   9.10777    -3.12075   -5.62885        3  O         11.1523        362
   9.10777     3.12075   -5.62885        3  O         11.1523        366
  -2.1311    -10.9226    -0.844493       3  O         11.1606        226
  -2.1311     10.9226    -0.844493       3  O         11.1606        241
  -6.61314    -7.80188   -4.4947         3  O         11.1716        262
  -6.61314     7.80188   -4.4947         3  O         11.1716        272
  -0.158601  -10.9226    -2.39201        3  O         11.1826        442
  -0.158601   10.9226    -2.39201        3  O         11.1826        455
   7.46612    -6.2415     5.52069        2  Ir        11.1883        179
   7.46612     6.2415     5.52069        2  Ir        11.1883        187
   6.62512    -7.80188    4.6238         3  O         11.2313        275
   6.62512     7.80188    4.6238         3  O         11.2313        285
   0.080408  -10.9226     2.61746        3  O         11.2322        188
   0.080408   10.9226     2.61746        3  O         11.2322        201
  -7.98606    -7.80188   -1.33773        2  Ir        11.2444         87
  -7.98606     7.80188   -1.33773        2  Ir        11.2444         94
   3.28025    -9.36225    5.35327        2  Ir        11.2725        139
   3.28025     9.36225    5.35327        2  Ir        11.2725        151
   6.25737    -6.2415     7.05947        3  O         11.3114        468
   6.25737     6.2415     7.05947        3  O         11.3114        476
  -0.924697   -9.36225   -6.30838        2  Ir        11.3271         73
  -0.924697    9.36225   -6.30838        2  Ir        11.3271         85
  10.059      -1.56038    5.01007        2  Ir        11.3454        131
  10.059       1.56038    5.01007        2  Ir        11.3454        133
  10.148      -1.56038   -4.84384        2  Ir        11.3525        130
  10.148       1.56038   -4.84384        2  Ir        11.3525        132
  -4.21952    -9.36225   -4.89343        3  O         11.3755        347
  -4.21952     9.36225   -4.89343        3  O         11.3755        359
  11.1962     -1.56038   -1.57991        3  O         11.4143        242
  11.1962      1.56038   -1.57991        3  O         11.4143        243
  -4.30856    -9.36225    4.96049        3  O         11.4377        348
  -4.30856     9.36225    4.96049        3  O         11.4377        360
   6.10797    -1.56038    9.59143        3  O         11.4777        521
   6.10797     1.56038    9.59143        3  O         11.4777        523
   4.26494    -6.2415     8.64734        3  O         11.4858        251
   4.26494     6.2415     8.64734        3  O         11.4858        260
  -6.7655     -6.2415    -6.87501        3  O         11.4889        203
  -6.7655      6.2415    -6.87501        3  O         11.4889        211
  11.4423      0          1.03342        3  O         11.4889        508
 -11.301       0         -2.22998        3  O         11.5189        390
   6.71416    -7.80188   -5.23012        3  O         11.5457        274
   6.71416     7.80188   -5.23012        3  O         11.5457        284
  -4.81796    -7.80188    7.04023        3  O         11.5606        370
  -4.81796     7.80188    7.04023        3  O         11.5606        380
  -9.15621    -1.56038    6.89819        3  O         11.5696        302
  -9.15621     1.56038    6.89819        3  O         11.5696        304
  -5.77214    -9.36225   -3.5978         2  Ir        11.5721        166
  -5.77214     9.36225   -3.5978         2  Ir        11.5721        177
 -11.1703      0          3.035          1  Sr        11.5753          2
   8.50934    -4.68113    6.30481        3  O         11.579         382
   8.50934     4.68113    6.30481        3  O         11.579         388
  -1.05208     0        -11.5462         2  Ir        11.594         110
  -6.70217    -7.80188    5.35921        3  O         11.5978        263
  -6.70217     7.80188    5.35921        3  O         11.5978        273
   6.47276    -9.36225    2.24348        3  O         11.6009        214
   6.47276     9.36225    2.24348        3  O         11.6009        225
   1.06406   -10.9226    -3.86418        2  Ir        11.6348        152
   1.06406    10.9226    -3.86418        2  Ir        11.6348        165
   6.3464     -9.36225   -2.79444        3  O         11.6506        466
   6.3464      9.36225   -2.79444        3  O         11.6506        477
   5.17385     0         10.4525         2  Ir        11.6629         28
   0.089034   -6.2415    -9.85391        3  O         11.6646        527
  -0.089034   -6.2415     9.85391        3  O         11.6646        529
   0.089034    6.2415    -9.85391        3  O         11.6646        538
  -0.089034    6.2415     9.85391        3  O         11.6646        540
  -7.97537     0         -8.5199         2  Ir        11.6703         18
  11.0051      0         -3.96796        3  O         11.6985        332
  -7.84278    -7.80188    3.81209        2  Ir        11.7009         51
  -7.84278     7.80188    3.81209        2  Ir        11.7009         60
  -2.41127    -9.36225    6.62137        3  O         11.7179        319
  -2.41127     9.36225    6.62137        3  O         11.7179        331
  -1.12321    -4.68113   10.7069         2  Ir        11.7394         38
  -1.12321     4.68113   10.7069         2  Ir        11.7394         47
   5.57355    -7.80188   -6.77725        2  Ir        11.7416         61
   5.57355     7.80188   -6.77725        2  Ir        11.7416         71
 -10.047       0          6.08869        2  Ir        11.748         136
   9.01874    -6.2415     4.22507        3  O         11.7535        361
   9.01874     6.2415     4.22507        3  O         11.7535        368
   4.1079    -10.9226     1.45946        3  O         11.7605        482
   4.1079     10.9226     1.45946        3  O         11.7605        493
  -8.91093    -6.2415     4.47687        3  O         11.7645        422
  -8.91093     6.2415     4.47687        3  O         11.7645        429
   1.93728    -9.36225    6.88851        3  O         11.7837        393
   1.93728     9.36225    6.88851        3  O         11.7837        405
  -1.97402     0         11.6228         3  O         11.7892        501
   6.56179    -6.2415    -7.61043        3  O         11.8293        215
   6.56179     6.2415    -7.61043        3  O         11.8293        223
  -7.04126    -1.56038   -9.38098        3  O         11.8329        512
  -7.04126     1.56038   -9.38098        3  O         11.8329        514
  -8.07509    -1.56038    8.51618        2  Ir        11.8392         90
  -8.07509     1.56038    8.51618        2  Ir        11.8392         92
  -2.04207    -4.68113  -10.6984         3  O         11.8549        228
  -2.04207     4.68113  -10.6984         3  O         11.8549        237
  -6.98089    -9.36225   -2.05902        3  O         11.8585        456
  -6.98089     9.36225   -2.05902        3  O         11.8585        465
  -2.0497    -10.9226     4.20734        3  O         11.8831        406
  -2.0497     10.9226     4.20734        3  O         11.8831        419
  11.2776     -1.56038    3.47192        3  O         11.9027        420
  11.2776      1.56038    3.47192        3  O         11.9027        421
  11.4423     -3.12075    1.03342        3  O         11.9052        507
  11.4423      3.12075    1.03342        3  O         11.9052        509
   4.44301     0        -11.0605         3  O         11.9195        254
 -11.301      -3.12075   -2.22998        3  O         11.9342        389
 -11.301       3.12075   -2.22998        3  O         11.9342        391
  -0.945143   -7.80188   -9.0009         2  Ir        11.949          34
  -0.945143    7.80188   -9.0009         2  Ir        11.949          48
  -6.85454    -9.36225    2.9789         3  O         11.9796        202
  -6.85454     9.36225    2.9789         3  O         11.9796        213
   2.30877   -10.9226     4.34632        3  O         11.9802        333
   2.30877    10.9226     4.34632        3  O         11.9802        346
 -11.1703     -3.12075    3.035          1  Sr        11.9886          1
 -11.1703      3.12075    3.035          1  Sr        11.9886          3
  -1.14111     0         -1.69226        2  Ir         2.04105       111
  -1.03418    -1.56038    0.853016       2  Ir         2.05717        40
  -1.03418     1.56038    0.853016       2  Ir         2.05717        43
  -1.88499     0          1.76884        3  O          2.58495       500
  -2.1311     -1.56038   -0.844493       3  O          2.773         232
  -2.1311      1.56038   -0.844493       3  O          2.773         235
  -0.158601   -1.56038   -2.39201        3  O          2.86036       447
  -0.158601    1.56038   -2.39201        3  O          2.86036       449
   0.080408   -1.56038    2.61746        3  O          3.04833       194
   0.080408    1.56038    2.61746        3  O          3.04833       196
   0          -3.12075    0              3  O          3.12075       531
   0           3.12075    0              3  O          3.12075       536
   2.15699     0          2.29958        1  Sr         3.15288        10
   2.02631     0         -2.9654         3  O          3.5916        398
  -1.01373     0          3.54553        2  Ir         3.68761        80
  -1.14111    -3.12075   -1.69226        2  Ir         3.72894       108
  -1.14111     3.12075   -1.69226        2  Ir         3.72894       113
  -2.32224     0         -3.23254        3  O          3.98022       324
  -1.88499    -3.12075    1.76884        3  O          4.05229       498
  -1.88499     3.12075    1.76884        3  O          4.05229       503
   1.06406    -1.56038   -3.86418        2  Ir         4.30103       157
   1.06406     1.56038   -3.86418        2  Ir         4.30103       159
   2.15699    -3.12075    2.29958        1  Sr         4.43619         8
   2.15699     3.12075    2.29958        1  Sr         4.43619        12
   4.35397     0         -1.20657        3  O          4.51806       255
   4.1079     -1.56038    1.45946        3  O          4.6303        487
   4.1079      1.56038    1.45946        3  O          4.6303        489
   0.184036    0         -4.70978        3  O          4.71337       292
   2.02631    -3.12075   -2.9654         3  O          4.75801       396
   2.02631     3.12075   -2.9654         3  O          4.75801       400
  -1.01373    -3.12075    3.54553        2  Ir         4.8309         78
  -1.01373     3.12075    3.54553        2  Ir         4.8309         82
  -1.03418    -4.68113    0.853016       2  Ir         4.8693         37
  -1.03418     4.68113    0.853016       2  Ir         4.8693         46
  -2.0497     -1.56038    4.20734        3  O          4.93333       412
  -2.0497      1.56038    4.20734        3  O          4.93333       414
  -2.32224    -3.12075   -3.23254        3  O          5.05779       322
  -2.32224     3.12075   -3.23254        3  O          5.05779       326
   0.095002    0          5.14413        3  O          5.14501       293
   2.30877    -1.56038    4.34632        3  O          5.16291       339
   2.30877     1.56038    4.34632        3  O          5.16291       341
  -2.1311     -4.68113   -0.844493       3  O          5.21227       229
  -2.1311      4.68113   -0.844493       3  O          5.21227       238
  -0.158601   -4.68113   -2.39201        3  O          5.25926       445
  -0.158601    4.68113   -2.39201        3  O          5.25926       451
   5.26289     0          0.598594       2  Ir         5.29682        27
   0.080408   -4.68113    2.61746        3  O          5.36382       192
   0.080408    4.68113    2.61746        3  O          5.36382       198
  -3.17926    -1.56038   -4.10842        2  Ir         5.42416       122
  -3.17926     1.56038   -4.10842        2  Ir         5.42416       124
   4.35397    -3.12075   -1.20657        3  O          5.49108       252
   4.35397     3.12075   -1.20657        3  O          5.49108       257
   3.36929     0         -4.50065        2  Ir         5.62209       144
   0.184036   -3.12075   -4.70978        3  O          5.65287       290
   0.184036    3.12075   -4.70978        3  O          5.65287       294
  -4.72893    -1.56038   -2.81368        3  O          5.71964       373
  -4.72893     1.56038   -2.81368        3  O          5.71964       375
   4.41637     0          3.74145        3  O          5.78816       436
   4.26012    -1.56038   -3.69115        3  O          5.84876       310
   4.26012     1.56038   -3.69115        3  O          5.84876       312
   5.34124    -1.56038   -2.07315        2  Ir         5.93814        98
   5.34124     1.56038   -2.07315        2  Ir         5.93814       100
   0.095002   -3.12075    5.14413        3  O          6.01749       291
   0.095002    3.12075    5.14413        3  O          6.01749       295
   5.26289    -3.12075    0.598594       2  Ir         6.1478         25
   5.26289     3.12075    0.598594       2  Ir         6.1478         30
   1.06406    -4.68113   -3.86418        2  Ir         6.16255       155
   1.06406     4.68113   -3.86418        2  Ir         6.16255       161
  -1.96067    -1.56038   -5.64657        3  O          6.1776        411
  -1.96067     1.56038   -5.64657        3  O          6.1776        413
   2.3978     -1.56038   -5.50759        3  O          6.20627       338
   2.3978      1.56038   -5.50759        3  O          6.20627       340
   0          -6.2415     0              3  O          6.2415        528
   0           6.2415     0              3  O          6.2415        539
   0.975025   -1.56038    5.98973        2  Ir         6.26597       158
   0.975025    1.56038    5.98973        2  Ir         6.26597       160
   3.28025     0          5.35327        2  Ir         6.27834       145
  -0.924697    0         -6.30838        2  Ir         6.37579        79
   6.197      -1.56038   -0.262488       3  O          6.39582       520
   6.197       1.56038   -0.262488       3  O          6.39582       522
   4.1079     -4.68113    1.45946        3  O          6.3967        485
   4.1079      4.68113    1.45946        3  O          6.3967        491
   3.36929    -3.12075   -4.50065        2  Ir         6.43016       142
   3.36929     3.12075   -4.50065        2  Ir         6.43016       146
  -4.21952     0         -4.89343        3  O          6.46142       353
   5.48452    -1.56038    3.07667        2  Ir         6.47924        66
   5.48452     1.56038    3.07667        2  Ir         6.47924        68
  -1.14111    -6.2415    -1.69226        2  Ir         6.56675       106
  -1.14111     6.2415    -1.69226        2  Ir         6.56675       115
  -4.30856     0          4.96049        3  O          6.5704        354
   4.41637    -3.12075    3.74145        3  O          6.57585       434
   4.41637     3.12075    3.74145        3  O          6.57585       438
  -2.0497     -4.68113    4.20734        3  O          6.61936       410
  -2.0497      4.68113    4.20734        3  O          6.61936       416
  -1.88499    -6.2415     1.76884        3  O          6.75561       496
  -1.88499     6.2415     1.76884        3  O          6.75561       505
  -3.26829    -1.56038    5.7455         2  Ir         6.7917        123
  -3.26829     1.56038    5.7455         2  Ir         6.7917        125
   2.30877    -4.68113    4.34632        3  O          6.79219       337
   2.30877     4.68113    4.34632        3  O          6.79219       343
  -5.77214     0         -3.5978         2  Ir         6.8016        171
   6.47276     0          2.24348        3  O          6.85053       220
   6.3464      0         -2.79444        3  O          6.93439       471
   2.15699    -6.2415     2.29958        1  Sr         6.99264         6
   2.15699     6.2415     2.29958        1  Sr         6.99264        14
  -3.17926    -4.68113   -4.10842        2  Ir         6.99284       120
  -3.17926     4.68113   -4.10842        2  Ir         6.99284       126
   3.28025    -3.12075    5.35327        2  Ir         7.01118       143
   3.28025     3.12075    5.35327        2  Ir         7.01118       147
  -2.41127     0          6.62137        3  O          7.04676       325
  -0.924697   -3.12075   -6.30838        2  Ir         7.09858        77
  -0.924697    3.12075   -6.30838        2  Ir         7.09858        81
   1.93728     0          6.88851        3  O          7.15574       399
  -4.21952    -3.12075   -4.89343        3  O          7.17559       351
  -4.21952     3.12075   -4.89343        3  O          7.17559       355
   2.02631    -6.2415    -2.9654         3  O          7.20111       394
   2.02631     6.2415    -2.9654         3  O          7.20111       402
  -4.72893    -4.68113   -2.81368        3  O          7.22444       371
  -4.72893     4.68113   -2.81368        3  O          7.22444       377
  -1.01373    -6.2415     3.54553        2  Ir         7.24947        76
  -1.01373     6.2415     3.54553        2  Ir         7.24947        84
  -4.30856    -3.12075    4.96049        3  O          7.27387       352
  -4.30856     3.12075    4.96049        3  O          7.27387       356
  -6.98089     0         -2.05902        3  O          7.27822       460
  -7.13029    -1.56038    0.472932       3  O          7.31434       513
  -7.13029     1.56038    0.472932       3  O          7.31434       515
   4.26012    -4.68113   -3.69115        3  O          7.32708       308
   4.26012     4.68113   -3.69115        3  O          7.32708       314
   5.34124    -4.68113   -2.07315        2  Ir         7.39863        96
   5.34124     4.68113   -2.07315        2  Ir         7.39863       102
  -2.32224    -6.2415    -3.23254        3  O          7.4026        320
  -2.32224     6.2415    -3.23254        3  O          7.4026        328
   0.169442   -1.56038   -7.23645        3  O          7.40471       193
   0.169442    1.56038   -7.23645        3  O          7.40471       195
  -6.85454     0          2.9789         3  O          7.47386       208
  -5.77214    -3.12075   -3.5978         2  Ir         7.48337       169
  -5.77214     3.12075   -3.5978         2  Ir         7.48337       173
   6.47276    -3.12075    2.24348        3  O          7.52787       218
   6.47276     3.12075    2.24348        3  O          7.52787       222
  -1.96067    -4.68113   -5.64657        3  O          7.59216       409
  -1.96067     4.68113   -5.64657        3  O          7.59216       415
   4.5054      0         -6.11246        3  O          7.59347       435
   4.17109    -1.56038    6.16277        3  O          7.60345       311
   4.17109     1.56038    6.16277        3  O          7.60345       313
   6.3464     -3.12075   -2.79444        3  O          7.60426       469
   6.3464      3.12075   -2.79444        3  O          7.60426       473
   2.3978     -4.68113   -5.50759        3  O          7.61551       336
   2.3978      4.68113   -5.50759        3  O          7.61551       342
  -0.247636   -1.56038    7.4619         3  O          7.62733       448
  -0.247636    1.56038    7.4619         3  O          7.62733       450
   0.975025   -4.68113    5.98973        2  Ir         7.66424       156
   0.975025    4.68113    5.98973        2  Ir         7.66424       162
   4.35397    -6.2415    -1.20657        3  O          7.70514       250
   4.35397     6.2415    -1.20657        3  O          7.70514       259
  -2.41127    -3.12075    6.62137        3  O          7.70687       323
  -2.41127     3.12075    6.62137        3  O          7.70687       327
   6.197      -4.68113   -0.262488       3  O          7.77076       519
   6.197       4.68113   -0.262488       3  O          7.77076       524
   1.93728    -3.12075    6.88851        3  O          7.80665       397
   1.93728     3.12075    6.88851        3  O          7.80665       401
   0.184036   -6.2415    -4.70978        3  O          7.82127       288
   0.184036    6.2415    -4.70978        3  O          7.82127       296
   5.48452    -4.68113    3.07667        2  Ir         7.83956        64
   5.48452     4.68113    3.07667        2  Ir         7.83956        70
   2.24603     0         -7.55434        1  Sr         7.88116         9
  -1.03418    -7.80188    0.853016       2  Ir         7.91622        35
  -1.03418     7.80188    0.853016       2  Ir         7.91622        49
  -6.98089    -3.12075   -2.05902        3  O          7.91906       458
  -6.98089     3.12075   -2.05902        3  O          7.91906       462
   0.095002   -6.2415     5.14413        3  O          8.08873       289
   0.095002    6.2415     5.14413        3  O          8.08873       297
  -6.85454    -3.12075    2.9789         3  O          8.09924       206
  -6.85454     3.12075    2.9789         3  O          8.09924       210
  -3.26829    -4.68113    5.7455         2  Ir         8.09971       121
  -3.26829     4.68113    5.7455         2  Ir         8.09971       127
  -2.1311     -7.80188   -0.844493       3  O          8.13167       227
  -2.1311      7.80188   -0.844493       3  O          8.13167       240
  -6.61314    -1.56038   -4.4947         3  O          8.14682       266
  -6.61314     1.56038   -4.4947         3  O          8.14682       268
  -0.158601   -7.80188   -2.39201        3  O          8.16187       443
  -0.158601    7.80188   -2.39201        3  O          8.16187       453
  -8.06441     0          1.33401        2  Ir         8.174          19
   5.26289    -6.2415     0.598594       2  Ir         8.18613        23
   5.26289     6.2415     0.598594       2  Ir         8.18613        31
   4.5054     -3.12075   -6.11246        3  O          8.20974       433
   4.5054      3.12075   -6.11246        3  O          8.20974       437
   6.62512    -1.56038    4.6238         3  O          8.2284        279
   6.62512     1.56038    4.6238         3  O          8.2284        281
   0.080408   -7.80188    2.61746        3  O          8.22963       190
   0.080408    7.80188    2.61746        3  O          8.22963       200
  -7.98606    -1.56038   -1.33773        2  Ir         8.2463         89
  -7.98606     1.56038   -1.33773        2  Ir         8.2463         91
  -1.23015     0          8.16165        2  Ir         8.25384       112
  -1.79596     0         -8.08507        3  O          8.28214       499
   3.36929    -6.2415    -4.50065        2  Ir         8.40025       140
   3.36929     6.2415    -4.50065        2  Ir         8.40025       148
   2.24603    -3.12075   -7.55434        1  Sr         8.47654         7
   2.24603     3.12075   -7.55434        1  Sr         8.47654        11
   4.41637    -6.2415     3.74145        3  O          8.51229       432
   4.41637     6.2415     3.74145        3  O          8.51229       440
  -7.13029    -4.68113    0.472932       3  O          8.5427        511
  -7.13029     4.68113    0.472932       3  O          8.5427        516
  -5.86117     0          6.25611        2  Ir         8.57276       172
   0.169442   -4.68113   -7.23645        3  O          8.6202        191
   0.169442    4.68113   -7.23645        3  O          8.6202        197
   6.71416    -1.56038   -5.23012        3  O          8.65268       278
   6.71416     1.56038   -5.23012        3  O          8.65268       280
  -4.81796    -1.56038    7.04023        3  O          8.67251       374
  -4.81796     1.56038    7.04023        3  O          8.67251       376
   7.55516     0         -4.33322        2  Ir         8.7096        182
  -6.70217    -1.56038    5.35921        3  O          8.7221        267
  -6.70217     1.56038    5.35921        3  O          8.7221        269
  -8.06441    -3.12075    1.33401        2  Ir         8.74948        17
  -8.06441     3.12075    1.33401        2  Ir         8.74948        20
   1.06406    -7.80188   -3.86418        2  Ir         8.77117       153
   1.06406     7.80188   -3.86418        2  Ir         8.77117       163
   4.17109    -4.68113    6.16277        3  O          8.79151       309
   4.17109     4.68113    6.16277        3  O          8.79151       315
  -0.247636   -4.68113    7.4619         3  O          8.81217       446
  -0.247636    4.68113    7.4619         3  O          8.81217       452
  -1.23015    -3.12075    8.16165        2  Ir         8.82411       109
  -1.23015     3.12075    8.16165        2  Ir         8.82411       114
  -1.79596    -3.12075   -8.08507        3  O          8.85059       497
  -1.79596     3.12075   -8.08507        3  O          8.85059       502
   3.28025    -6.2415     5.35327        2  Ir         8.8529        141
   3.28025     6.2415     5.35327        2  Ir         8.8529        149
  -7.84278    -1.56038    3.81209        2  Ir         8.85866        55
  -7.84278     1.56038    3.81209        2  Ir         8.85866        57
   5.57355    -1.56038   -6.77725        2  Ir         8.91237        65
   5.57355     1.56038   -6.77725        2  Ir         8.91237        67
  -0.924697   -6.2415    -6.30838        2  Ir         8.92228        75
  -0.924697    6.2415    -6.30838        2  Ir         8.92228        83
   4.1079     -7.80188    1.45946        3  O          8.93724       483
   4.1079      7.80188    1.45946        3  O          8.93724       492
  -4.21952    -6.2415    -4.89343        3  O          8.98367       349
  -4.21952     6.2415    -4.89343        3  O          8.98367       357
  -8.97332     0         -0.471148       3  O          8.98568       246
  -4.30856    -6.2415     4.96049        3  O          9.06236       350
  -4.30856     6.2415     4.96049        3  O          9.06236       358
  -2.0497     -7.80188    4.20734        3  O          9.09793       408
  -2.0497      7.80188    4.20734        3  O          9.09793       418
  -5.86117    -3.12075    6.25611        2  Ir         9.12312       170
  -5.86117     3.12075    6.25611        2  Ir         9.12312       174
  -0.945143   -1.56038   -9.0009         2  Ir         9.18391        39
  -0.945143    1.56038   -9.0009         2  Ir         9.18391        42
   2.30877    -7.80188    4.34632        3  O          9.22444       335
   2.30877     7.80188    4.34632        3  O          9.22444       345
  -5.77214    -6.2415    -3.5978         2  Ir         9.23137       167
  -5.77214     6.2415    -3.5978         2  Ir         9.23137       175
   7.55516    -3.12075   -4.33322        2  Ir         9.25183       180
   7.55516     3.12075   -4.33322        2  Ir         9.25183       184
  -6.61314    -4.68113   -4.4947         3  O          9.26547       264
  -6.61314     4.68113   -4.4947         3  O          9.26547       270
   6.47276    -6.2415     2.24348        3  O          9.26748       216
   6.47276     6.2415     2.24348        3  O          9.26748       224
   7.46612     0          5.52069        2  Ir         9.28553       183
   6.3464     -6.2415    -2.79444        3  O          9.32964       467
   6.3464      6.2415    -2.79444        3  O          9.32964       475
   6.62512    -4.68113    4.6238         3  O          9.33727       277
   6.62512     4.68113    4.6238         3  O          9.33727       283
  -7.98606    -4.68113   -1.33773        2  Ir         9.35305        88
  -7.98606     4.68113   -1.33773        2  Ir         9.35305        93
   0          -9.36225    0              3  O          9.36225       526
   0           9.36225    0              3  O          9.36225       541
  -3.17926    -7.80188   -4.10842        2  Ir         9.37316       118
  -3.17926     7.80188   -4.10842        2  Ir         9.37316       128
  -2.22013    -1.56038    9.00942        3  O          9.40922       233
  -2.22013     1.56038    9.00942        3  O          9.40922       236
  -2.41127    -6.2415     6.62137        3  O          9.41346       321
  -2.41127     6.2415     6.62137        3  O          9.41346       329
   8.59837    -1.56038   -3.5491         3  O          9.43201       383
   8.59837     1.56038   -3.5491         3  O          9.43201       385
   6.25737     0          7.05947        3  O          9.43349       472
   1.93728    -6.2415     6.88851        3  O          9.49531       395
   1.93728     6.2415     6.88851        3  O          9.49531       403
  -8.97332    -3.12075   -0.471148       3  O          9.51218       245
  -8.97332     3.12075   -0.471148       3  O          9.51218       247
   4.19693    -1.56038   -8.39445        3  O          9.51398       486
   4.19693     1.56038   -8.39445        3  O          9.51398       488
   5.25221    -1.56038    7.78076        2  Ir         9.51634        99
   5.25221     1.56038    7.78076        2  Ir         9.51634       101
  -4.72893    -7.80188   -2.81368        3  O          9.54719       369
  -4.72893     7.80188   -2.81368        3  O          9.54719       379
  -1.14111    -9.36225   -1.69226        2  Ir         9.58215       105
  -1.14111     9.36225   -1.69226        2  Ir         9.58215       117
  -6.98089    -6.2415    -2.05902        3  O          9.58795       457
  -6.98089     6.2415    -2.05902        3  O          9.58795       464
  -9.21939    -1.56038    2.19488        3  O          9.60466       479
  -9.21939     1.56038    2.19488        3  O          9.60466       480
   4.26012    -7.80188   -3.69115        3  O          9.6251        306
   4.26012     7.80188   -3.69115        3  O          9.6251        316
   4.26494     0          8.64734        3  O          9.6419        256
  -6.7655      0         -6.87501        3  O          9.64561       207
  -9.06718    -1.56038   -2.95573        3  O          9.66358       301
  -9.06718     1.56038   -2.95573        3  O          9.66358       303
   5.34124    -7.80188   -2.07315        2  Ir         9.67967        95
   5.34124     7.80188   -2.07315        2  Ir         9.67967       104
  -1.88499    -9.36225    1.76884        3  O          9.71256       494
  -1.88499     9.36225    1.76884        3  O          9.71256       506
   6.71416    -4.68113   -5.23012        3  O          9.71324       276
   6.71416     4.68113   -5.23012        3  O          9.71324       282
  -4.81796    -4.68113    7.04023        3  O          9.73091       372
  -4.81796     4.68113    7.04023        3  O          9.73091       378
  -6.85454    -6.2415     2.9789         3  O          9.73729       204
  -6.85454     6.2415     2.9789         3  O          9.73729       212
  -6.70217    -4.68113    5.35921        3  O          9.77513       265
  -6.70217     4.68113    5.35921        3  O          9.77513       271
   7.46612    -3.12075    5.52069        2  Ir         9.79592       181
   7.46612     3.12075    5.52069        2  Ir         9.79592       185
  -1.96067    -7.80188   -5.64657        3  O          9.82839       407
  -1.96067     7.80188   -5.64657        3  O          9.82839       417
   4.5054     -6.2415    -6.11246        3  O          9.8294        431
   4.5054      6.2415    -6.11246        3  O          9.8294        439
   2.3978     -7.80188   -5.50759        3  O          9.84644       334
   2.3978      7.80188   -5.50759        3  O          9.84644       344
   0.089034    0         -9.85391        3  O          9.85432       533
  -0.089034    0          9.85391        3  O          9.85432       534
   2.15699    -9.36225    2.29958        1  Sr         9.87889         4
   2.15699     9.36225    2.29958        1  Sr         9.87889        15
   0.975025   -7.80188    5.98973        2  Ir         9.88417       154
   0.975025    7.80188    5.98973        2  Ir         9.88417       164
  -7.84278    -4.68113    3.81209        2  Ir         9.89718        53
  -7.84278     4.68113    3.81209        2  Ir         9.89718        59
   6.25737    -3.12075    7.05947        3  O          9.93629       470
   6.25737     3.12075    7.05947        3  O          9.93629       474
   5.57355    -4.68113   -6.77725        2  Ir         9.94528        63
   5.57355     4.68113   -6.77725        2  Ir         9.94528        69
  -7.75374    -1.56038   -6.04183        2  Ir         9.95284        54
  -7.75374     1.56038   -6.04183        2  Ir         9.95284        56
   9.01874     0          4.22507        3  O          9.95936       365
   6.197      -7.80188   -0.262488       3  O          9.967         518
   6.197       7.80188   -0.262488       3  O          9.967         525
  -8.91093     0          4.47687        3  O          9.97231       426
END
