#HD#     0.1569476157E+01     0.2397062547E+02 
    0.1000000000E+00     0.4345738279E-02    -0.2956913314E-04     0.1000000000E+01     0.0000000000E+00     0.1000000000E+01     0.0000000000E+00     0.2087483180E+05 
    0.2000000000E+00     0.8702809181E-02    -0.1178918995E-03     0.1000000000E+01     0.0000000000E+00     0.1000000000E+01     0.0000000000E+00     0.7404446686E+04 
    0.3000000000E+00     0.1305242061E-01    -0.2644273270E-03     0.1000000000E+01     0.0000000000E+00     0.1000000000E+01     0.0000000000E+00     0.4043112913E+04 
    0.4000000000E+00     0.1739358383E-01    -0.4686426917E-03     0.1000000000E+01     0.0000000000E+00     0.1000000000E+01     0.0000000000E+00     0.2634205939E+04 
    0.4937739303E+00     0.2145591928E-01    -0.7120810191E-03     0.1000000000E+01     0.0000000000E+00     0.1000000000E+01     0.0000000000E+00     0.1926177239E+04 
    0.6095974449E+00     0.2646083315E-01    -0.1081500022E-02     0.1000000000E+01     0.0000000000E+00     0.1000000000E+01     0.0000000000E+00     0.1409148018E+04 
    0.7376129083E+00     0.3197468355E-01    -0.1577296623E-02     0.1000000000E+01     0.0000000000E+00     0.1000000000E+01     0.0000000000E+00     0.1062826706E+04 
    0.8778203206E+00     0.3798984996E-01    -0.2224510030E-02     0.1000000000E+01     0.0000000000E+00     0.1000000000E+01     0.0000000000E+00     0.8221101771E+03 
    0.1030219682E+01     0.4449696239E-01    -0.3050016581E-02     0.1000000000E+01     0.0000000000E+00     0.1000000000E+01     0.0000000000E+00     0.6495675164E+03 
    0.1194810992E+01     0.5148465088E-01    -0.4082396632E-02     0.1000000000E+01     0.0000000000E+00     0.1000000000E+01     0.0000000000E+00     0.5226319854E+03 
    0.1371594251E+01     0.5893928393E-01    -0.5351795873E-02     0.1000000000E+01     0.0000000000E+00     0.1000000000E+01     0.0000000000E+00     0.4271445460E+03 
    0.1560569459E+01     0.6684469785E-01    -0.6889782030E-02     0.1000000000E+01     0.0000000000E+00     0.1000000000E+01     0.0000000000E+00     0.3539139219E+03 
    0.1761736616E+01     0.7518191874E-01    -0.8729197826E-02     0.1000000000E+01     0.0000000000E+00     0.1000000000E+01     0.0000000000E+00     0.2967957872E+03 
    0.1975095721E+01     0.8392887860E-01    -0.1090401094E-01     0.1000000000E+01     0.0000000000E+00     0.1000000000E+01     0.0000000000E+00     0.2515760960E+03 
    0.2200646776E+01     0.9306012714E-01    -0.1344916156E-01     0.1000000000E+01     0.0000000000E+00     0.1000000000E+01     0.0000000000E+00     0.2152987641E+03 
    0.2438389779E+01     0.1025465404E+00    -0.1640040813E-01     0.1000000000E+01     0.0000000000E+00     0.1000000000E+01     0.0000000000E+00     0.1858482545E+03 
    0.2688324732E+01     0.1123550270E+00    -0.1979417134E-01     0.1000000000E+01     0.0000000000E+00     0.1000000000E+01     0.0000000000E+00     0.1616832820E+03 
    0.2950451633E+01     0.1224482332E+00    -0.2366737686E-01     0.1000000000E+01     0.0000000000E+00     0.1000000000E+01     0.0000000000E+00     0.1416627608E+03 
    0.3224770483E+01     0.1327842472E+00    -0.2805729649E-01     0.1000000000E+01     0.0000000000E+00     0.1000000000E+01     0.0000000000E+00     0.1249295458E+03 
    0.3511281282E+01     0.1433163020E+00    -0.3300138778E-01     0.1000000000E+01     0.0000000000E+00     0.1000000000E+01     0.0000000000E+00     0.1108312382E+03 
    0.3809984030E+01     0.1539924787E+00    -0.3853713151E-01     0.1000000000E+01     0.0000000000E+00     0.1000000000E+01     0.0000000000E+00     0.9886527308E+02 
    0.4120878727E+01     0.1647554083E+00    -0.4470186678E-01     0.1000000000E+01     0.0000000000E+00     0.1000000000E+01     0.0000000000E+00     0.8864022193E+02 
    0.4443965373E+01     0.1755419728E+00    -0.5153262272E-01     0.1000000000E+01     0.0000000000E+00     0.1000000000E+01     0.0000000000E+00     0.7984811438E+02 
    0.4779243968E+01     0.1862830036E+00    -0.5906594619E-01     0.1000000000E+01     0.0000000000E+00     0.1000000000E+01     0.0000000000E+00     0.7224437073E+02 
    0.5126714511E+01     0.1969029785E+00    -0.6733772424E-01     0.1000000000E+01     0.0000000000E+00     0.1000000000E+01     0.0000000000E+00     0.6563306861E+02 
    0.5486377004E+01     0.2073197134E+00    -0.7638300026E-01     0.1000000000E+01     0.0000000000E+00     0.1000000000E+01     0.0000000000E+00     0.5985599965E+02 
    0.5858231445E+01     0.2174440502E+00    -0.8623578237E-01     0.1000000000E+01     0.0000000000E+00     0.1000000000E+01     0.0000000000E+00     0.5478445337E+02 
    0.6242277835E+01     0.2271795372E+00    -0.9692884273E-01     0.1000000000E+01     0.0000000000E+00     0.1000000000E+01     0.0000000000E+00     0.5031298653E+02 
    0.6638516175E+01     0.2364221022E+00    -0.1084935059E+00     0.1000000000E+01     0.0000000000E+00     0.1000000000E+01     0.0000000000E+00     0.4635465393E+02 
    0.7046946463E+01     0.2450597152E+00    -0.1209594247E+00     0.1000000000E+01     0.0000000000E+00     0.1000000000E+01     0.0000000000E+00     0.4283732576E+02 
    0.7467568700E+01     0.2529720392E+00    -0.1343543418E+00     0.1000000000E+01     0.0000000000E+00     0.1000000000E+01     0.0000000000E+00     0.3970082078E+02 
    0.7900382885E+01     0.2600300678E+00    -0.1487038342E+00     0.1000000000E+01     0.0000000000E+00     0.1000000000E+01     0.0000000000E+00     0.3689465731E+02 
    0.8345389020E+01     0.2660957459E+00    -0.1640310407E+00     0.1000000000E+01     0.0000000000E+00     0.1000000000E+01     0.0000000000E+00     0.3437627623E+02 
    0.8802587104E+01     0.2710215726E+00    -0.1803563672E+00     0.1000000000E+01     0.0000000000E+00     0.1000000000E+01     0.0000000000E+00     0.3210962726E+02 
    0.9271977136E+01     0.2746501831E+00    -0.1976971708E+00     0.1000000000E+01     0.0000000000E+00     0.1000000000E+01     0.0000000000E+00     0.3006403715E+02 
    0.9753559118E+01     0.2768139077E+00    -0.2160674182E+00     0.1000000000E+01     0.0000000000E+00     0.1000000000E+01     0.0000000000E+00     0.2821329796E+02 
    0.1024733305E+02     0.2773343039E+00    -0.2354773183E+00     0.1000000000E+01     0.0000000000E+00     0.1000000000E+01     0.0000000000E+00     0.2653492853E+02 
    0.1075329893E+02     0.2760216610E+00    -0.2559329255E+00     0.1000000000E+01     0.0000000000E+00     0.1000000000E+01     0.0000000000E+00     0.2500957295E+02 
    0.1127145676E+02     0.2726744730E+00    -0.2774357136E+00     0.1000000000E+01     0.0000000000E+00     0.1000000000E+01     0.0000000000E+00     0.2362050815E+02 
    0.1180180653E+02     0.2670788763E+00    -0.2999821176E+00     0.1000000000E+01     0.0000000000E+00     0.1000000000E+01     0.0000000000E+00     0.2235323874E+02 
    0.1234434826E+02     0.2590080515E+00    -0.3235630436E+00     0.1000000000E+01     0.0000000000E+00     0.1000000000E+01     0.0000000000E+00     0.2119516240E+02 
    0.1289908193E+02     0.2482215836E+00    -0.3481633457E+00     0.1000000000E+01     0.0000000000E+00     0.1000000000E+01     0.0000000000E+00     0.2013529196E+02 
    0.1346600756E+02     0.2344647799E+00    -0.3737612704E+00     0.1000000000E+01     0.0000000000E+00     0.1000000000E+01     0.0000000000E+00     0.1916402406E+02 
    0.1404512513E+02     0.2174679401E+00    -0.4003278707E+00     0.1000000000E+01     0.0000000000E+00     0.1000000000E+01     0.0000000000E+00     0.1827294544E+02 
    0.1463643465E+02     0.1969455774E+00    -0.4278263908E+00     0.1000000000E+01     0.0000000000E+00     0.1000000000E+01     0.0000000000E+00     0.1745467054E+02 
    0.1523993612E+02     0.1725955858E+00    -0.4562116264E+00     0.1000000000E+01     0.0000000000E+00     0.1000000000E+01     0.0000000000E+00     0.1670270466E+02 
    0.1585562954E+02     0.1440983507E+00    -0.4854292654E+00     0.1000000000E+01     0.0000000000E+00     0.1000000000E+01     0.0000000000E+00     0.1601132848E+02 
    0.1648351491E+02     0.1111157995E+00    -0.5154152168E+00     0.1000000000E+01     0.0000000000E+00     0.1000000000E+01     0.0000000000E+00     0.1537550023E+02 
    0.1712359223E+02     0.7329038831E-01    -0.5460949369E+00     0.1000000000E+01     0.0000000000E+00     0.1000000000E+01     0.0000000000E+00     0.1479077281E+02 
    0.1777586149E+02     0.3024402068E-01    -0.5773827660E+00     0.1000000000E+01     0.0000000000E+00     0.1000000000E+01     0.0000000000E+00     0.1425322332E+02 
    0.1844032271E+02    -0.1842310418E-01    -0.6091812899E+00     0.1000000000E+01     0.0000000000E+00     0.1000000000E+01     0.0000000000E+00     0.1375939315E+02 
    0.1911697587E+02    -0.7313371879E-01    -0.6413807446E+00     0.1000000000E+01     0.0000000000E+00     0.1000000000E+01     0.0000000000E+00     0.1330623705E+02 
    0.1980582098E+02    -0.1343347937E+00    -0.6738584875E+00     0.1000000000E+01     0.0000000000E+00     0.1000000000E+01     0.0000000000E+00     0.1289107988E+02 
    0.2050685805E+02    -0.2024989267E+00    -0.7064785599E+00     0.1000000000E+01     0.0000000000E+00     0.1000000000E+01     0.0000000000E+00     0.1251157990E+02 
    0.2122008706E+02    -0.2781258193E+00    -0.7390913703E+00     0.1000000000E+01     0.0000000000E+00     0.1000000000E+01     0.0000000000E+00     0.1216569787E+02 
    0.2194550802E+02    -0.3617438449E+00    -0.7715335330E+00     0.1000000000E+01     0.0000000000E+00     0.1000000000E+01     0.0000000000E+00     0.1185167110E+02 
    0.2268312092E+02    -0.4539117114E+00    -0.8036278987E+00     0.1000000000E+01     0.0000000000E+00     0.1000000000E+01     0.0000000000E+00     0.1156799191E+02 
    0.2343292578E+02    -0.5552230568E+00    -0.8351838174E+00     0.1000000000E+01     0.0000000000E+00     0.1000000000E+01     0.0000000000E+00     0.1131339018E+02 
    0.2419492259E+02    -0.6879049110E+00    -0.8665534411E+00     0.1000000000E+01     0.0000000000E+00     0.1000000000E+01     0.0000000000E+00     0.1107970876E+02 
    0.2496911134E+02    -0.8696639626E+00    -0.8980108726E+00     0.1000000000E+01     0.0000000000E+00     0.1000000000E+01     0.0000000000E+00     0.1086129290E+02 
    0.2575549205E+02    -0.1089824345E+01    -0.9288233600E+00     0.1000000000E+01     0.0000000000E+00     0.1000000000E+01     0.0000000000E+00     0.1066506174E+02 
    0.2655406470E+02    -0.1330710157E+01    -0.9581386293E+00     0.1000000000E+01     0.0000000000E+00     0.1000000000E+01     0.0000000000E+00     0.1049781058E+02 
    0.2736482930E+02    -0.1569120476E+01    -0.9851289542E+00     0.1000000000E+01     0.0000000000E+00     0.1000000000E+01     0.0000000000E+00     0.1036489401E+02 
    0.2818778585E+02    -0.1779479360E+01    -0.1363669042E+01     0.1000000000E+01     0.0000000000E+00     0.1000000000E+01     0.0000000000E+00     0.7599466030E+01 
    0.2902293435E+02    -0.1938305727E+01    -0.1807421414E+01     0.1000000000E+01     0.0000000000E+00     0.1000000000E+01     0.0000000000E+00     0.5817987904E+01 
    0.2987027480E+02    -0.2028873955E+01    -0.2163200778E+01     0.1000000000E+01     0.0000000000E+00     0.1000000000E+01     0.0000000000E+00     0.4931560395E+01 
    0.3072980720E+02    -0.2044112612E+01    -0.2448946229E+01     0.1000000000E+01     0.0000000000E+00     0.1000000000E+01     0.0000000000E+00     0.4418371673E+01 
    0.3160153154E+02    -0.1999909422E+01    -0.2682298884E+01     0.1000000000E+01     0.0000000000E+00     0.1000000000E+01     0.0000000000E+00     0.4090802138E+01 
    0.3248544784E+02    -0.1915557356E+01    -0.2880719783E+01     0.1000000000E+01     0.0000000000E+00     0.1000000000E+01     0.0000000000E+00     0.3861935282E+01 
    0.3338155608E+02    -0.1801905652E+01    -0.3055958955E+01     0.1000000000E+01     0.0000000000E+00     0.1000000000E+01     0.0000000000E+00     0.3690348233E+01 
    0.3428985627E+02    -0.1665903859E+01    -0.3215039348E+01     0.1000000000E+01     0.0000000000E+00     0.1000000000E+01     0.0000000000E+00     0.3555151541E+01 
    0.3521034842E+02    -0.1513362141E+01    -0.3362181553E+01     0.1000000000E+01     0.0000000000E+00     0.1000000000E+01     0.0000000000E+00     0.3444891737E+01 
    0.3614303251E+02    -0.1350409136E+01    -0.3499981779E+01     0.1000000000E+01     0.0000000000E+00     0.1000000000E+01     0.0000000000E+00     0.3352803401E+01 
    0.3708790855E+02    -0.1184270986E+01    -0.3630129160E+01     0.1000000000E+01     0.0000000000E+00     0.1000000000E+01     0.0000000000E+00     0.3274580504E+01 
    0.3804497653E+02    -0.1023732404E+01    -0.3753876882E+01     0.1000000000E+01     0.0000000000E+00     0.1000000000E+01     0.0000000000E+00     0.3207230795E+01 
    0.3901423647E+02    -0.8796526382E+00    -0.3872350149E+01     0.1000000000E+01     0.0000000000E+00     0.1000000000E+01     0.0000000000E+00     0.3148462414E+01 
    0.3999568836E+02    -0.7525712227E+00    -0.3984284601E+01     0.1000000000E+01     0.0000000000E+00     0.1000000000E+01     0.0000000000E+00     0.3098259661E+01 
    0.4098933219E+02    -0.6272847044E+00    -0.4089143723E+01     0.1000000000E+01     0.0000000000E+00     0.1000000000E+01     0.0000000000E+00     0.3056079333E+01 
    0.4199516798E+02    -0.5032649967E+00    -0.4187794624E+01     0.1000000000E+01     0.0000000000E+00     0.1000000000E+01     0.0000000000E+00     0.3020479302E+01 
    0.4301319571E+02    -0.3805204683E+00    -0.4280699385E+01     0.1000000000E+01     0.0000000000E+00     0.1000000000E+01     0.0000000000E+00     0.2990526825E+01 
    0.4404341539E+02    -0.2590583433E+00    -0.4368270307E+01     0.1000000000E+01     0.0000000000E+00     0.1000000000E+01     0.0000000000E+00     0.2965463397E+01 
    0.4508582702E+02    -0.1388847150E+00    -0.4450877052E+01     0.1000000000E+01     0.0000000000E+00     0.1000000000E+01     0.0000000000E+00     0.2944665717E+01 
    0.4614043060E+02    -0.2000456342E-01    -0.4528852544E+01     0.1000000000E+01     0.0000000000E+00     0.1000000000E+01     0.0000000000E+00     0.2927616719E+01 
    0.4720722613E+02     0.9757822353E-01    -0.4602497869E+01     0.1000000000E+01     0.0000000000E+00     0.1000000000E+01     0.0000000000E+00     0.2913883758E+01 
    0.4828621361E+02     0.2138608255E+00    -0.4672086369E+01     0.1000000000E+01     0.0000000000E+00     0.1000000000E+01     0.0000000000E+00     0.2903101971E+01 
    0.4937739303E+02     0.3288414622E+00    -0.4737867101E+01     0.1000000000E+01     0.0000000000E+00     0.1000000000E+01     0.0000000000E+00     0.2894961428E+01 
    0.5048076441E+02     0.4425193636E+00    -0.4800067753E+01     0.1000000000E+01     0.0000000000E+00     0.1000000000E+01     0.0000000000E+00     0.2889197108E+01 
    0.5159632773E+02     0.5548947375E+00    -0.4858897130E+01     0.1000000000E+01     0.0000000000E+00     0.1000000000E+01     0.0000000000E+00     0.2885580999E+01 
    0.5272408301E+02     0.6659687358E+00    -0.4914547282E+01     0.1000000000E+01     0.0000000000E+00     0.1000000000E+01     0.0000000000E+00     0.2883915807E+01 
