 # it. E_fermi(eV)  Charge Distance  Partial Chg. D.  Convergence
  0       2.161          0.000         0.0000     0
  1      -7.344         0.2650         6.4255     0
  2      -7.964         0.2375         0.7236     0
  3      -7.952         0.0461         0.4022     0
  4      -7.690         0.0106         0.3006     0
  5      -7.721         0.0025         0.0190     0
  6      -7.743         0.0009         0.0037     0
  7      -7.766         0.0006         0.0034     0
  8      -7.781         0.0010         0.0018     0
  9      -7.781         0.0020         0.0004     0
 10      -7.781         0.0010         0.0064     0
 11      -7.781         0.0014         0.0109     0
 12      -7.781         0.0000         0.0166     0
 13      -7.781         0.0000         0.0004     0
 14      -7.781         0.0003         0.0001     1
