 # it. E_fermi(eV)  Charge Distance  Partial Chg. D.  Convergence
  0       3.489          0.000         0.0000     0
  1      -7.546         0.1710         6.6663     0
  2      -7.859         0.2914         0.4943     0
  3      -7.298         0.0746         0.3191     0
  4      -7.178         0.0222         0.2529     0
  5      -7.241         0.0122         0.0246     0
  6      -7.301         0.0090         0.0132     0
  7      -7.353         0.0016         0.0107     0
  8      -7.350         0.0018         0.0011     0
  9      -7.350         0.0015         0.0066     0
 10      -7.350         0.0028         0.0050     0
 11      -7.350         0.0054         0.0050     0
 12      -7.347         0.0064         0.0031     0
 13      -7.347         0.0098         0.0103     0
 14      -7.345         0.0494         0.0090     0
 15      -7.400         0.0371         0.0223     0
 16      -7.358         0.0051         0.0169     0
 17      -7.354         0.0001         0.0021     0
 18      -7.354         0.0020         0.0001     0
 19      -7.352         0.0034         0.0008     0
 20      -7.352         0.0018         0.0029     0
 21      -7.352         0.0158         0.0020     0
 22      -7.336         0.0196         0.0060     0
 23      -7.336         0.0977         0.0215     0
 24      -7.252         0.1214         0.0211     0
 25      -7.383         0.0244         0.0592     0
 26      -7.355         0.0006         0.0112     0
 27      -7.355         0.0011         0.0014     0
 28      -7.355         0.0001         0.0010     0
 29      -7.355         0.0023         0.0002     0
 30      -7.355         0.0074         0.0020     0
