#  Fermi level (eV):  -7.259
#  Charge transfer :   0.170
#    Electron counts for each orbital momentum:
#       0      0.305
#       1      6.416
#       2      1.033
#       3      0.000
#  Number of atoms in cluster: 121
#  Lorentzian broadening with HWHH     0.1000 eV
# -----------------------------------------------------------------------
#      e        sDOS           pDOS          dDOS          fDOS    @#
   -30.0000  7.998814E-04  7.867808E-03  9.696425E-04  5.266584E-04
   -29.5500  9.645847E-04  1.048358E-02  1.196335E-03  6.340296E-04
   -29.1000  1.518327E-03  1.629900E-02  1.695398E-03  8.670931E-04
   -28.6500  6.040981E-03  4.626096E-02  3.755132E-03  1.836870E-03
   -28.2000  1.435924E-02  1.815150E-01  1.949887E-02  7.154832E-03
   -27.7500  1.023682E-02  1.733019E-01  2.439302E-02  1.122253E-02
   -27.3000  2.197073E-02  4.032385E-01  8.316445E-02  4.787894E-02
   -26.8500  6.155080E-03  6.874188E-02  1.579726E-02  9.145669E-03
   -26.4000  1.427655E-03  4.473746E-02  3.432985E-03  1.924906E-03
   -25.9500  8.600877E-04  5.850483E-02  1.986474E-03  1.079782E-03
   -25.5000  6.822730E-04  9.924099E-02  1.570252E-03  8.324917E-04
   -25.0500  6.388327E-04  2.291364E-01  1.499119E-03  7.774730E-04
   -24.6000  8.348410E-04  1.197515E+00  1.994210E-03  1.019621E-03
   -24.1500  3.552596E-03  5.369534E+00  8.725675E-03  4.520314E-03
   -23.7000  5.031638E-03  3.683927E+00  9.589076E-03  4.248617E-03
   -23.2500  7.126130E-04  3.105313E-01  1.783349E-03  8.517820E-04
   -22.8000  5.183933E-04  1.145496E-01  1.405886E-03  6.706507E-04
   -22.3500  4.745632E-04  6.072753E-02  1.347879E-03  6.331443E-04
   -21.9000  4.640577E-04  3.796927E-02  1.366156E-03  6.304555E-04
   -21.4500  4.684978E-04  2.615840E-02  1.418608E-03  6.416212E-04
   -21.0000  4.834902E-04  1.923825E-02  1.497010E-03  6.632382E-04
   -20.5500  5.084758E-04  1.484052E-02  1.596182E-03  6.887970E-04
   -20.1000  5.461368E-04  1.189881E-02  1.732175E-03  7.325198E-04
   -19.6500  5.988740E-04  9.842720E-03  1.893916E-03  7.736871E-04
   -19.2000  6.720574E-04  8.367928E-03  2.086996E-03  8.062056E-04
   -18.7500  8.185876E-04  7.540710E-03  2.685386E-03  1.182756E-03
   -18.3000  1.284675E-03  8.122241E-03  5.029978E-03  3.043988E-03
   -17.8500 -2.663353E-03 -2.476799E-03 -4.308498E-03 -1.753196E-03
   -17.4000  2.167383E-03  7.237812E-03  6.844767E-03  2.146898E-03
   -16.9500  1.016467E-02  1.746533E-02  3.897252E-02  9.233535E-03
   -16.5000  1.504006E-02  2.921389E-02  4.587670E-02  1.857714E-02
   -16.0500  1.851596E-02  4.097436E-02  6.076307E-02  1.686273E-02
   -15.6000  7.913437E-02  6.120353E-02  6.516858E-02  2.147070E-02
   -15.1500  1.336066E-01  8.841184E-02  1.103380E-01  3.237216E-02
   -14.7000  7.381240E-02  1.152608E-01  1.505737E-01  3.865525E-02
   -14.2500  4.171617E-02  1.375974E-01  1.445006E-01  3.931353E-02
   -13.8000  3.174093E-02  1.233796E-01  1.414804E-01  4.261133E-02
   -13.3500  2.449725E-02  1.006014E-01  1.437707E-01  4.147141E-02
   -12.9000  3.026889E-02  9.580073E-02  1.547312E-01  5.128324E-02
   -12.4500  2.054095E-02  7.288259E-02  1.443002E-01  6.212509E-02
   -12.0000  1.479549E-02  5.826102E-02  9.823220E-02  4.881385E-02
   -11.5500  1.400545E-02  4.604573E-02  8.226050E-02  2.993873E-02
   -11.1000  1.107856E-02  3.955779E-02  7.646754E-02  2.895084E-02
   -10.6500  1.141463E-02  3.618830E-02  8.116804E-02  3.018618E-02
   -10.2000  1.309450E-02  4.231768E-02  1.128230E-01  4.216843E-02
    -9.7500  1.248159E-02  3.313924E-02  9.192078E-02  4.018147E-02
    -9.3000  7.137239E-03  2.265453E-02  6.200274E-02  3.106293E-02
    -8.8500  6.814387E-03  1.574316E-02  5.534947E-02  2.717844E-02
    -8.4000  6.903760E-03  1.892142E-02  6.685448E-02  2.521465E-02
    -7.9500  7.852939E-03  1.956851E-02  8.041975E-02  2.723516E-02
    -7.5000  1.072448E-02  2.167605E-02  9.111404E-02  3.015059E-02
    -7.0500  1.120526E-02  2.569089E-02  1.047315E-01  2.237234E-02
    -6.6000  9.979747E-03  1.891803E-02  8.949181E-02  1.731580E-02
    -6.1500  1.009911E-02  1.609222E-02  9.800658E-02  1.525367E-02
    -5.7000  1.305176E-02  1.851498E-02  1.414378E-01  1.766027E-02
    -5.2500  2.022734E-02  2.488814E-02  2.285226E-01  2.168537E-02
    -4.8000  3.550970E-02  3.433682E-02  3.514477E-01  2.634312E-02
    -4.3500  6.011640E-02  4.408292E-02  4.791113E-01  3.065320E-02
    -3.9000  8.632583E-02  5.480971E-02  6.899271E-01  3.862559E-02
    -3.4500  8.920763E-02  5.964346E-02  9.152283E-01  4.161909E-02
    -3.0000  9.631165E-02  6.672995E-02  1.043492E+00  4.259794E-02
    -2.5500  8.758446E-02  8.167292E-02  1.187623E+00  4.810979E-02
    -2.1000  7.284863E-02  9.310082E-02  1.294275E+00  5.630741E-02
    -1.6500  7.199890E-02  9.458713E-02  1.416105E+00  6.250735E-02
    -1.2000  7.289239E-02  1.000201E-01  1.507852E+00  6.288988E-02
    -0.7500  7.746349E-02  9.746939E-02  1.462950E+00  6.109226E-02
    -0.3000  9.452131E-02  9.210164E-02  1.017701E+00  6.023346E-02
     0.1500  1.110327E-01  9.327202E-02  7.664743E-01  6.448004E-02
     0.6000  1.143616E-01  1.069650E-01  6.624758E-01  7.110575E-02
     1.0500  1.153326E-01  1.152637E-01  5.985849E-01  7.622668E-02
     1.5000  1.164105E-01  1.190638E-01  5.364747E-01  8.569631E-02
     1.9500  1.182388E-01  1.285834E-01  4.685905E-01  1.046716E-01
     2.4000  1.074412E-01  1.505256E-01  4.013756E-01  1.314335E-01
     2.8500  9.208616E-02  1.855622E-01  3.650908E-01  1.572574E-01
     3.3000  8.298794E-02  2.111216E-01  3.391317E-01  1.707165E-01
     3.7500  7.625225E-02  2.195872E-01  3.177185E-01  1.804321E-01
     4.2000  6.418226E-02  2.184735E-01  2.971878E-01  1.870856E-01
     4.6500  5.472118E-02  2.241139E-01  2.770893E-01  1.970250E-01
     5.1000  5.192648E-02  2.311943E-01  2.518377E-01  2.077295E-01
     5.5500  5.238338E-02  2.328027E-01  2.287175E-01  2.206861E-01
     6.0000  5.142546E-02  2.350271E-01  2.082935E-01  2.398488E-01
     6.4500  4.792569E-02  2.401796E-01  1.929296E-01  2.682145E-01
     6.9000  4.279558E-02  2.404242E-01  1.818869E-01  3.028594E-01
     7.3500  3.802611E-02  2.353861E-01  1.758634E-01  3.300881E-01
     7.8000  3.447771E-02  2.245848E-01  1.765269E-01  3.465975E-01
     8.2500  3.283546E-02  2.072247E-01  1.812724E-01  3.573833E-01
     8.7000  3.293699E-02  1.909398E-01  1.877581E-01  3.669623E-01
     9.1500  3.299234E-02  1.772602E-01  1.928069E-01  3.774311E-01
     9.6000  3.156569E-02  1.650032E-01  1.968190E-01  3.881952E-01
    10.0500  2.985511E-02  1.558539E-01  2.016806E-01  4.022568E-01
    10.5000  2.901930E-02  1.491250E-01  2.100399E-01  4.237605E-01
    10.9500  2.884355E-02  1.432532E-01  2.220071E-01  4.500885E-01
    11.4000  2.918671E-02  1.367542E-01  2.325435E-01  4.711792E-01
    11.8500  2.983120E-02  1.301096E-01  2.374874E-01  4.808965E-01
    12.3000  3.002662E-02  1.246295E-01  2.362745E-01  4.810967E-01
    12.7500  2.964689E-02  1.203452E-01  2.319798E-01  4.763242E-01
    13.2000  2.889166E-02  1.169141E-01  2.287156E-01  4.692945E-01
    13.6500  2.787215E-02  1.137980E-01  2.280980E-01  4.610636E-01
    14.1000  2.695501E-02  1.108433E-01  2.297561E-01  4.533656E-01
    14.5500  2.640830E-02  1.084366E-01  2.322299E-01  4.468442E-01
    15.0000  2.628332E-02  1.068470E-01  2.343129E-01  4.410364E-01
