 # it. E_fermi(eV)  Charge Distance  Partial Chg. D.  Convergence
  0       2.270          0.000         0.0000     0
  1      -6.667         0.2199         6.5620     0
  2      -7.251         0.3867         0.4301     0
  3      -7.447         0.1196         0.5040     0
  4      -7.174         0.0191         0.3229     0
  5      -7.140         0.0015         0.0594     0
  6      -7.140         0.0007         0.0320     0
  7      -7.140         0.0078         0.0031     0
  8      -7.140         0.0555         0.0033     0
  9      -7.202         0.0521         0.0565     0
 10      -7.181         0.0112         0.0199     0
 11      -7.181         0.0008         0.0046     0
 12      -7.181         0.0079         0.0030     0
 13      -7.178         0.0263         0.0011     0
 14      -7.178         0.0413         0.0315     0
 15      -7.169         0.1109         0.0252     0
 16      -7.266         0.0563         0.0492     0
 17      -7.223         0.0121         0.0228     0
 18      -7.216         0.0174         0.0046     0
 19      -7.203         0.0045         0.0072     0
 20      -7.203         0.0007         0.0006     0
 21      -7.203         0.0000         0.0006     0
 22      -7.203         0.0005         0.0002     1
