 # it. E_fermi(eV)  Charge Distance  Partial Chg. D.  Convergence
  0       3.520          0.000         0.0000     0
  1      -7.535         0.1768         6.6385     0
  2      -7.867         0.2897         0.5069     0
  3      -7.340         0.0754         0.3297     0
  4      -7.207         0.0203         0.2645     0
  5      -7.271         0.0116         0.0234     0
  6      -7.328         0.0090         0.0125     0
  7      -7.381         0.0016         0.0107     0
  8      -7.378         0.0017         0.0011     0
  9      -7.378         0.0015         0.0071     0
 10      -7.378         0.0031         0.0047     0
 11      -7.378         0.0053         0.0055     0
 12      -7.375         0.0065         0.0028     0
 13      -7.375         0.0119         0.0100     0
 14      -7.371         0.0456         0.0078     0
 15      -7.371         0.1362         0.0481     0
 16      -7.278         0.1563         0.0182     0
 17      -7.440         0.0525         0.0731     0
 18      -7.383         0.0018         0.0231     0
 19      -7.383         0.0005         0.0011     0
 20      -7.383         0.0002         0.0003     0
 21      -7.383         0.0000         0.0001     1
