 # it. E_fermi(eV)  Charge Distance  Partial Chg. D.  Convergence
  0       3.516          0.000         0.0000     0
  1      -6.239         0.1344         7.0188     0
  2      -6.424         0.2245         0.3260     0
  3      -6.026         0.0592         0.2824     0
  4      -6.026         0.0203         0.1518     0
  5      -6.026         0.0037         0.0690     0
  6      -6.026         0.0072         0.0121     0
  7      -6.032         0.0134         0.0029     0
  8      -6.049         0.0002         0.0069     0
  9      -6.051         0.0004         0.0009     0
 10      -6.052         0.0004         0.0002     0
 11      -6.052         0.0007         0.0002     0
 12      -6.053         0.0000         0.0001     1
