ATOMS
  *       x          y           z    ipot  Atom      Distance    Number
**********-  ********-  **********  ******  ******  **********  ********
   0           0          0              0  O          0               0
  -1.17509     0          1.59886        2  Ir         1.98424       179
   5.37214    -1.57296   -8.3156         2  Ir        10.0241        165
   5.37214     1.57296   -8.3156         2  Ir        10.0241        167
  -5.62928    -4.71887    6.82175        2  Ir        10.0246         58
  -5.62928     4.71887    6.82175        2  Ir        10.0246         64
   8.30529    -4.71887    3.11001        3  O         10.0458        503
   8.30529     4.71887    3.11001        3  O         10.0458        509
   8.70922    -4.71887   -1.76524        3  O         10.0615        237
   8.70922     4.71887   -1.76524        3  O         10.0615        242
   2.97281    -9.43774    1.84929        2  Ir        10.0662        209
   2.97281     9.43774    1.84929        2  Ir        10.0662        221
  -5.63693    -7.86479   -2.78691        2  Ir        10.0696         55
  -5.63693     7.86479   -2.78691        2  Ir        10.0696         65
   2.16099    -4.71887   -8.64976        3  O         10.0874        307
   2.16099     4.71887   -8.64976        3  O         10.0874        316
  -0.007646   -3.14592   -9.60866        3  O         10.1106        477
   0.007646   -3.14592    9.60866        3  O         10.1106        479
  -0.007646    3.14592   -9.60866        3  O         10.1106        482
   0.007646    3.14592    9.60866        3  O         10.1106        484
  -6.73703     0          7.55901        3  O         10.1255        546
   6.17273    -3.14592   -7.39092        3  O         10.1304        367
   6.17273     3.14592   -7.39092        3  O         10.1304        371
   8.5424      0          5.49781        3  O         10.1587        597
  -6.89119    -3.14592   -6.80423        3  O         10.1825        356
  -6.89119     3.14592   -6.80423        3  O         10.1825        360
   4.41093     0         -9.19252        3  O         10.196         407
   1.09902    -4.71887    8.98363        2  Ir        10.2069         82
   1.09902     4.71887    8.98363        2  Ir        10.2069         91
   1.79772    -9.43774    3.44816        3  O         10.2075        513
   1.79772     9.43774    3.44816        3  O         10.2075        525
  -6.50757    -7.86479    0.338142       3  O         10.2136        453
  -6.50757     7.86479    0.338142       3  O         10.2136        462
   6.55636    -7.86479   -0.248545       3  O         10.2422        463
   6.55636     7.86479   -0.248545       3  O         10.2422        472
  -2.62086    -9.43774    3.03202        3  O         10.2534        437
  -2.62086     9.43774    3.03202        3  O         10.2534        449
  -1.18274    -6.29183   -8.0098         2  Ir        10.2539        173
  -1.18274     6.29183   -8.0098         2  Ir        10.2539        184
   7.31628    -6.29183    3.79807        2  Ir        10.3702        143
   7.31628     6.29183    3.79807        2  Ir        10.3702        151
 -10.0911      0          2.43598        2  Ir        10.381         207
  -9.01015    -3.14592   -4.10349        1  Sr        10.3884         20
  -9.01015     3.14592   -4.10349        1  Sr        10.3884         24
  -2.1482     -4.71887   -9.01066        3  O         10.3959        378
  -2.1482      4.71887   -9.01066        3  O         10.3959        387
   1.08373    -1.57296  -10.2337         2  Ir        10.4104         83
   1.08373     1.57296  -10.2337         2  Ir        10.4104         86
   2.96517    -6.29183   -7.75937        2  Ir        10.4205        210
   2.96517     6.29183   -7.75937        2  Ir        10.4205        219
   4.41858    -9.43774    0.416139       3  O         10.4292        401
   4.41858     9.43774    0.416139       3  O         10.4292        415
  -4.38266    -9.43774    1.23042        3  O         10.4782        322
  -4.38266     9.43774    1.23042        3  O         10.4782        334
   2.12697    -6.29183    8.16522        3  O         10.5253        249
   2.12697     6.29183    8.16522        3  O         10.5253        260
  -2.25606    -6.29183    8.13833        1  Sr        10.5314          3
  -2.25606     6.29183    8.13833        1  Sr        10.5314         14
  -2.1329     -1.57296   10.2067         3  O         10.5451        383
  -2.1329      1.57296   10.2067         3  O         10.5451        386
  -9.0025      0          5.50517        1  Sr        10.5523         23
  -0.329252   -9.43774   -4.71707        3  O         10.556         286
  -0.329252    9.43774   -4.71707        3  O         10.556         298
  -4.34706    -4.71887    8.4301         3  O         10.5939        225
  -4.34706     4.71887    8.4301         3  O         10.5939        233
  -6.73703    -3.14592    7.55901        3  O         10.603         544
  -6.73703     3.14592    7.55901        3  O         10.603         548
  -0.37856    -7.86479   -7.11941        3  O         10.6153        341
  -0.37856     7.86479   -7.11941        3  O         10.6153        351
   8.5424     -3.14592    5.49781        3  O         10.6346        595
   8.5424      3.14592    5.49781        3  O         10.6346        599
  -0.321606   -9.43774    4.8916         3  O         10.6349        287
  -0.321606    9.43774    4.8916         3  O         10.6349        299
   8.29764    -1.57296   -6.49865        3  O         10.6563        504
   8.29764     1.57296   -6.49865        3  O         10.6563        506
   4.41093    -3.14592   -9.19252        3  O         10.6703        404
   4.41093     3.14592   -9.19252        3  O         10.6703        410
   9.48186    -4.71887    1.5684         2  Ir        10.7067        202
   9.48186     4.71887    1.5684         2  Ir        10.7067        205
  10.4431      0          2.44533        3  O         10.7255        451
  -8.64535    -6.29183    1.00283        3  O         10.7394        396
  -8.64535     6.29183    1.00283        3  O         10.7394        400
   8.68127    -6.29183    0.643727       3  O         10.7409        335
   8.68127     6.29183    0.643727       3  O         10.7409        339
  -0.241829   -7.86479    7.31781        3  O         10.7454        528
  -0.241829    7.86479    7.31781        3  O         10.7454        538
  -5.51092     0          9.25875        2  Ir        10.7747        102
   7.43465    -4.71887    6.23507        2  Ir        10.7897         69
   7.43465     4.71887    6.23507        2  Ir        10.7897         75
  -9.12566    -4.71887    3.43684        3  O         10.8332        417
  -9.12566     4.71887    3.43684        3  O         10.8332        423
 -10.0911     -3.14592    2.43598        2  Ir        10.8472        206
 -10.0911      3.14592    2.43598        2  Ir        10.8472        208
   2.17628    -1.57296   10.5676         3  O         10.9034        312
   2.17628     1.57296   10.5676         3  O         10.9034        315
  -4.76628    -7.86479   -5.91196        3  O         10.9327        489
  -4.76628     7.86479   -5.91196        3  O         10.9327        499
  -5.51856    -9.43774   -0.349912       2  Ir        10.9384         95
  -5.51856     9.43774   -0.349912       2  Ir        10.9384        107
   4.42622     0         10.0248         3  O         10.9585        409
   5.37214    -4.71887   -8.3156         2  Ir        10.9671        163
   5.37214     4.71887   -8.3156         2  Ir        10.9671        169
 -10.9446      0         -0.856753       3  O         10.9781        245
  10.8002      0         -2.05702        1  Sr        10.9944         17
   6.15243    -7.86479    4.62671        3  O         11.0052        275
   6.15243     7.86479    4.62671        3  O         11.0052        285
  -9.0025     -3.14592    5.50517        1  Sr        11.0113         21
  -9.0025      3.14592    5.50517        1  Sr        11.0113         25
  -7.69179    -1.57296   -7.72891        2  Ir        11.017         155
  -7.69179     1.57296   -7.72891        2  Ir        11.017         157
  10.9234     -1.57296    0.011313       3  O         11.0361        393
  10.9234      1.57296    0.011313       3  O         11.0361        394
  -4.52918    -9.43774   -3.52417        3  O         11.0456        580
  -4.52918     9.43774   -3.52417        3  O         11.0456        591
   1.09138   -11.0107    -0.625033       2  Ir        11.0823         77
   1.09138    11.0107    -0.625033       2  Ir        11.0823         94
   3.93062    -7.86479   -6.75851        3  O         11.0897        424
   3.93062     7.86479   -6.75851        3  O         11.0897        434
 -10.8953     -1.57296    1.54559        3  O         11.1162        301
 -10.8953      1.57296    1.54559        3  O         11.1162        302
  -9.1333     -1.57296   -6.17182        3  O         11.1348        418
  -9.1333      1.57296   -6.17182        3  O         11.1348        420
   6.14478    -7.86479   -4.98195        3  O         11.155         274
   6.14478     7.86479   -4.98195        3  O         11.155         284
  -7.68414    -7.86479    1.87975        2  Ir        11.155         152
  -7.68414     7.86479    1.87975        2  Ir        11.155         161
  10.4431     -3.14592    2.44533        3  O         11.1774        450
  10.4431      3.14592    2.44533        3  O         11.1774        452
  -5.51092    -3.14592    9.25875        2  Ir        11.2246         99
  -5.51092     3.14592    9.25875        2  Ir        11.2246        105
  -2.14055   -11.0107     0.598          3  O         11.2328        376
  -2.14055    11.0107     0.598          3  O         11.2328        391
  -0.249476  -11.0107    -2.29086        3  O         11.2493        526
  -0.249476   11.0107    -2.29086        3  O         11.2493        539
   2.11168     0        -11.0521         3  O         11.252         253
   7.30864    -6.29183   -5.81059        2  Ir        11.2591        142
   7.30864     6.29183   -5.81059        2  Ir        11.2591        150
   2.16863   -11.0107     0.958899       3  O         11.2631        304
   2.16863    11.0107     0.958899       3  O         11.2631        321
  -1.16745     0         11.2075         2  Ir        11.2682        180
   4.05378    -9.43774   -4.69018        1  Sr        11.2917         27
   4.05378     9.43774   -4.69018        1  Sr        11.2917         39
  -0.370913  -11.0107     2.48926        3  O         11.2947        340
  -0.370913   11.0107     2.48926        3  O         11.2947        353
  -2.27135     0        -11.079          1  Sr        11.3094          7
   1.08373    -4.71887  -10.2337         2  Ir        11.3213         80
   1.08373     4.71887  -10.2337         2  Ir        11.3213         89
   6.3269     -6.29183    6.97232        3  O         11.3239        554
   6.3269      6.29183    6.97232        3  O         11.3239        562
   7.427      -7.86479   -3.3736         2  Ir        11.3312         67
   7.427       7.86479   -3.3736         2  Ir        11.3312         76
  -6.91914    -7.86479   -4.39526        3  O         11.3599        262
  -6.91914     7.86479   -4.39526        3  O         11.3599        272
  -4.3903     -6.29183   -8.37825        3  O         11.3603        323
  -4.3903      6.29183   -8.37825        3  O         11.3603        332
   8.53475    -6.29183   -4.11085        3  O         11.3723        592
   8.53475     6.29183   -4.11085        3  O         11.3723        600
  -5.52621     0         -9.95857        2  Ir        11.3891        100
   4.06142    -9.43774    4.91849        1  Sr        11.3911         28
   4.06142     9.43774    4.91849        1  Sr        11.3911         40
   4.42622    -3.14592   10.0248         3  O         11.4011        406
   4.42622     3.14592   10.0248         3  O         11.4011        412
   1.79007    -9.43774   -6.16051        3  O         11.4117        512
   1.79007     9.43774   -6.16051        3  O         11.4117        524
  -3.58971    -7.86479   -7.45357        2  Ir        11.4148        189
  -3.58971     7.86479   -7.45357        2  Ir        11.4148        199
 -10.9446     -3.14592   -0.856753       3  O         11.4199        244
 -10.9446      3.14592   -0.856753       3  O         11.4199        246
  10.8002     -3.14592   -2.05702        1  Sr        11.4356         16
  10.8002      3.14592   -2.05702        1  Sr        11.4356         18
  -6.51521    -1.57296   -9.27052        3  O         11.4396        455
  -6.51521     1.57296   -9.27052        3  O         11.4396        458
  -2.1329     -4.71887   10.2067         3  O         11.4452        380
  -2.1329      4.71887   10.2067         3  O         11.4452        389
  -0.007646   -6.29183   -9.60866        3  O         11.4854        474
   0.007646   -6.29183    9.60866        3  O         11.4854        476
  -0.007646    6.29183   -9.60866        3  O         11.4854        485
   0.007646    6.29183    9.60866        3  O         11.4854        487
   6.18038    -9.43774    2.21774        3  O         11.4972        364
   6.18038     9.43774    2.21774        3  O         11.4972        375
   7.55301     0          8.67206        2  Ir        11.5001        112
   6.17273    -6.29183   -7.39092        3  O         11.5028        365
   6.17273     6.29183   -7.39092        3  O         11.5028        373
   0.902683   -9.43774    6.52841        2  Ir        11.5111         42
   0.902683    9.43774    6.52841        2  Ir        11.5111         54
   6.564      -1.57296    9.36012        3  O         11.54          467
   6.564       1.57296    9.36012        3  O         11.54          470
   8.29764    -4.71887   -6.49865        3  O         11.5478        502
   8.29764     4.71887   -6.49865        3  O         11.5478        508
  -6.89119    -6.29183   -6.80423        3  O         11.5487        354
  -6.89119     6.29183   -6.80423        3  O         11.5487        362
 -11.0244     -1.57296   -3.28296        3  O         11.6099        564
 -11.0244      1.57296   -3.28296        3  O         11.6099        565
   6.31925    -9.43774   -2.63634        3  O         11.6599        552
   6.31925     9.43774   -2.63634        3  O         11.6599        563
   2.11168    -3.14592  -11.0521         3  O         11.6835        250
   2.11168     3.14592  -11.0521         3  O         11.6835        256
  -4.37501     0         10.8391         3  O         11.6887        329
  -6.9115     -7.86479    5.2134         3  O         11.6963        263
  -6.9115      7.86479    5.2134         3  O         11.6963        273
  -1.16745    -3.14592   11.2075         2  Ir        11.6991        177
  -1.16745     3.14592   11.2075         2  Ir        11.6991        183
  -9.01015    -6.29183   -4.10349        1  Sr        11.7307         19
  -9.01015     6.29183   -4.10349        1  Sr        11.7307         26
  -2.27135    -3.14592  -11.079          1  Sr        11.7388          4
  -2.27135     3.14592  -11.079          1  Sr        11.7388         10
  -4.36235    -1.57296  -10.7872         3  O         11.7417        226
  -4.36235     1.57296  -10.7872         3  O         11.7417        229
   0.706342  -11.0107     4.07319        2  Ir        11.7612        116
   0.706342   11.0107     4.07319        2  Ir        11.7612        129
   2.17628    -4.71887   10.5676         3  O         11.7761        309
   2.17628     4.71887   10.5676         3  O         11.7761        318
  -3.58206   -11.0107     2.15509        2  Ir        11.7776        188
  -3.58206    11.0107     2.15509        2  Ir        11.7776        201
  -6.74468    -9.43774   -2.04965        3  O         11.7798        540
  -6.74468     9.43774   -2.04965        3  O         11.7798        551
  -2.6285     -9.43774   -6.57665        3  O         11.7997        436
  -2.6285      9.43774   -6.57665        3  O         11.7997        448
  -5.52621    -3.14592   -9.95857        2  Ir        11.8156         97
  -5.52621     3.14592   -9.95857        2  Ir        11.8156        103
   8.71686    -1.57296    7.84342        3  O         11.8312        239
   8.71686     1.57296    7.84342        3  O         11.8312        241
  -5.62928    -7.86479    6.82175        2  Ir        11.8355         56
  -5.62928     7.86479    6.82175        2  Ir        11.8355         66
   2.98046     0         11.458          2  Ir        11.8393        216
   2.03955   -11.0107    -3.86965        3  O         11.8478        566
   2.03955    11.0107    -3.86965        3  O         11.8478        579
   8.30529    -7.86479    3.11001        3  O         11.8535        501
   8.30529     7.86479    3.11001        3  O         11.8535        510
   8.70922    -7.86479   -1.76524        3  O         11.8668        236
   8.70922     7.86479   -1.76524        3  O         11.8668        243
  -7.69179    -4.71887   -7.72891        2  Ir        11.8814        153
  -7.69179     4.71887   -7.72891        2  Ir        11.8814        159
  -5.74764    -9.43774    4.38476        2  Ir        11.8883        130
  -5.74764     9.43774    4.38476        2  Ir        11.8883        141
   2.16099    -7.86479   -8.64976        3  O         11.8888        305
   2.16099     7.86479   -8.64976        3  O         11.8888        319
  10.9234     -4.71887    0.011313       3  O         11.8991        392
  10.9234      4.71887    0.011313       3  O         11.8991        395
  -4.35471   -11.0107    -1.17856        3  O         11.8991        222
  -4.35471    11.0107    -1.17856        3  O         11.8991        235
  -6.73703    -6.29183    7.55901        3  O         11.9211        542
  -6.73703     6.29183    7.55901        3  O         11.9211        550
   7.55301    -3.14592    8.67206        2  Ir        11.9226        110
   7.55301     3.14592    8.67206        2  Ir        11.9226        114
  11.8888      0          1.01218        2  Ir        11.9318        187
   6.54871    -1.57296   -9.85721        3  O         11.9384        465
   6.54871     1.57296   -9.85721        3  O         11.9384        468
   8.5424     -6.29183    5.49781        3  O         11.9493        593
   8.5424      6.29183    5.49781        3  O         11.9493        601
 -11.2662      0          4.03484        3  O         11.9669        511
 -10.8953     -4.71887    1.54559        3  O         11.9735        300
 -10.8953      4.71887    1.54559        3  O         11.9735        303
   4.41093    -6.29183   -9.19252        3  O         11.9811        402
   4.41093     6.29183   -9.19252        3  O         11.9811        413
  -6.49992    -1.57296    9.9468         3  O         11.9859        457
  -6.49992     1.57296    9.9468         3  O         11.9859        460
   1.09902    -7.86479    8.98363        2  Ir        11.9903         79
   1.09902     7.86479    8.98363        2  Ir        11.9903         93
  -9.1333     -4.71887   -6.17182        3  O         11.9907        416
  -9.1333      4.71887   -6.17182        3  O         11.9907        422
   1.09138    -1.57296   -0.625033       2  Ir         2.01394        84
   1.09138     1.57296   -0.625033       2  Ir         2.01394        87
   2.11932     0         -1.44344        3  O          2.56419       254
  -2.2637      0         -1.47033        1  Sr         2.6993          8
  -2.14055    -1.57296    0.598          3  O          2.72282       382
  -2.14055     1.57296    0.598          3  O          2.72282       385
  -0.249476   -1.57296   -2.29086        3  O          2.79006       531
  -0.249476    1.57296   -2.29086        3  O          2.79006       533
   2.16863    -1.57296    0.958899       3  O          2.84546       311
   2.16863     1.57296    0.958899       3  O          2.84546       314
  -0.370913   -1.57296    2.48926        3  O          2.96786       346
  -0.370913    1.57296    2.48926        3  O          2.96786       348
   0          -3.14592    0              3  O          3.14592       478
   0           3.14592    0              3  O          3.14592       483
   0.895037    0         -3.08025        2  Ir         3.20765        47
   2.97281     0          1.84929        2  Ir         3.50107       215
  -1.17509    -3.14592    1.59886        2  Ir         3.71941       176
  -1.17509     3.14592    1.59886        2  Ir         3.71941       182
   1.79772     0          3.44816        3  O          3.88865       519
  -2.62086     0          3.03202        3  O          4.00774       443
   2.11932    -3.14592   -1.44344        3  O          4.05855       251
   2.11932     3.14592   -1.44344        3  O          4.05855       257
  -2.2637     -3.14592   -1.47033        1  Sr         4.14524         5
  -2.2637      3.14592   -1.47033        1  Sr         4.14524        11
   0.706342   -1.57296    4.07319        2  Ir         4.42312       122
   0.706342    1.57296    4.07319        2  Ir         4.42312       124
   4.41858     0          0.416139       3  O          4.43813       408
  -3.58206    -1.57296    2.15509        2  Ir         4.46652       194
  -3.58206     1.57296    2.15509        2  Ir         4.46652       196
   0.895037   -3.14592   -3.08025        2  Ir         4.49286        45
   0.895037    3.14592   -3.08025        2  Ir         4.49286        49
  -4.38266     0          1.23042        3  O          4.5521        328
   2.03955    -1.57296   -3.86965        3  O          4.64846       571
   2.03955     1.57296   -3.86965        3  O          4.64846       573
   2.97281    -3.14592    1.84929        2  Ir         4.70683       213
   2.97281     3.14592    1.84929        2  Ir         4.70683       218
  -0.329252    0         -4.71707        3  O          4.72854       292
  -4.35471    -1.57296   -1.17856        3  O          4.77773       227
  -4.35471     1.57296   -1.17856        3  O          4.77773       230
   1.09138    -4.71887   -0.625033       2  Ir         4.8836         81
   1.09138     4.71887   -0.625033       2  Ir         4.8836         90
  -0.321606    0          4.8916         3  O          4.90216       293
   1.79772    -3.14592    3.44816        3  O          5.00183       517
   1.79772     3.14592    3.44816        3  O          5.00183       521
  -2.62086    -3.14592    3.03202        3  O          5.09498       441
  -2.62086     3.14592    3.03202        3  O          5.09498       445
   3.93827    -1.57296    2.85016        3  O          5.10956       429
   3.93827     1.57296    2.85016        3  O          5.10956       431
  -2.14055    -4.71887    0.598          3  O          5.21606       379
  -2.14055     4.71887    0.598          3  O          5.21606       388
  -0.249476   -4.71887   -2.29086        3  O          5.25148       529
  -0.249476    4.71887   -2.29086        3  O          5.25148       535
   2.16863    -4.71887    0.958899       3  O          5.28112       308
   2.16863     4.71887    0.958899       3  O          5.28112       317
  -0.370913   -4.71887    2.48926        3  O          5.34806       344
  -0.370913    4.71887    2.48926        3  O          5.34806       350
   4.41858    -3.14592    0.416139       3  O          5.44002       405
   4.41858     3.14592    0.416139       3  O          5.44002       411
  -5.51856     0         -0.349912       2  Ir         5.52965       101
  -4.38266    -3.14592    1.23042        3  O          5.53339       326
  -4.38266     3.14592    1.23042        3  O          5.53339       331
  -0.329252   -3.14592   -4.71707        3  O          5.67943       290
  -0.329252    3.14592   -4.71707        3  O          5.67943       294
  -4.52918     0         -3.52417        3  O          5.73874       585
   5.37978    -1.57296    1.29306        2  Ir         5.75224       166
   5.37978     1.57296    1.29306        2  Ir         5.75224       168
   0.698696   -1.57296   -5.53547        2  Ir         5.79688       121
   0.698696    1.57296   -5.53547        2  Ir         5.79688       123
  -0.321606   -3.14592    4.8916         3  O          5.82477       291
  -0.321606    3.14592    4.8916         3  O          5.82477       295
   4.05378     0         -4.69018        1  Sr         6.19926        33
  -4.75864    -1.57296    3.6967         3  O          6.22771       494
  -4.75864     1.57296    3.6967         3  O          6.22771       496
   0.706342   -4.71887    4.07319        2  Ir         6.27356       120
   0.706342    4.71887    4.07319        2  Ir         6.27356       126
   0          -6.29183    0              3  O          6.29183       475
   0           6.29183    0              3  O          6.29183       486
   2.0472     -1.57296    5.73901        3  O          6.29297       572
   2.0472      1.57296    5.73901        3  O          6.29297       574
  -3.58206    -4.71887    2.15509        2  Ir         6.30423       192
  -3.58206     4.71887    2.15509        2  Ir         6.30423       198
  -5.51856    -3.14592   -0.349912       2  Ir         6.3619         98
  -5.51856     3.14592   -0.349912       2  Ir         6.3619        104
   4.06142     0          4.91849        1  Sr         6.37861        34
   1.79007     0         -6.16051        3  O          6.41531       518
   2.03955    -4.71887   -3.86965        3  O          6.43442       569
   2.03955     4.71887   -3.86965        3  O          6.43442       575
  -5.63693    -1.57296   -2.78691        2  Ir         6.48197        59
  -5.63693     1.57296   -2.78691        2  Ir         6.48197        61
  -4.35471    -4.71887   -1.17856        3  O          6.52842       224
  -4.35471     4.71887   -1.17856        3  O          6.52842       232
  -4.52918    -3.14592   -3.52417        3  O          6.54446       583
  -4.52918     3.14592   -3.52417        3  O          6.54446       587
   6.18038     0          2.21774        3  O          6.56623       370
   0.902683    0          6.52841        2  Ir         6.59052        48
  -1.17509    -6.29183    1.59886        2  Ir         6.5973        174
  -1.17509     6.29183    1.59886        2  Ir         6.5973        185
  -6.50757    -1.57296    0.338142       3  O          6.7035        456
  -6.50757     1.57296    0.338142       3  O          6.7035        459
   6.55636    -1.57296   -0.248545       3  O          6.74698       466
   6.55636     1.57296   -0.248545       3  O          6.74698       469
   3.93827    -4.71887    2.85016        3  O          6.77504       427
   3.93827     4.71887    2.85016        3  O          6.77504       433
   2.11932    -6.29183   -1.44344        3  O          6.79427       248
   2.11932     6.29183   -1.44344        3  O          6.79427       259
  -2.2637     -6.29183   -1.47033        1  Sr         6.84641         2
  -2.2637      6.29183   -1.47033        1  Sr         6.84641        13
   6.31925     0         -2.63634        3  O          6.84713       557
   4.05378    -3.14592   -4.69018        1  Sr         6.95181        31
   4.05378     3.14592   -4.69018        1  Sr         6.95181        35
  -6.74468     0         -2.04965        3  O          7.04924       545
   0.895037   -6.29183   -3.08025        2  Ir         7.06231        43
   0.895037    6.29183   -3.08025        2  Ir         7.06231        51
  -2.6285      0         -6.57665        3  O          7.08246       442
   4.06142    -3.14592    4.91849        1  Sr         7.11221        32
   4.06142     3.14592    4.91849        1  Sr         7.11221        36
   1.79007    -3.14592   -6.16051        3  O          7.14514       516
   1.79007     3.14592   -6.16051        3  O          7.14514       520
   2.97281    -6.29183    1.84929        2  Ir         7.20032       211
   2.97281     6.29183    1.84929        2  Ir         7.20032       220
  -5.74764     0          4.38476        2  Ir         7.22921       136
   5.37978    -4.71887    1.29306        2  Ir         7.27199       164
   5.37978     4.71887    1.29306        2  Ir         7.27199       170
   6.18038    -3.14592    2.21774        3  O          7.28095       368
   6.18038     3.14592    2.21774        3  O          7.28095       372
  -0.37856    -1.57296   -7.11941        3  O          7.30092       345
  -0.37856     1.57296   -7.11941        3  O          7.30092       347
   0.902683   -3.14592    6.52841        2  Ir         7.30286        46
   0.902683    3.14592    6.52841        2  Ir         7.30286        50
   0.698696   -4.71887   -5.53547        2  Ir         7.30735       119
   0.698696    4.71887   -5.53547        2  Ir         7.30735       125
   1.79772    -6.29183    3.44816        3  O          7.39653       515
   1.79772     6.29183    3.44816        3  O          7.39653       523
  -6.88355     0          2.80443        3  O          7.4329        359
  -2.62086    -6.29183    3.03202        3  O          7.45983       439
  -2.62086     6.29183    3.03202        3  O          7.45983       447
  -0.241829   -1.57296    7.31781        3  O          7.48886       532
  -0.241829    1.57296    7.31781        3  O          7.48886       534
   6.31925    -3.14592   -2.63634        3  O          7.53525       555
   6.31925     3.14592   -2.63634        3  O          7.53525       559
  -4.52153     0          6.0845         3  O          7.58059       586
   7.54536     0         -0.9366         2  Ir         7.60327       111
  -4.75864    -4.71887    3.6967         3  O          7.65363       492
  -4.75864     4.71887    3.6967         3  O          7.65363       498
   4.41858    -6.29183    0.416139       3  O          7.69962       403
   4.41858     6.29183    0.416139       3  O          7.69962       414
   2.0472     -4.71887    5.73901        3  O          7.70682       570
   2.0472      4.71887    5.73901        3  O          7.70682       576
  -6.74468    -3.14592   -2.04965        3  O          7.71936       543
  -6.74468     3.14592   -2.04965        3  O          7.71936       547
  -2.6285     -3.14592   -6.57665        3  O          7.74972       440
  -2.6285      3.14592   -6.57665        3  O          7.74972       444
  -4.76628    -1.57296   -5.91196        3  O          7.75519       493
  -4.76628     1.57296   -5.91196        3  O          7.75519       495
  -4.38266    -6.29183    1.23042        3  O          7.76587       324
  -4.38266     6.29183    1.23042        3  O          7.76587       333
  -5.75529     0         -5.22391        2  Ir         7.77255       135
   6.15243    -1.57296    4.62671        3  O          7.85704       279
   6.15243     1.57296    4.62671        3  O          7.85704       281
  -5.63693    -4.71887   -2.78691        2  Ir         7.86191        57
  -5.63693     4.71887   -2.78691        2  Ir         7.86191        63
  -0.329252   -6.29183   -4.71707        3  O          7.87059       288
  -0.329252    6.29183   -4.71707        3  O          7.87059       296
  -5.74764    -3.14592    4.38476        2  Ir         7.88405       134
  -5.74764     3.14592    4.38476        2  Ir         7.88405       138
   1.09138    -7.86479   -0.625033       2  Ir         7.96471        78
   1.09138     7.86479   -0.625033       2  Ir         7.96471        92
   3.93062    -1.57296   -6.75851        3  O          7.97505       428
   3.93062     1.57296   -6.75851        3  O          7.97505       430
  -0.321606   -6.29183    4.8916         3  O          7.97611       289
  -0.321606    6.29183    4.8916         3  O          7.97611       297
  -6.50757    -4.71887    0.338142       3  O          8.04553       454
  -6.50757     4.71887    0.338142       3  O          8.04553       461
   6.14478    -1.57296   -4.98195        3  O          8.0655        278
   6.14478     1.57296   -4.98195        3  O          8.0655        280
  -7.68414    -1.57296    1.87975        2  Ir         8.06559       156
  -7.68414     1.57296    1.87975        2  Ir         8.06559       158
  -6.88355    -3.14592    2.80443        3  O          8.07124       357
  -6.88355     3.14592    2.80443        3  O          8.07124       361
   6.55636    -4.71887   -0.248545       3  O          8.08179       464
   6.55636     4.71887   -0.248545       3  O          8.08179       471
  -1.18274     0         -8.0098         2  Ir         8.09665       178
  -2.14055    -7.86479    0.598          3  O          8.17279       377
  -2.14055     7.86479    0.598          3  O          8.17279       390
  -0.249476   -7.86479   -2.29086        3  O          8.19543       527
  -0.249476    7.86479   -2.29086        3  O          8.19543       537
  -4.52153    -3.14592    6.0845         3  O          8.20744       584
  -4.52153     3.14592    6.0845         3  O          8.20744       588
   2.16863    -7.86479    0.958899       3  O          8.21446       306
   2.16863     7.86479    0.958899       3  O          8.21446       320
   7.54536    -3.14592   -0.9366         2  Ir         8.2284        109
   7.54536     3.14592   -0.9366         2  Ir         8.2284        113
   7.31628     0          3.79807        2  Ir         8.24338       147
  -0.370913   -7.86479    2.48926        3  O          8.25765       342
  -0.370913    7.86479    2.48926        3  O          8.25765       352
   2.96517     0         -7.75937        2  Ir         8.30663       214
   7.427      -1.57296   -3.3736         2  Ir         8.30757        70
   7.427       1.57296   -3.3736         2  Ir         8.30757        72
  -6.91914    -1.57296   -4.39526        3  O          8.34668       266
  -6.91914     1.57296   -4.39526        3  O          8.34668       268
  -5.51856    -6.29183   -0.349912       2  Ir         8.3764         96
  -5.51856     6.29183   -0.349912       2  Ir         8.3764        106
  -5.75529    -3.14592   -5.22391        2  Ir         8.38507       133
  -5.75529     3.14592   -5.22391        2  Ir         8.38507       137
  -3.58971    -1.57296   -7.45357        2  Ir         8.42116       193
  -3.58971     1.57296   -7.45357        2  Ir         8.42116       195
   2.12697     0          8.16522        3  O          8.4377        255
  -2.25606     0          8.13833        1  Sr         8.44525         9
  -4.52918    -6.29183   -3.52417        3  O          8.51589       581
  -4.52918     6.29183   -3.52417        3  O          8.51589       589
  -0.37856    -4.71887   -7.11941        3  O          8.54968       343
  -0.37856     4.71887   -7.11941        3  O          8.54968       349
  -1.18274    -3.14592   -8.0098         2  Ir         8.68634       175
  -1.18274     3.14592   -8.0098         2  Ir         8.68634       181
  -8.64535     0          1.00283        3  O          8.70332       398
   8.68127     0          0.643727       3  O          8.7051        337
  -0.241829   -4.71887    7.31781        3  O          8.71071       530
  -0.241829    4.71887    7.31781        3  O          8.71071       536
  -6.9115     -1.57296    5.2134         3  O          8.79901       267
  -6.9115      1.57296    5.2134         3  O          8.79901       269
   7.31628    -3.14592    3.79807        2  Ir         8.82327       145
   7.31628     3.14592    3.79807        2  Ir         8.82327       149
   4.05378    -6.29183   -4.69018        1  Sr         8.83278        29
   4.05378     6.29183   -4.69018        1  Sr         8.83278        37
   2.96517    -3.14592   -7.75937        2  Ir         8.88239       212
   2.96517     3.14592   -7.75937        2  Ir         8.88239       217
   0.706342   -7.86479    4.07319        2  Ir         8.88508       118
   0.706342    7.86479    4.07319        2  Ir         8.88508       128
  -3.58206    -7.86479    2.15509        2  Ir         8.90677       190
  -3.58206     7.86479    2.15509        2  Ir         8.90677       200
  -4.76628    -4.71887   -5.91196        3  O          8.94072       491
  -4.76628     4.71887   -5.91196        3  O          8.94072       497
   4.06142    -6.29183    4.91849        1  Sr         8.95956        30
   4.06142     6.29183    4.91849        1  Sr         8.95956        38
  -5.62928    -1.57296    6.82175        2  Ir         8.98328        60
  -5.62928     1.57296    6.82175        2  Ir         8.98328        62
   1.79007    -6.29183   -6.16051        3  O          8.98573       514
   1.79007     6.29183   -6.16051        3  O          8.98573       522
   2.03955    -7.86479   -3.86965        3  O          8.99938       567
   2.03955     7.86479   -3.86965        3  O          8.99938       577
   2.12697    -3.14592    8.16522        3  O          9.00509       252
   2.12697     3.14592    8.16522        3  O          9.00509       258
   8.30529    -1.57296    3.11001        3  O          9.0069        505
   8.30529     1.57296    3.11001        3  O          9.0069        507
  -2.25606    -3.14592    8.13833        1  Sr         9.01216         6
  -2.25606     3.14592    8.13833        1  Sr         9.01216        12
   8.70922    -1.57296   -1.76524        3  O          9.02445       238
   8.70922     1.57296   -1.76524        3  O          9.02445       240
   6.15243    -4.71887    4.62671        3  O          9.02921       277
   6.15243     4.71887    4.62671        3  O          9.02921       283
   2.16099    -1.57296   -8.64976        3  O          9.05331       310
   2.16099     1.57296   -8.64976        3  O          9.05331       313
  -4.35471    -7.86479   -1.17856        3  O          9.06683       223
  -4.35471     7.86479   -1.17856        3  O          9.06683       234
   6.18038    -6.29183    2.21774        3  O          9.09409       366
   6.18038     6.29183    2.21774        3  O          9.09409       374
   0.902683   -6.29183    6.52841        2  Ir         9.11164        44
   0.902683    6.29183    6.52841        2  Ir         9.11164        52
   3.93062    -4.71887   -6.75851        3  O          9.13209       426
   3.93062     4.71887   -6.75851        3  O          9.13209       432
   1.09902    -1.57296    8.98363        2  Ir         9.18628        85
   1.09902     1.57296    8.98363        2  Ir         9.18628        88
   6.14478    -4.71887   -4.98195        3  O          9.21118       276
   6.14478     4.71887   -4.98195        3  O          9.21118       282
  -7.68414    -4.71887    1.87975        2  Ir         9.21126       154
  -7.68414     4.71887    1.87975        2  Ir         9.21126       160
   3.93827    -7.86479    2.85016        3  O          9.24598       425
   3.93827     7.86479    2.85016        3  O          9.24598       435
  -8.64535    -3.14592    1.00283        3  O          9.25443       397
  -8.64535     3.14592    1.00283        3  O          9.25443       399
   8.68127    -3.14592    0.643727       3  O          9.25611       336
   8.68127     3.14592    0.643727       3  O          9.25611       338
   6.31925    -6.29183   -2.63634        3  O          9.29894       553
   6.31925     6.29183   -2.63634        3  O          9.29894       561
   7.30864     0         -5.81059        2  Ir         9.33698       146
  -2.1482     -1.57296   -9.01066        3  O          9.3958        381
  -2.1482      1.57296   -9.01066        3  O          9.3958        384
   6.3269      0          6.97232        3  O          9.41503       558
   7.427      -4.71887   -3.3736         2  Ir         9.42386        68
   7.427       4.71887   -3.3736         2  Ir         9.42386        74
   0          -9.43774    0              3  O          9.43774       473
   0           9.43774    0              3  O          9.43774       488
  -6.74468    -6.29183   -2.04965        3  O          9.44875       541
  -6.74468     6.29183   -2.04965        3  O          9.44875       549
  -6.91914    -4.71887   -4.39526        3  O          9.45836       264
  -6.91914     4.71887   -4.39526        3  O          9.45836       270
  -4.3903      0         -8.37825        3  O          9.45885       327
   8.53475     0         -4.11085        3  O          9.47318       596
  -2.6285     -6.29183   -6.57665        3  O          9.47356       438
  -2.6285      6.29183   -6.57665        3  O          9.47356       446
  -3.58971    -4.71887   -7.45357        2  Ir         9.52415       191
  -3.58971     4.71887   -7.45357        2  Ir         9.52415       197
  -5.74764    -6.29183    4.38476        2  Ir         9.58377       132
  -5.74764     6.29183    4.38476        2  Ir         9.58377       140
  -0.007646    0         -9.60866        3  O          9.60867       480
   0.007646    0          9.60866        3  O          9.60867       481
  -4.34706    -1.57296    8.4301         3  O          9.61446       228
  -4.34706     1.57296    8.4301         3  O          9.61446       231
   5.37978    -7.86479    1.29306        2  Ir         9.61608       162
   5.37978     7.86479    1.29306        2  Ir         9.61608       171
   6.17273     0         -7.39092        3  O          9.62955       369
   0.698696   -7.86479   -5.53547        2  Ir         9.64285       117
   0.698696    7.86479   -5.53547        2  Ir         9.64285       127
  -1.17509    -9.43774    1.59886        2  Ir         9.64408       172
  -1.17509     9.43774    1.59886        2  Ir         9.64408       186
  -6.89119     0         -6.80423        3  O          9.68433       358
  -6.88355    -6.29183    2.80443        3  O          9.73834       355
  -6.88355     6.29183    2.80443        3  O          9.73834       363
   9.48186    -1.57296    1.5684         2  Ir         9.73857       203
   9.48186     1.57296    1.5684         2  Ir         9.73857       204
   2.11932    -9.43774   -1.44344        3  O          9.77988       247
   2.11932     9.43774   -1.44344        3  O          9.77988       261
  -2.2637     -9.43774   -1.47033        1  Sr         9.81617         1
  -2.2637      9.43774   -1.47033        1  Sr         9.81617        15
   7.43465    -1.57296    6.23507        2  Ir         9.82976        71
   7.43465     1.57296    6.23507        2  Ir         9.82976        73
  -4.52153    -6.29183    6.0845         3  O          9.85152       582
  -4.52153     6.29183    6.0845         3  O          9.85152       590
   7.30864    -3.14592   -5.81059        2  Ir         9.85271       144
   7.30864     3.14592   -5.81059        2  Ir         9.85271       148
  -6.9115     -4.71887    5.2134         3  O          9.85982       265
  -6.9115      4.71887    5.2134         3  O          9.85982       271
   7.54536    -6.29183   -0.9366         2  Ir         9.86898       108
   7.54536     6.29183   -0.9366         2  Ir         9.86898       115
  -9.12566    -1.57296    3.43684        3  O          9.87743       419
  -9.12566     1.57296    3.43684        3  O          9.87743       421
  -9.01015     0         -4.10349        1  Sr         9.90057        22
  -4.75864    -7.86479    3.6967         3  O          9.90783       490
  -4.75864     7.86479    3.6967         3  O          9.90783       500
   6.3269     -3.14592    6.97232        3  O          9.92671       556
   6.3269      3.14592    6.97232        3  O          9.92671       560
   2.0472     -7.86479    5.73901        3  O          9.94898       568
   2.0472      7.86479    5.73901        3  O          9.94898       578
   0.895037   -9.43774   -3.08025        2  Ir         9.96795        41
   0.895037    9.43774   -3.08025        2  Ir         9.96795        53
  -4.3903     -3.14592   -8.37825        3  O          9.96828       325
  -4.3903      3.14592   -8.37825        3  O          9.96828       330
   8.53475    -3.14592   -4.11085        3  O          9.98188       594
   8.53475     3.14592   -4.11085        3  O          9.98188       598
  -5.75529    -6.29183   -5.22391        2  Ir         9.99998       131
  -5.75529     6.29183   -5.22391        2  Ir         9.99998       139
END
