 # r       w_scrn(r)      v_ch(r)
    0.1507330463E-03    0.5753093729E+01    0.7654760892E+01
    0.1584612949E-03    0.5753093626E+01    0.7654760786E+01
    0.1665857792E-03    0.5753093413E+01    0.7654760570E+01
    0.1751268148E-03    0.5753093084E+01    0.7654760235E+01
    0.1841057586E-03    0.5753092631E+01    0.7654759774E+01
    0.1935450626E-03    0.5753092047E+01    0.7654759179E+01
    0.2034683302E-03    0.5753091320E+01    0.7654758440E+01
    0.2139003746E-03    0.5753090440E+01    0.7654757544E+01
    0.2248672813E-03    0.5753089395E+01    0.7654756481E+01
    0.2363964733E-03    0.5753088172E+01    0.7654755236E+01
    0.2485167797E-03    0.5753086754E+01    0.7654753793E+01
    0.2612585075E-03    0.5753085124E+01    0.7654752135E+01
    0.2746535176E-03    0.5753083265E+01    0.7654750242E+01
    0.2887353046E-03    0.5753081153E+01    0.7654748093E+01
    0.3035390802E-03    0.5753078766E+01    0.7654745664E+01
    0.3191018616E-03    0.5753076078E+01    0.7654742928E+01
    0.3354625639E-03    0.5753073059E+01    0.7654739855E+01
    0.3526620974E-03    0.5753069677E+01    0.7654736414E+01
    0.3707434697E-03    0.5753065897E+01    0.7654732567E+01
    0.3897518939E-03    0.5753061679E+01    0.7654728274E+01
    0.4097349008E-03    0.5753056979E+01    0.7654723491E+01
    0.4307424584E-03    0.5753051749E+01    0.7654718168E+01
    0.4528270965E-03    0.5753045935E+01    0.7654712251E+01
    0.4760440382E-03    0.5753039478E+01    0.7654705680E+01
    0.5004513380E-03    0.5753032313E+01    0.7654698388E+01
    0.5261100268E-03    0.5753024366E+01    0.7654690301E+01
    0.5530842647E-03    0.5753015559E+01    0.7654681337E+01
    0.5814415013E-03    0.5753005801E+01    0.7654671407E+01
    0.6112526445E-03    0.5752994997E+01    0.7654660412E+01
    0.6425922378E-03    0.5752983037E+01    0.7654648240E+01
    0.6755386463E-03    0.5752969802E+01    0.7654634771E+01
    0.7101742534E-03    0.5752955161E+01    0.7654619871E+01
    0.7465856660E-03    0.5752938968E+01    0.7654603391E+01
    0.7848639316E-03    0.5752921062E+01    0.7654585168E+01
    0.8251047659E-03    0.5752901265E+01    0.7654565021E+01
    0.8674087919E-03    0.5752879382E+01    0.7654542750E+01
    0.9118817916E-03    0.5752855197E+01    0.7654518137E+01
    0.9586349708E-03    0.5752828470E+01    0.7654490937E+01
    0.1007785237E-02    0.5752798938E+01    0.7654460882E+01
    0.1059455491E-02    0.5752766309E+01    0.7654427676E+01
    0.1113774935E-02    0.5752730264E+01    0.7654390992E+01
    0.1170879397E-02    0.5752690447E+01    0.7654350470E+01
    0.1230911668E-02    0.5752646467E+01    0.7654305712E+01
    0.1294021859E-02    0.5752597893E+01    0.7654256278E+01
    0.1360367778E-02    0.5752544250E+01    0.7654201685E+01
    0.1430115326E-02    0.5752485012E+01    0.7654141399E+01
    0.1503438906E-02    0.5752419600E+01    0.7654074829E+01
    0.1580521867E-02    0.5752347375E+01    0.7654001326E+01
    0.1661556956E-02    0.5752267634E+01    0.7653920173E+01
    0.1746746803E-02    0.5752179600E+01    0.7653830581E+01
    0.1836304427E-02    0.5752082416E+01    0.7653731677E+01
    0.1930453768E-02    0.5751975139E+01    0.7653622501E+01
    0.2029430249E-02    0.5751856729E+01    0.7653501995E+01
    0.2133481363E-02    0.5751726039E+01    0.7653368991E+01
    0.2242867292E-02    0.5751581806E+01    0.7653222205E+01
    0.2357861557E-02    0.5751422638E+01    0.7653060219E+01
    0.2478751704E-02    0.5751247000E+01    0.7652881473E+01
    0.2605840021E-02    0.5751053206E+01    0.7652684248E+01
    0.2739444296E-02    0.5750839393E+01    0.7652466651E+01
    0.2879898609E-02    0.5750603515E+01    0.7652226597E+01
    0.3027554168E-02    0.5750343317E+01    0.7651961793E+01
    0.3182780189E-02    0.5750056316E+01    0.7651669713E+01
    0.3345964819E-02    0.5749739784E+01    0.7651347578E+01
    0.3517516104E-02    0.5749390715E+01    0.7650992330E+01
    0.3697863011E-02    0.5749005805E+01    0.7650600607E+01
    0.3887456502E-02    0.5748581420E+01    0.7650168710E+01
    0.4086770659E-02    0.5748113565E+01    0.7649692575E+01
    0.4296303871E-02    0.5747597850E+01    0.7649167731E+01
    0.4516580081E-02    0.5747029449E+01    0.7648589269E+01
    0.4748150094E-02    0.5746403062E+01    0.7647951796E+01
    0.4991592955E-02    0.5745712870E+01    0.7647249389E+01
    0.5247517398E-02    0.5744952484E+01    0.7646475545E+01
    0.5516563369E-02    0.5744114893E+01    0.7645623129E+01
    0.5799403621E-02    0.5743192403E+01    0.7644684313E+01
    0.6096745403E-02    0.5742176583E+01    0.7643650515E+01
    0.6409332224E-02    0.5741058185E+01    0.7642512324E+01
    0.6737945714E-02    0.5739827081E+01    0.7641259433E+01
    0.7083407578E-02    0.5738472174E+01    0.7639880549E+01
    0.7446581651E-02    0.5736981322E+01    0.7638363314E+01
    0.7828376056E-02    0.5735341234E+01    0.7636694203E+01
    0.8229745479E-02    0.5733537380E+01    0.7634858430E+01
    0.8651693553E-02    0.5731553876E+01    0.7632839829E+01
    0.9095275367E-02    0.5729373374E+01    0.7630620744E+01
    0.9561600107E-02    0.5726976933E+01    0.7628181902E+01
    0.1005183383E-01    0.5724343891E+01    0.7625502275E+01
    0.1056720237E-01    0.5721451720E+01    0.7622558937E+01
    0.1110899442E-01    0.5718275881E+01    0.7619326914E+01
    0.1167856474E-01    0.5714789656E+01    0.7615779019E+01
    0.1227733756E-01    0.5710963989E+01    0.7611885680E+01
    0.1290681012E-01    0.5706767295E+01    0.7607614757E+01
    0.1356855642E-01    0.5702165287E+01    0.7602931354E+01
    0.1426423119E-01    0.5697120760E+01    0.7597797616E+01
    0.1499557396E-01    0.5691593410E+01    0.7592172519E+01
    0.1576441348E-01    0.5685539589E+01    0.7586011655E+01
    0.1657267224E-01    0.5678912120E+01    0.7579267006E+01
    0.1742237132E-01    0.5671660031E+01    0.7571886710E+01
    0.1831563540E-01    0.5663728362E+01    0.7563814830E+01
    0.1925469810E-01    0.5655057892E+01    0.7554991111E+01
    0.2024190758E-01    0.5645584941E+01    0.7545350741E+01
    0.2127973238E-01    0.5635241096E+01    0.7534824115E+01
    0.2237076759E-01    0.5623953027E+01    0.7523336597E+01
    0.2351774137E-01    0.5611642212E+01    0.7510808300E+01
    0.2472352175E-01    0.5598224791E+01    0.7497153872E+01
    0.2599112382E-01    0.5583611307E+01    0.7482282299E+01
    0.2732371724E-01    0.5567706610E+01    0.7466096740E+01
    0.2872463418E-01    0.5550409641E+01    0.7448494377E+01
    0.3019737766E-01    0.5531613413E+01    0.7429366319E+01
    0.3174563032E-01    0.5511204860E+01    0.7408597533E+01
    0.3337326359E-01    0.5489064931E+01    0.7386066845E+01
    0.3508434741E-01    0.5465068537E+01    0.7361646988E+01
    0.3688316037E-01    0.5439084797E+01    0.7335204737E+01
    0.3877420044E-01    0.5410977120E+01    0.7306601114E+01
    0.4076219620E-01    0.5380603645E+01    0.7275691705E+01
    0.4285211869E-01    0.5347817515E+01    0.7242327065E+01
    0.4504919380E-01    0.5312467546E+01    0.7206353261E+01
    0.4735891536E-01    0.5274398748E+01    0.7167612535E+01
    0.4978705887E-01    0.5233453272E+01    0.7125944116E+01
    0.5233969597E-01    0.5189471227E+01    0.7081185186E+01
    0.5502320956E-01    0.5142291949E+01    0.7033172016E+01
    0.5784430984E-01    0.5091755169E+01    0.6981741274E+01
    0.6081005103E-01    0.5037702619E+01    0.6926731515E+01
    0.6392784901E-01    0.4979979613E+01    0.6867984862E+01
    0.6720549992E-01    0.4918436975E+01    0.6805348874E+01
    0.7065119958E-01    0.4852933086E+01    0.6738678599E+01
    0.7427356405E-01    0.4783336074E+01    0.6667838802E+01
    0.7808165111E-01    0.4709526362E+01    0.6592706365E+01
    0.8208498297E-01    0.4631399010E+01    0.6513172828E+01
    0.8629357004E-01    0.4548866775E+01    0.6429147046E+01
    0.9071793599E-01    0.4461862414E+01    0.6340557938E+01
    0.9536914403E-01    0.4370342245E+01    0.6247357273E+01
    0.1002588246E+00    0.4274288135E+01    0.6149522455E+01
    0.1053992045E+00    0.4173711507E+01    0.6047059233E+01
    0.1108031372E+00    0.4068654665E+01    0.5940004291E+01
    0.1164841356E+00    0.3959195163E+01    0.5828427622E+01
    0.1224564049E+00    0.3845445986E+01    0.5712434629E+01
    0.1287348790E+00    0.3727560212E+01    0.5592167846E+01
    0.1353352574E+00    0.3605729542E+01    0.5467808215E+01
    0.1422740444E+00    0.3480189136E+01    0.5339575826E+01
    0.1495685907E+00    0.3351213880E+01    0.5207730034E+01
    0.1572371363E+00    0.3219123414E+01    0.5072568887E+01
    0.1652988567E+00    0.3084275589E+01    0.4934427804E+01
    0.1737739103E+00    0.2947071677E+01    0.4793677460E+01
    0.1826834892E+00    0.2807946445E+01    0.4650720839E+01
    0.1920498720E+00    0.2667373834E+01    0.4505989473E+01
    0.2018964795E+00    0.2525853321E+01    0.4359938889E+01
    0.2122479333E+00    0.2383916296E+01    0.4213043302E+01
    0.2231301176E+00    0.2242108434E+01    0.4065789680E+01
    0.2345702434E+00    0.2100997514E+01    0.3918671263E+01
    0.2465969169E+00    0.1961151855E+01    0.3772180712E+01
    0.2592402112E+00    0.1823150124E+01    0.3626803060E+01
    0.2725317411E+00    0.1687555956E+01    0.3483008652E+01
    0.2865047422E+00    0.1554930872E+01    0.3341246303E+01
    0.3011941545E+00    0.1425805549E+01    0.3201936884E+01
    0.3166367090E+00    0.1300696402E+01    0.3065467533E+01
    0.3328710202E+00    0.1180073861E+01    0.2932186713E+01
    0.3499376824E+00    0.1064383710E+01    0.2802400252E+01
    0.3678793710E+00    0.9540130394E+00    0.2676368513E+01
    0.3867409497E+00    0.8493161941E+00    0.2554304767E+01
    0.4065695822E+00    0.7505788603E+00    0.2436374788E+01
    0.4274148504E+00    0.6580490229E+00    0.2322697654E+01
    0.4493288784E+00    0.5719000155E+00    0.2213347663E+01
    0.4723664626E+00    0.4922650678E+00    0.2108357228E+01
    0.4965852091E+00    0.4192000459E+00    0.2007720585E+01
    0.5220456772E+00    0.3527211418E+00    0.1911398099E+01
    0.5488115314E+00    0.2927685793E+00    0.1819320967E+01
    0.5769497003E+00    0.2392449962E+00    0.1731396072E+01
    0.6065305440E+00    0.1919814885E+00    0.1647510806E+01
    0.6376280300E+00    0.1507759584E+00    0.1567537671E+01
    0.6703199182E+00    0.1153631430E+00    0.1491338508E+01
    0.7046879553E+00    0.8545035653E-01    0.1418768261E+01
    0.7408180794E+00    0.6069298737E-01    0.1349678201E+01
    0.7788006345E+00    0.4072721403E-01    0.1283918596E+01
    0.8187305969E+00    0.2515183469E-01    0.1221340837E+01
    0.8607078123E+00    0.1355591316E-01    0.1161799058E+01
    0.9048372455E+00    0.5507268936E-02    0.1105151316E+01
    0.9512292431E+00    0.5749906070E-03    0.1051260386E+01
    0.9999998093E+00   -0.1676277045E-02    0.9999942623E+00
    0.1051270896E+01   -0.1670088714E-02    0.9512264161E+00
    0.1105170707E+01    0.1808544768E-03    0.9048358828E+00
    0.1161834021E+01    0.3485072460E-02    0.8607072255E+00
    0.1221402525E+01    0.7874281134E-02    0.8187304152E+00
    0.1284025172E+01    0.1300819597E-01    0.7788006611E+00
    0.1349858550E+01    0.1857821363E-01    0.7408182109E+00
    0.1419067278E+01    0.2430780789E-01    0.7046881378E+00
    0.1491824413E+01    0.2995627542E-01    0.6703201234E+00
    0.1568311886E+01    0.3531644737E-01    0.6376282431E+00
    0.1648720956E+01    0.4021761943E-01    0.6065307572E+00
    0.1733252687E+01    0.4452187217E-01    0.5769499094E+00
    0.1822118453E+01    0.4812505545E-01    0.5488117341E+00
    0.1915540464E+01    0.5095417562E-01    0.5220458724E+00
    0.2013752323E+01    0.5296434304E-01    0.4965853963E+00
    0.2116999613E+01    0.5413677598E-01    0.4723666417E+00
    0.2225540504E+01    0.5455019373E-01    0.4493290493E+00
    0.2339646406E+01    0.5424177082E-01    0.4274150134E+00
    0.2459602642E+01    0.5327057409E-01    0.4065697374E+00
    0.2585709166E+01    0.5171553537E-01    0.3867410974E+00
    0.2718281310E+01    0.4967250357E-01    0.3678795116E+00
