ATOMS
  *       x          y           z    ipot  Atom      Distance    Number
**********-  ********-  **********  ******  ******  **********  ********
   0           0          0              0  O          0               0
  -9.76003    -1.57576    1.51592        2  Ir        10.002         138
  -9.76003     1.57576    1.51592        2  Ir        10.002         139
   4.52756    -4.72727    7.59436        3  O         10.026         326
   4.52756     4.72727    7.59436        3  O         10.026         332
   5.29224     0          8.51654        2  Ir        10.0269        237
  -4.32945    -4.72727   -7.72427        3  O         10.0377        281
  -4.32945     4.72727   -7.72427        3  O         10.0377        287
   6.21151    -7.87879   -0.39478        3  O         10.0406        435
   6.21151     7.87879   -0.39478        3  O         10.0406        442
  -3.19791    -9.45454    1.29569        2  Ir        10.0645        155
  -3.19791     9.45454    1.29569        2  Ir        10.0645        167
  -9.36037    -1.57576   -3.35668        2  Ir        10.0681        100
  -9.36037     1.57576   -3.35668        2  Ir        10.0681        102
   8.64037    -3.15151    4.10134        3  O         10.0702        564
   8.64037     3.15151    4.10134        3  O         10.0702        568
  -6.41012     0         -7.76924        1  Sr        10.0723         44
  -7.68534    -1.57576   -6.32755        3  O         10.079         573
  -7.68534     1.57576   -6.32755        3  O         10.079         575
  -0.950849   -4.72727    8.88213        2  Ir        10.1066        212
  -0.950849    4.72727    8.88213        2  Ir        10.1066        221
  -1.96349    -9.45454    3.00704        3  O         10.1137        593
  -1.96349     9.45454    3.00704        3  O         10.1137        605
   2.54091    -7.87879   -5.81065        3  O         10.1141        536
   2.54091     7.87879   -5.81065        3  O         10.1141        546
  -5.0438     -1.57576    8.63749        2  Ir        10.1257        177
  -5.0438      1.57576    8.63749        2  Ir        10.1257        179
   9.62453    -3.15151    0.712022       2  Ir        10.1524        169
   9.62453     3.15151    0.712022       2  Ir        10.1524        171
  -6.0039     -3.15151    7.6526         3  O         10.2245        407
  -6.0039      3.15151    7.6526         3  O         10.2245        411
  -6.61093    -7.87879    0.188888       3  O         10.2867        427
  -6.61093     7.87879    0.188888       3  O         10.2867        434
   2.38237    -9.45454   -3.34555        3  O         10.3081        480
   2.38237     9.45454   -3.34555        3  O         10.3081        492
   6.81854    -3.15151    7.06893        3  O         10.3148        419
   6.81854     3.15151    7.06893        3  O         10.3148        423
   4.12936    -9.45454    0.265482       3  O         10.3204        519
   4.12936     9.45454    0.265482       3  O         10.3204        531
  -1.77246    -6.30303    8.00296        3  O         10.3401        337
  -1.77246     6.30303    8.00296        3  O         10.3401        346
   8.59943     0         -5.77137        3  O         10.3566        565
  -0.040938   -3.15151   -9.87271        3  O         10.3636        447
   0.040938   -3.15151    9.87271        3  O         10.3636        449
  -0.040938    3.15151   -9.87271        3  O         10.3636        452
   0.040938    3.15151    9.87271        3  O         10.3636        454
  -3.09118    -7.87879   -6.01115        2  Ir        10.381          81
  -3.09118     7.87879   -6.01115        2  Ir        10.381          91
   2.12582    -6.30303   -7.98043        3  O         10.3892        303
   2.12582     6.30303   -7.98043        3  O         10.3892        312
  -4.31748    -9.45454   -0.300694       3  O         10.3981        371
  -4.31748     9.45454   -0.300694       3  O         10.3981        383
   1.37672    -6.30303    8.18275        2  Ir        10.4202        196
   1.37672     6.30303    8.18275        2  Ir        10.4202        205
   2.25248    -4.72727    9.01463        3  O         10.4252        359
   2.25248     4.72727    9.01463        3  O         10.4252        368
   9.7722     -1.57576    3.2779         2  Ir        10.4271         95
   9.7722      1.57576    3.2779         2  Ir        10.4271         97
  -9.13516    -3.15151    3.93806        2  Ir        10.4351         63
  -9.13516     3.15151    3.93806        2  Ir        10.4351         67
   4.08842     0         -9.60723        3  O         10.441         524
  -8.15571    -3.15151    5.72711        3  O         10.4521        258
  -8.15571     3.15151    5.72711        3  O         10.4521        262
   3.50301    -7.87879    5.93236        2  Ir        10.4661        106
   3.50301     7.87879    5.93236        2  Ir        10.4661        116
  -2.86426    -9.45454   -3.48298        2  Ir        10.4749        117
  -2.86426     9.45454   -3.48298        2  Ir        10.4749        129
  -4.27654     0          9.57202        3  O         10.4839        378
   5.29224    -3.15151    8.51654        2  Ir        10.5105        235
   5.29224     3.15151    8.51654        2  Ir        10.5105        239
   6.41232     0         -8.35291        1  Sr        10.5304         55
  -6.41012    -3.15151   -7.76924        1  Sr        10.5538         42
  -6.41012     3.15151   -7.76924        1  Sr        10.5538         46
   3.02148    -4.72727   -8.94046        2  Ir        10.555         143
   3.02148     4.72727   -8.94046        2  Ir        10.555         151
  -2.14394    -4.72727   -9.19182        3  O         10.5562        496
  -2.14394     4.72727   -9.19182        3  O         10.5562        505
   8.50496    -6.30303   -0.884363       3  O         10.6228        384
   8.50496     6.30303   -0.884363       3  O         10.6228        388
   8.90546    -4.72727   -3.3941         3  O         10.6383        471
   8.90546     4.72727   -3.3941         3  O         10.6383        476
   3.68729    -9.45454    3.35439        2  Ir        10.6881         69
   3.68729     9.45454    3.35439        2  Ir        10.6881         80
 -10.6109     -1.57576   -0.274412       3  O         10.7308        352
 -10.6109      1.57576   -0.274412       3  O         10.7308        353
   9.95818     0         -4.06665        2  Ir        10.7565        133
  -8.69308    -6.30303    0.849151       3  O         10.7712        514
  -8.69308     6.30303    0.849151       3  O         10.7712        518
   0.377401   -7.87879    7.34795        3  O         10.7801        391
   0.377401    7.87879    7.34795        3  O         10.7801        401
 -10.4401      0         -2.76189        3  O         10.7992        478
   8.59943    -3.15151   -5.77137        3  O         10.8255        563
   8.59943     3.15151   -5.77137        3  O         10.8255        567
  -6.14937    -7.87879   -4.17706        1  Sr        10.8323          1
  -6.14937     7.87879   -4.17706        1  Sr        10.8323         11
  10.7194     -1.57576    0.097224       3  O         10.8351        511
  10.7194      1.57576    0.097224       3  O         10.8351        512
  -2.06206    -1.57576   10.5536         3  O         10.868         501
  -2.06206     1.57576   10.5536         3  O         10.868         504
   5.2513     -9.45454   -1.35617        2  Ir        10.8997        231
   5.2513      9.45454   -1.35617        2  Ir        10.8997        242
   4.08842    -3.15151   -9.60723        3  O         10.9062        521
   4.08842     3.15151   -9.60723        3  O         10.9062        527
  -9.17609     0         -5.93465        2  Ir        10.928          64
 -10.6557      0          2.47594        3  O         10.9396        300
  -4.27654    -3.15151    9.57202        3  O         10.9473        375
  -4.27654     3.15151    9.57202        3  O         10.9473        381
  -9.76003    -4.72727    1.51592        2  Ir        10.95          137
  -9.76003     4.72727    1.51592        2  Ir        10.95          140
   4.1703      0         10.1382         3  O         10.9624        526
   6.41232    -3.15151   -8.35291        1  Sr        10.9919         53
   6.41232     3.15151   -8.35291        1  Sr        10.9919         57
  -9.36037    -4.72727   -3.35668        2  Ir        11.0105         99
  -9.36037     4.72727   -3.35668        2  Ir        11.0105        104
  -7.68534    -4.72727   -6.32755        3  O         11.0204        571
  -7.68534     4.72727   -6.32755        3  O         11.0204        577
  -1.03272    -1.57576  -10.8633         2  Ir        11.0255        213
  -1.03272     1.57576  -10.8633         2  Ir        11.0255        216
   2.1706     -1.57576  -10.7308         3  O         11.0609        360
   2.1706      1.57576  -10.7308         3  O         11.0609        363
  -5.0438     -4.72727    8.63749        2  Ir        11.0631        175
  -5.0438      4.72727    8.63749        2  Ir        11.0631        181
  -4.35842     0        -10.1734         3  O         11.0677        376
   0.018043   -7.87879   -7.77379        1  Sr        11.0683         26
   0.018043    7.87879   -7.77379        1  Sr        11.0683         36
  -0.991787  -11.0303    -0.990579       2  Ir        11.119         207
  -0.991787   11.0303    -0.990579       2  Ir        11.119         224
  -3.23885    -6.30303   -8.57702        2  Ir        11.1258        156
  -3.23885     6.30303   -8.57702        2  Ir        11.1258        165
  10.859       0          2.42337        3  O         11.1261        607
  -8.19665    -6.30303   -4.1456         3  O         11.14          255
  -8.19665     6.30303   -4.1456         3  O         11.14          263
   8.9464     -1.57576    6.47861        3  O         11.1577        473
   8.9464      1.57576    6.47861        3  O         11.1577        475
   7.73771    -7.87879   -1.81889        2  Ir        11.1918        183
   7.73771     7.87879   -1.81889        2  Ir        11.1918        190
   9.95818    -3.15151   -4.06665        2  Ir        11.2087        131
   9.95818     3.15151   -4.06665        2  Ir        11.2087        135
   0.058981  -11.0303     2.09891        1  Sr        11.2284         25
   0.058981   11.0303     2.09891        1  Sr        11.2284         38
  -2.103     -11.0303     0.680892       3  O         11.2496        494
  -2.103      11.0303     0.680892       3  O         11.2496        509
 -10.4401     -3.15151   -2.76189        3  O         11.2497        477
 -10.4401      3.15151   -2.76189        3  O         11.2497        479
  -3.87604    -7.87879    7.06227        3  O         11.2683        460
  -3.87604     7.87879    7.06227        3  O         11.2683        470
  11.0091      0         -2.45341        3  O         11.2791        349
   2.21154   -11.0303    -0.85808        3  O         11.2825        355
   2.21154    11.0303    -0.85808        3  O         11.2825        370
   7.77864    -1.57576    8.05382        2  Ir        11.3073        186
   7.77864     1.57576    8.05382        2  Ir        11.3073        188
   0.336463  -11.0303    -2.52476        3  O         11.3206        389
   0.336463   11.0303    -2.52476        3  O         11.3206        402
   9.7722     -4.72727    3.2779         2  Ir        11.3396         93
   9.7722      4.72727    3.2779         2  Ir        11.3396         98
  -4.18207    -9.45454    4.68501        3  O         11.3502        549
  -4.18207     9.45454    4.68501        3  O         11.3502        561
   3.10335    -1.57576   10.805          2  Ir        11.3517        147
   3.10335     1.57576   10.805          2  Ir        11.3517        150
 -10.2406     -1.57576    4.64573        3  O         11.355         533
 -10.2406      1.57576    4.64573        3  O         11.355         535
   6.67307    -7.87879   -4.76073        1  Sr        11.3697         13
   6.67307     7.87879   -4.76073        1  Sr        11.3697         23
  -9.17609    -3.15151   -5.93465        2  Ir        11.3733         62
  -9.17609     3.15151   -5.93465        2  Ir        11.3733         66
 -10.6557     -3.15151    2.47594        3  O         11.3845        299
 -10.6557      3.15151    2.47594        3  O         11.3845        301
   4.1703     -3.15151   10.1382         3  O         11.4064        523
   4.1703      3.15151   10.1382         3  O         11.4064        529
  -6.04484    -9.45454   -2.22011        3  O         11.4393        403
  -6.04484     9.45454   -2.22011        3  O         11.4393        414
   8.64037    -6.30303    4.10134        3  O         11.4545        562
   8.64037     6.30303    4.10134        3  O         11.4545        569
   6.25245    -1.57576    9.47793        3  O         11.4633        438
   6.25245     1.57576    9.47793        3  O         11.4633        440
  -9.31943    -1.57576    6.51603        2  Ir        11.4801        101
  -9.31943     1.57576    6.51603        2  Ir        11.4801        103
  -6.10843    -7.87879    5.69565        1  Sr        11.4817          2
  -6.10843     7.87879    5.69565        1  Sr        11.4817         12
   3.06242   -11.0303     0.932254       2  Ir        11.4854        141
   3.06242    11.0303     0.932254       2  Ir        11.4854        154
  -4.35842    -3.15151  -10.1734         3  O         11.5077        373
  -4.35842     3.15151  -10.1734         3  O         11.5077        379
   9.62453    -6.30303    0.712022       2  Ir        11.5268        168
   9.62453     6.30303    0.712022       2  Ir        11.5268        172
  -7.6444     -7.87879    3.54516        3  O         11.536         570
  -7.6444      7.87879    3.54516        3  O         11.536         579
   4.6258     -9.45454   -4.72927        3  O         11.5392        265
   4.6258      9.45454   -4.72927        3  O         11.5392        277
 -11.4867      0         -1.1063         2  Ir        11.5398        192
   6.71401    -7.87879    5.11198        1  Sr        11.5449         14
   6.71401     7.87879    5.11198        1  Sr        11.5449         24
   6.45326    -9.45454    1.5198         1  Sr        11.5474         51
   6.45326     9.45454    1.5198         1  Sr        11.5474         60
   9.99912     0          5.80606        2  Ir        11.5626        134
  10.859      -3.15151    2.42337        3  O         11.5638        606
  10.859       3.15151    2.42337        3  O         11.5638        608
  -4.22301    -9.45454   -5.1877         3  O         11.5816        548
  -4.22301     9.45454   -5.1877         3  O         11.5816        560
  -6.0039     -6.30303    7.6526         3  O         11.5904        405
  -6.0039      6.30303    7.6526         3  O         11.5904        413
  -6.36919    -9.45454    2.10347        1  Sr        11.5922         39
  -6.36919     9.45454    2.10347        1  Sr        11.5922         50
  -8.33583    -7.87879   -1.69468        3  O         11.5945        315
  -8.33583     7.87879   -1.69468        3  O         11.5945        322
  -3.15697     0         11.1684         2  Ir        11.606         162
 -10.6109     -4.72727   -0.274412       3  O         11.6195        351
 -10.6109      4.72727   -0.274412       3  O         11.6195        354
   1.29485     0        -11.5627         2  Ir        11.6349        199
 -10.2815     -1.57576   -5.22698        3  O         11.6411        532
 -10.2815      1.57576   -5.22698        3  O         11.6411        534
   6.81854    -6.30303    7.06893        3  O         11.6701        417
   6.81854     6.30303    7.06893        3  O         11.6701        425
   5.13711    -7.87879   -6.91122        3  O         11.6718        580
   5.13711     7.87879   -6.91122        3  O         11.6718        590
  11.0091     -3.15151   -2.45341        3  O         11.7111        348
  11.0091      3.15151   -2.45341        3  O         11.7111        350
  -0.040938   -6.30303   -9.87271        3  O         11.7133        444
   0.040938   -6.30303    9.87271        3  O         11.7133        446
  -0.040938    6.30303   -9.87271        3  O         11.7133        455
   0.040938    6.30303    9.87271        3  O         11.7133        457
  10.7194     -4.72727    0.097224       3  O         11.7159        510
  10.7194      4.72727    0.097224       3  O         11.7159        513
   8.53393    -7.87879    1.56477        3  O         11.7197        291
   8.53393     7.87879    1.56477        3  O         11.7197        298
   4.66674    -9.45454    5.14344        3  O         11.7312        266
   4.66674     9.45454    5.14344        3  O         11.7312        278
   2.42331    -9.45454    6.52715        3  O         11.7416        481
   2.42331     9.45454    6.52715        3  O         11.7416        493
  -2.06206    -4.72727   10.5536         3  O         11.7464        498
  -2.06206     4.72727   10.5536         3  O         11.7464        507
  -8.29489    -1.57576    8.17803        3  O         11.7545        318
  -8.29489     1.57576    8.17803        3  O         11.7545        320
  -2.82332    -9.45454    6.38973        2  Ir        11.7553        118
  -2.82332     9.45454    6.38973        2  Ir        11.7553        130
  -9.13516    -6.30303    3.93806        2  Ir        11.7766         61
  -9.13516     6.30303    3.93806        2  Ir        11.7766         68
  -8.15571    -6.30303    5.72711        3  O         11.7917        256
  -8.15571     6.30303    5.72711        3  O         11.7917        264
  -7.53021     0          9.10021        2  Ir        11.8118        228
   4.52756    -7.87879    7.59436        3  O         11.8427        324
   4.52756     7.87879    7.59436        3  O         11.8427        334
   5.29224    -6.30303    8.51654        2  Ir        11.8435        233
   5.29224     6.30303    8.51654        2  Ir        11.8435        241
  -4.32945    -7.87879   -7.72427        3  O         11.8526        279
  -4.32945     7.87879   -7.72427        3  O         11.8526        289
  -6.65187    -1.57576   -9.68382        3  O         11.8536        429
  -6.65187     1.57576   -9.68382        3  O         11.8536        431
  -2.00443    -9.45454   -6.86567        3  O         11.8551        592
  -2.00443     9.45454   -6.86567        3  O         11.8551        604
   9.73126    -1.57576   -6.59481        2  Ir        11.8605         94
   9.73126     1.57576   -6.59481        2  Ir        11.8605         96
  -6.41012    -6.30303   -7.76924        1  Sr        11.8819         40
  -6.41012     6.30303   -7.76924        1  Sr        11.8819         48
  -1.85434     0        -11.7425         3  O         11.888         340
  -1.03272    -4.72727  -10.8633         2  Ir        11.8922        210
  -1.03272     4.72727  -10.8633         2  Ir        11.8922        219
  -0.950849   -7.87879    8.88213        2  Ir        11.911         209
  -0.950849    7.87879    8.88213        2  Ir        11.911         223
   2.1706     -4.72727  -10.7308         3  O         11.9251        357
   2.1706      4.72727  -10.7308         3  O         11.9251        366
 -11.4867     -3.15151   -1.1063         2  Ir        11.9624        191
 -11.4867      3.15151   -1.1063         2  Ir        11.9624        193
   6.7776     -9.45454   -2.80378        3  O         11.966         415
   6.7776      9.45454   -2.80378        3  O         11.966         426
   2.2077      0         11.765          3  O         11.9703        309
   9.99912    -3.15151    5.80606        2  Ir        11.9844        132
   9.99912     3.15151    5.80606        2  Ir        11.9844        136
   8.49299    -1.57576   -8.30794        3  O         11.9848        293
   8.49299     1.57576   -8.30794        3  O         11.9848        295
  -0.991787   -1.57576   -0.990579       2  Ir         2.109         214
  -0.991787    1.57576   -0.990579       2  Ir         2.109         217
   1.33579     0         -1.68996        2  Ir         2.15414       200
  -1.8134      0         -1.86975        3  O          2.60468       341
   0.058981   -1.57576    2.09891        1  Sr         2.62525        31
   0.058981    1.57576    2.09891        1  Sr         2.62525        33
  -2.103      -1.57576    0.680892       3  O          2.71463       500
  -2.103       1.57576    0.680892       3  O          2.71463       503
   2.21154    -1.57576   -0.85808        3  O          2.84784       361
   2.21154     1.57576   -0.85808        3  O          2.84784       364
   2.16676     0          1.89227        3  O          2.87673       308
   0.336463   -1.57576   -2.52476        3  O          2.9951        394
   0.336463    1.57576   -2.52476        3  O          2.9951        396
   0          -3.15151    0              3  O          3.15151       448
   0           3.15151    0              3  O          3.15151       453
  -3.19791     0          1.29569        2  Ir         3.45043       161
   3.06242    -1.57576    0.932254       2  Ir         3.56798       146
   3.06242     1.57576    0.932254       2  Ir         3.56798       149
  -1.96349     0          3.00704        3  O          3.59132       599
   1.33579    -3.15151   -1.68996        2  Ir         3.81738       197
   1.33579     3.15151   -1.68996        2  Ir         3.81738       202
  -1.8134     -3.15151   -1.86975        3  O          4.08857       338
  -1.8134      3.15151   -1.86975        3  O          4.08857       343
   2.38237     0         -3.34555        3  O          4.10712       486
   4.12936     0          0.265482       3  O          4.13789       525
   2.16676    -3.15151    1.89227        3  O          4.26704       306
   2.16676     3.15151    1.89227        3  O          4.26704       311
  -4.31748     0         -0.300694       3  O          4.32794       377
  -2.86426     0         -3.48298        2  Ir         4.50945       123
  -3.19791    -3.15151    1.29569        2  Ir         4.67306       159
  -3.19791     3.15151    1.29569        2  Ir         4.67306       164
  -1.96349    -3.15151    3.00704        3  O          4.77803       597
  -1.96349     3.15151    3.00704        3  O          4.77803       601
  -0.991787   -4.72727   -0.990579       2  Ir         4.93072       211
  -0.991787    4.72727   -0.990579       2  Ir         4.93072       220
   3.68729     0          3.35439        2  Ir         4.98478        75
  -1.90467    -1.57576   -4.37553        3  O          5.02554       247
  -1.90467     1.57576   -4.37553        3  O          5.02554       249
  -4.28851    -1.57576    2.14844        3  O          5.04878       284
  -4.28851     1.57576    2.14844        3  O          5.04878       286
   2.58185    -1.57576    4.06206        3  O          5.06452       541
   2.58185     1.57576    4.06206        3  O          5.06452       543
  -3.91698    -1.57576   -2.81043        3  O          5.07191       463
  -3.91698     1.57576   -2.81043        3  O          5.07191       465
  -3.05024    -1.57576    3.86156        2  Ir         5.16708        86
  -3.05024     1.57576    3.86156        2  Ir         5.16708        88
   0.058981   -4.72727    2.09891        1  Sr         5.17262        29
   0.058981    4.72727    2.09891        1  Sr         5.17262        35
   2.38237    -3.15151   -3.34555        3  O          5.17692       484
   2.38237     3.15151   -3.34555        3  O          5.17692       488
   4.12936    -3.15151    0.265482       3  O          5.20136       522
   4.12936     3.15151    0.265482       3  O          5.20136       528
  -2.103      -4.72727    0.680892       3  O          5.21856       497
  -2.103       4.72727    0.680892       3  O          5.21856       506
   4.48662    -1.57576   -2.27835        3  O          5.27291       327
   4.48662     1.57576   -2.27835        3  O          5.27291       329
   2.21154    -4.72727   -0.85808        3  O          5.28907       358
   2.21154     4.72727   -0.85808        3  O          5.28907       367
  -4.31748    -3.15151   -0.300694       3  O          5.35379       374
  -4.31748     3.15151   -0.300694       3  O          5.35379       380
   0.336463   -4.72727   -2.52476        3  O          5.3698        392
   0.336463    4.72727   -2.52476        3  O          5.3698        398
   5.2513      0         -1.35617        2  Ir         5.42359       236
  -5.08474    -1.57576   -1.23522        2  Ir         5.46474       176
  -5.08474     1.57576   -1.23522        2  Ir         5.46474       178
   3.46207    -1.57576   -3.94035        2  Ir         5.4768        109
   3.46207     1.57576   -3.94035        2  Ir         5.4768        111
  -2.86426    -3.15151   -3.48298        2  Ir         5.50156       121
  -2.86426     3.15151   -3.48298        2  Ir         5.50156       125
   3.06242    -4.72727    0.932254       2  Ir         5.70917       144
   3.06242     4.72727    0.932254       2  Ir         5.70917       152
   3.68729    -3.15151    3.35439        2  Ir         5.89747        73
   3.68729     3.15151    3.35439        2  Ir         5.89747        77
  -1.86373    -1.57576    5.49718        3  O          6.01461       248
  -1.86373     1.57576    5.49718        3  O          6.01461       250
   5.17805    -1.57576    2.96149        3  O          6.16973       585
   5.17805     1.57576    2.96149        3  O          6.16973       587
   5.2513     -3.15151   -1.35617        2  Ir         6.27275       234
   5.2513      3.15151   -1.35617        2  Ir         6.27275       238
  -4.18207     0          4.68501        3  O          6.28005       555
   0          -6.30303    0              3  O          6.30303       445
   0           6.30303    0              3  O          6.30303       456
   6.21151    -1.57576   -0.39478        3  O          6.42042       437
   6.21151     1.57576   -0.39478        3  O          6.42042       439
  -6.04484     0         -2.22011        3  O          6.43964       408
   2.54091    -1.57576   -5.81065        3  O          6.53474       540
   2.54091     1.57576   -5.81065        3  O          6.53474       542
   4.6258      0         -4.72927        3  O          6.61544       271
   6.45326     0          1.5198         1  Sr         6.62981        56
   1.33579    -6.30303   -1.68996        2  Ir         6.66097       195
   1.33579     6.30303   -1.68996        2  Ir         6.66097       204
  -4.22301     0         -5.1877         3  O          6.68925       554
  -6.36919     0          2.10347        1  Sr         6.70754        45
  -1.90467    -4.72727   -4.37553        3  O          6.71715       245
  -1.90467     4.72727   -4.37553        3  O          6.71715       251
  -4.28851    -4.72727    2.14844        3  O          6.73456       282
  -4.28851     4.72727    2.14844        3  O          6.73456       288
   2.58185    -4.72727    4.06206        3  O          6.74636       539
   2.58185     4.72727    4.06206        3  O          6.74636       545
  -3.91698    -4.72727   -2.81043        3  O          6.75192       461
  -3.91698     4.72727   -2.81043        3  O          6.75192       467
  -6.61093    -1.57576    0.188888       3  O          6.79876       430
  -6.61093     1.57576    0.188888       3  O          6.79876       432
  -1.8134     -6.30303   -1.86975        3  O          6.82001       336
  -1.8134      6.30303   -1.86975        3  O          6.82001       345
  -3.05024    -4.72727    3.86156        2  Ir         6.82369        84
  -3.05024     4.72727    3.86156        2  Ir         6.82369        90
   4.48662    -4.72727   -2.27835        3  O          6.90418       325
   4.48662     4.72727   -2.27835        3  O          6.90418       331
   2.16676    -6.30303    1.89227        3  O          6.92847       304
   2.16676     6.30303    1.89227        3  O          6.92847       313
  -3.09118    -1.57576   -6.01115        2  Ir         6.94063        85
  -3.09118     1.57576   -6.01115        2  Ir         6.94063        87
   4.66674     0          5.14344        3  O          6.94503       272
   2.42331     0          6.52715        3  O          6.96248       487
  -2.82332     0          6.38973        2  Ir         6.98568       124
  -4.18207    -3.15151    4.68501        3  O          7.02646       553
  -4.18207     3.15151    4.68501        3  O          7.02646       557
  -5.08474    -4.72727   -1.23522        2  Ir         7.05177       174
  -5.08474     4.72727   -1.23522        2  Ir         7.05177       180
   3.46207    -4.72727   -3.94035        2  Ir         7.06112       107
   3.46207     4.72727   -3.94035        2  Ir         7.06112       113
   3.50301    -1.57576    5.93236        2  Ir         7.06732       110
   3.50301     1.57576    5.93236        2  Ir         7.06732       112
  -2.00443     0         -6.86567        3  O          7.15229       598
  -6.04484    -3.15151   -2.22011        3  O          7.16945       406
  -6.04484     3.15151   -2.22011        3  O          7.16945       410
  -3.19791    -6.30303    1.29569        2  Ir         7.18565       157
  -3.19791     6.30303    1.29569        2  Ir         7.18565       166
  -1.96349    -6.30303    3.00704        3  O          7.25436       595
  -1.96349     6.30303    3.00704        3  O          7.25436       603
   4.6258     -3.15151   -4.72927        3  O          7.32776       269
   4.6258      3.15151   -4.72927        3  O          7.32776       273
   6.7776      0         -2.80378        3  O          7.33465       420
   6.45326    -3.15151    1.5198         1  Sr         7.34074        54
   6.45326     3.15151    1.5198         1  Sr         7.34074        58
  -4.22301    -3.15151   -5.1877         3  O          7.39447       552
  -4.22301     3.15151   -5.1877         3  O          7.39447       556
  -6.36919    -3.15151    2.10347        1  Sr         7.41101        43
  -6.36919     3.15151    2.10347        1  Sr         7.41101        47
   3.64635     0         -6.51832        2  Ir         7.46889        74
  -1.86373    -4.72727    5.49718        3  O          7.48596       246
  -1.86373     4.72727    5.49718        3  O          7.48596       252
   2.38237    -6.30303   -3.34555        3  O          7.52307       482
   2.38237     6.30303   -3.34555        3  O          7.52307       490
   0.377401   -1.57576    7.34795        3  O          7.52448       395
   0.377401    1.57576    7.34795        3  O          7.52448       397
   4.12936    -6.30303    0.265482       3  O          7.53991       520
   4.12936     6.30303    0.265482       3  O          7.53991       530
  -6.14937    -1.57576   -4.17706        1  Sr         7.59905         5
  -6.14937     1.57576   -4.17706        1  Sr         7.59905         7
  -7.57114     0         -0.772502       2  Ir         7.61045       227
   5.17805    -4.72727    2.96149        3  O          7.61115       583
   5.17805     4.72727    2.96149        3  O          7.61115       589
   4.66674    -3.15151    5.14344        3  O          7.62663       270
   4.66674     3.15151    5.14344        3  O          7.62663       274
   2.42331    -3.15151    6.52715        3  O          7.64253       485
   2.42331     3.15151    6.52715        3  O          7.64253       489
  -4.31748    -6.30303   -0.300694       3  O          7.64587       372
  -4.31748     6.30303   -0.300694       3  O          7.64587       382
  -2.82332    -3.15151    6.38973        2  Ir         7.66367       122
  -2.82332     3.15151    6.38973        2  Ir         7.66367       126
  -2.86426    -6.30303   -3.48298        2  Ir         7.75005       119
  -2.86426     6.30303   -3.48298        2  Ir         7.75005       127
   6.21151    -4.72727   -0.39478        3  O          7.81574       436
   6.21151     4.72727   -0.39478        3  O          7.81574       441
  -2.00443    -3.15151   -6.86567        3  O          7.81583       596
  -2.00443     3.15151   -6.86567        3  O          7.81583       600
   2.54091    -4.72727   -5.81065        3  O          7.90993       538
   2.54091     4.72727   -5.81065        3  O          7.90993       544
   0.018043   -1.57576   -7.77379        1  Sr         7.93191        30
   0.018043    1.57576   -7.77379        1  Sr         7.93191        32
   6.7776     -3.15151   -2.80378        3  O          7.98305       418
   6.7776      3.15151   -2.80378        3  O          7.98305       422
  -0.991787   -7.87879   -0.990579       2  Ir         8.00251       208
  -0.991787    7.87879   -0.990579       2  Ir         8.00251       222
   3.68729    -6.30303    3.35439        2  Ir         8.03593        71
   3.68729     6.30303    3.35439        2  Ir         8.03593        79
   7.73771    -1.57576   -1.81889        2  Ir         8.1033        185
   7.73771     1.57576   -1.81889        2  Ir         8.1033        187
   3.64635    -3.15151   -6.51832        2  Ir         8.10657        72
   3.64635     3.15151   -6.51832        2  Ir         8.10657        76
  -6.61093    -4.72727    0.188888       3  O          8.1294        428
  -6.61093     4.72727    0.188888       3  O          8.1294        433
   0.058981   -7.87879    2.09891        1  Sr         8.15378        27
   0.058981    7.87879    2.09891        1  Sr         8.15378        37
  -2.103      -7.87879    0.680892       3  O          8.183         495
  -2.103       7.87879    0.680892       3  O          8.183         508
  -1.77246     0          8.00296        3  O          8.19689       342
  -3.87604    -1.57576    7.06227        3  O          8.20868       464
  -3.87604     1.57576    7.06227        3  O          8.20868       466
   2.21154    -7.87879   -0.85808        3  O          8.22815       356
   2.21154     7.87879   -0.85808        3  O          8.22815       369
  -7.57114    -3.15151   -0.772502       2  Ir         8.23717       226
  -7.57114     3.15151   -0.772502       2  Ir         8.23717       229
  -3.09118    -4.72727   -6.01115        2  Ir         8.24842        83
  -3.09118     4.72727   -6.01115        2  Ir         8.24842        89
   2.12582     0         -7.98043        3  O          8.25872       307
   0.336463   -7.87879   -2.52476        3  O          8.28027       390
   0.336463    7.87879   -2.52476        3  O          8.28027       400
   1.37672     0          8.18275        2  Ir         8.29775       201
   5.2513     -6.30303   -1.35617        2  Ir         8.31526       232
   5.2513      6.30303   -1.35617        2  Ir         8.31526       240
   6.67307    -1.57576   -4.76073        1  Sr         8.3473         17
   6.67307     1.57576   -4.76073        1  Sr         8.3473         19
   3.50301    -4.72727    5.93236        2  Ir         8.3553        108
   3.50301     4.72727    5.93236        2  Ir         8.3553        114
  -6.10843    -1.57576    5.69565        1  Sr         8.4992          6
  -6.10843     1.57576    5.69565        1  Sr         8.4992          8
   3.06242    -7.87879    0.932254       2  Ir         8.50428       142
   3.06242     7.87879    0.932254       2  Ir         8.50428       153
   8.50496     0         -0.884363       3  O          8.55082       386
  -7.6444     -1.57576    3.54516        3  O          8.57251       574
  -7.6444      1.57576    3.54516        3  O          8.57251       576
   6.71401    -1.57576    5.11198        1  Sr         8.58448        18
   6.71401     1.57576    5.11198        1  Sr         8.58448        20
  -8.33583    -1.57576   -1.69468        3  O          8.65107       317
  -8.33583     1.57576   -1.69468        3  O          8.65107       319
  -8.69308     0          0.849151       3  O          8.73446       516
   0.377401   -4.72727    7.34795        3  O          8.7454        393
   0.377401    4.72727    7.34795        3  O          8.7454        399
   5.13711    -1.57576   -6.91122        3  O          8.75431       584
   5.13711     1.57576   -6.91122        3  O          8.75431       586
  -1.77246    -3.15151    8.00296        3  O          8.78186       339
  -1.77246     3.15151    8.00296        3  O          8.78186       344
  -6.14937    -4.72727   -4.17706        1  Sr         8.80964         3
  -6.14937     4.72727   -4.17706        1  Sr         8.80964         9
   8.53393    -1.57576    1.56477        3  O          8.81813       294
   8.53393     1.57576    1.56477        3  O          8.81813       296
   2.12582    -3.15151   -7.98043        3  O          8.8396        305
   2.12582     3.15151   -7.98043        3  O          8.8396        310
   1.37672    -3.15151    8.18275        2  Ir         8.87608       198
   1.37672     3.15151    8.18275        2  Ir         8.87608       203
  -4.18207    -6.30303    4.68501        3  O          8.8976        551
  -4.18207     6.30303    4.68501        3  O          8.8976        559
   4.52756    -1.57576    7.59436        3  O          8.98087       328
   4.52756     1.57576    7.59436        3  O          8.98087       330
  -4.32945    -1.57576   -7.72427        3  O          8.99397       283
  -4.32945     1.57576   -7.72427        3  O          8.99397       285
  -6.04484    -6.30303   -2.22011        3  O          9.01095       404
  -6.04484     6.30303   -2.22011        3  O          9.01095       412
  -0.950849   -1.57576    8.88213        2  Ir         9.0708        215
  -0.950849    1.57576    8.88213        2  Ir         9.0708        218
   0.018043   -4.72727   -7.77379        1  Sr         9.09831        28
   0.018043    4.72727   -7.77379        1  Sr         9.09831        34
   8.50496    -3.15151   -0.884363       3  O          9.1131        385
   8.50496     3.15151   -0.884363       3  O          9.1131        387
   4.6258     -6.30303   -4.72927        3  O          9.13741       267
   4.6258      6.30303   -4.72927        3  O          9.13741       275
   6.45326    -6.30303    1.5198         1  Sr         9.14782        52
   6.45326     6.30303    1.5198         1  Sr         9.14782        59
  -3.23885     0         -8.57702        2  Ir         9.16817       160
  -8.19665     0         -4.1456         3  O          9.18537       259
  -4.22301    -6.30303   -5.1877         3  O          9.19099       550
  -4.22301     6.30303   -5.1877         3  O          9.19099       558
  -6.36919    -6.30303    2.10347        1  Sr         9.20431        41
  -6.36919     6.30303    2.10347        1  Sr         9.20431        49
  -1.90467    -7.87879   -4.37553        3  O          9.21132       243
  -1.90467     7.87879   -4.37553        3  O          9.21132       253
  -4.28851    -7.87879    2.14844        3  O          9.22401       280
  -4.28851     7.87879    2.14844        3  O          9.22401       290
   2.58185    -7.87879    4.06206        3  O          9.23264       537
   2.58185     7.87879    4.06206        3  O          9.23264       547
  -3.91698    -7.87879   -2.81043        3  O          9.2367        459
  -3.91698     7.87879   -2.81043        3  O          9.2367        469
   7.73771    -4.72727   -1.81889        2  Ir         9.24811       184
   7.73771     4.72727   -1.81889        2  Ir         9.24811       189
  -8.69308    -3.15151    0.849151       3  O          9.28562       515
  -8.69308     3.15151    0.849151       3  O          9.28562       517
  -3.05024    -7.87879    3.86156        2  Ir         9.28929        82
  -3.05024     7.87879    3.86156        2  Ir         9.28929        92
  -3.87604    -4.72727    7.06227        3  O          9.34059       462
  -3.87604     4.72727    7.06227        3  O          9.34059       468
   4.48662    -7.87879   -2.27835        3  O          9.34858       323
   4.48662     7.87879   -2.27835        3  O          9.34858       333
   4.66674    -6.30303    5.14344        3  O          9.37879       268
   4.66674     6.30303    5.14344        3  O          9.37879       276
   2.42331    -6.30303    6.52715        3  O          9.39172       483
   2.42331     6.30303    6.52715        3  O          9.39172       491
  -2.82332    -6.30303    6.38973        2  Ir         9.40893       120
  -2.82332     6.30303    6.38973        2  Ir         9.40893       128
   2.25248    -1.57576    9.01463        3  O          9.42445       362
   2.25248     1.57576    9.01463        3  O          9.42445       365
   0          -9.45454    0              3  O          9.45454       443
   0           9.45454    0              3  O          9.45454       458
  -5.08474    -7.87879   -1.23522        2  Ir         9.4581        173
  -5.08474     7.87879   -1.23522        2  Ir         9.4581        182
   6.67307    -4.72727   -4.76073        1  Sr         9.46264        15
   6.67307     4.72727   -4.76073        1  Sr         9.46264        21
   3.46207    -7.87879   -3.94035        2  Ir         9.46507       105
   3.46207     7.87879   -3.94035        2  Ir         9.46507       115
  -2.00443    -6.30303   -6.86567        3  O          9.53328       594
  -2.00443     6.30303   -6.86567        3  O          9.53328       602
   8.64037     0          4.10134        3  O          9.56436       566
   3.02148    -1.57576   -8.94046        2  Ir         9.56787       145
   3.02148     1.57576   -8.94046        2  Ir         9.56787       148
  -2.14394    -1.57576   -9.19182        3  O          9.56917       499
  -2.14394     1.57576   -9.19182        3  O          9.56917       502
  -6.10843    -4.72727    5.69565        1  Sr         9.5969          4
  -6.10843     4.72727    5.69565        1  Sr         9.5969         10
   9.62453     0          0.712022       2  Ir         9.65084       170
   8.90546    -1.57576   -3.3941         3  O          9.65972       472
   8.90546     1.57576   -3.3941         3  O          9.65972       474
  -7.6444     -4.72727    3.54516        3  O          9.66189       572
  -7.6444      4.72727    3.54516        3  O          9.66189       578
   6.7776     -6.30303   -2.80378        3  O          9.67085       416
   6.7776      6.30303   -2.80378        3  O          9.67085       424
   6.71401    -4.72727    5.11198        1  Sr         9.67251        16
   6.71401     4.72727    5.11198        1  Sr         9.67251        22
  -3.23885    -3.15151   -8.57702        2  Ir         9.69471       158
  -3.23885     3.15151   -8.57702        2  Ir         9.69471       163
   1.33579    -9.45454   -1.68996        2  Ir         9.69684       194
   1.33579     9.45454   -1.68996        2  Ir         9.69684       206
  -8.19665    -3.15151   -4.1456         3  O          9.71098       257
  -8.19665     3.15151   -4.1456         3  O          9.71098       261
  -6.0039      0          7.6526         3  O          9.72672       409
  -8.33583    -4.72727   -1.69468        3  O          9.73165       316
  -8.33583     4.72727   -1.69468        3  O          9.73165       321
   3.64635    -6.30303   -6.51832        2  Ir         9.77305        70
   3.64635     6.30303   -6.51832        2  Ir         9.77305        78
  -1.86373    -7.87879    5.49718        3  O          9.7861        244
  -1.86373     7.87879    5.49718        3  O          9.7861        254
  -1.8134     -9.45454   -1.86975        3  O          9.80677       335
  -1.8134      9.45454   -1.86975        3  O          9.80677       347
   6.81854     0          7.06893        3  O          9.82152       421
   5.13711    -4.72727   -6.91122        3  O          9.82354       582
   5.13711     4.72727   -6.91122        3  O          9.82354       588
  -0.040938    0         -9.87271        3  O          9.87279       450
   0.040938    0          9.87271        3  O          9.87279       451
   8.53393    -4.72727    1.56477        3  O          9.88047       292
   8.53393     4.72727    1.56477        3  O          9.88047       297
  -7.57114    -6.30303   -0.772502       2  Ir         9.88166       225
  -7.57114     6.30303   -0.772502       2  Ir         9.88166       230
   5.17805    -7.87879    2.96149        3  O          9.8822        581
   5.17805     7.87879    2.96149        3  O          9.8822        591
   2.16676    -9.45454    1.89227        3  O          9.88251       302
   2.16676     9.45454    1.89227        3  O          9.88251       314
  -9.13516     0          3.93806        2  Ir         9.94783        65
  -8.15571     0          5.72711        3  O          9.96571       260
END
