 # it. E_fermi(eV)  Charge Distance  Partial Chg. D.  Convergence
  0       2.595          0.000         0.0000     0
  1      -6.420         0.2221         6.5593     0
  2      -6.824         0.3290         0.4839     0
  3      -6.824         0.0785         0.3653     0
  4      -6.581         0.0222         0.1990     0
  5      -6.581         0.0040         0.0851     0
  6      -6.583         0.0040         0.0347     0
  7      -6.588         0.0097         0.0038     0
  8      -6.605         0.0039         0.0022     0
  9      -6.611         0.0019         0.0011     0
 10      -6.612         0.0007         0.0003     0
 11      -6.612         0.0004         0.0014     0
 12      -6.612         0.0000         0.0001     1
