    0.1507330463E-03   -0.5305950237E+05    0.5741333400E+01
    0.1584612949E-03   -0.5047003451E+05    0.5741333297E+01
    0.1665857792E-03   -0.4800868163E+05    0.5741333084E+01
    0.1751268148E-03   -0.4566564303E+05    0.5741332756E+01
    0.1841057586E-03   -0.4343852585E+05    0.5741332304E+01
    0.1935450626E-03   -0.4131847066E+05    0.5741331720E+01
    0.2034683302E-03   -0.3930329097E+05    0.5741330994E+01
    0.2139003746E-03   -0.3738500276E+05    0.5741330115E+01
    0.2248672813E-03   -0.3556158387E+05    0.5741329071E+01
    0.2363964733E-03   -0.3382586263E+05    0.5741327849E+01
    0.2485167797E-03   -0.3217595507E+05    0.5741326433E+01
    0.2612585075E-03   -0.3060542740E+05    0.5741324805E+01
    0.2746535176E-03   -0.2911251601E+05    0.5741322947E+01
    0.2887353046E-03   -0.2769146061E+05    0.5741320838E+01
    0.3035390802E-03   -0.2634060662E+05    0.5741318454E+01
    0.3191018616E-03   -0.2505479836E+05    0.5741315768E+01
    0.3354625639E-03   -0.2383248188E+05    0.5741312753E+01
    0.3526620974E-03   -0.2266904876E+05    0.5741309375E+01
    0.3707434697E-03   -0.2156303993E+05    0.5741305599E+01
    0.3897518939E-03   -0.2051033515E+05    0.5741301385E+01
    0.4097349008E-03   -0.1950956536E+05    0.5741296691E+01
    0.4307424584E-03   -0.1855705020E+05    0.5741291467E+01
    0.4528270965E-03   -0.1765150674E+05    0.5741285659E+01
    0.4760440382E-03   -0.1678964570E+05    0.5741279209E+01
    0.5004513380E-03   -0.1597026645E+05    0.5741272052E+01
    0.5261100268E-03   -0.1519043133E+05    0.5741264114E+01
    0.5530842647E-03   -0.1444901857E+05    0.5741255317E+01
    0.5814415013E-03   -0.1374340252E+05    0.5741245570E+01
    0.6112526445E-03   -0.1307253675E+05    0.5741234778E+01
    0.6425922378E-03   -0.1243407581E+05    0.5741222831E+01
    0.6755386463E-03   -0.1182704518E+05    0.5741209611E+01
    0.7101742534E-03   -0.1124934785E+05    0.5741194986E+01
    0.7465856660E-03   -0.1070007764E+05    0.5741178811E+01
    0.7848639316E-03   -0.1017736063E+05    0.5741160925E+01
    0.8251047659E-03   -0.9680355520E+04    0.5741141150E+01
    0.8674087919E-03   -0.9207386100E+04    0.5741119292E+01
    0.9118817916E-03   -0.8757672374E+04    0.5741095133E+01
    0.9586349708E-03   -0.8329715748E+04    0.5741068436E+01
    0.1007785237E-02   -0.7922794096E+04    0.5741038937E+01
    0.1059455491E-02   -0.7535566206E+04    0.5741006344E+01
    0.1113774935E-02   -0.7167364369E+04    0.5740970339E+01
    0.1170879397E-02   -0.6816988830E+04    0.5740930566E+01
    0.1230911668E-02   -0.6483822966E+04    0.5740886635E+01
    0.1294021859E-02   -0.6166792401E+04    0.5740838116E+01
    0.1360367778E-02   -0.5865328318E+04    0.5740784532E+01
    0.1430115326E-02   -0.5578469115E+04    0.5740725360E+01
    0.1503438906E-02   -0.5305690647E+04    0.5740660020E+01
    0.1580521867E-02   -0.5046131295E+04    0.5740587876E+01
    0.1661556956E-02   -0.4799308547E+04    0.5740508224E+01
    0.1746746803E-02   -0.4564450788E+04    0.5740420288E+01
    0.1836304427E-02   -0.4341114254E+04    0.5740323212E+01
    0.1930453768E-02   -0.4128607160E+04    0.5740216055E+01
    0.2029430249E-02   -0.3926521722E+04    0.5740097776E+01
    0.2133481363E-02   -0.3734238075E+04    0.5739967231E+01
    0.2242867292E-02   -0.3551381810E+04    0.5739823159E+01
    0.2357861557E-02   -0.3377396881E+04    0.5739664167E+01
    0.2478751704E-02   -0.3211939773E+04    0.5739488725E+01
    0.2605840021E-02   -0.3054511984E+04    0.5739295146E+01
    0.2739444296E-02   -0.2904798573E+04    0.5739081571E+01
    0.2879898609E-02   -0.2762352121E+04    0.5738845955E+01
    0.3027554168E-02   -0.2626884073E+04    0.5738586046E+01
    0.3182780189E-02   -0.2497993106E+04    0.5738299365E+01
    0.3345964819E-02   -0.2375415006E+04    0.5737983185E+01
    0.3517516104E-02   -0.2258789391E+04    0.5737634504E+01
    0.3697863011E-02   -0.2147874471E+04    0.5737250022E+01
    0.3887456502E-02   -0.2042346840E+04    0.5736826109E+01
    0.4086770659E-02   -0.1941985351E+04    0.5736358774E+01
    0.4296303871E-02   -0.1846499450E+04    0.5735843632E+01
    0.4516580081E-02   -0.1755686973E+04    0.5735275863E+01
    0.4748150094E-02   -0.1669287059E+04    0.5734650173E+01
    0.4991592955E-02   -0.1587114988E+04    0.5733960748E+01
    0.5247517398E-02   -0.1508936291E+04    0.5733201207E+01
    0.5516563369E-02   -0.1434582258E+04    0.5732364547E+01
    0.5799403621E-02   -0.1363842296E+04    0.5731443083E+01
    0.6096745403E-02   -0.1296562386E+04    0.5730428391E+01
    0.6409332224E-02   -0.1232553164E+04    0.5729311237E+01
    0.6737945714E-02   -0.1171674072E+04    0.5728081500E+01
    0.7083407578E-02   -0.1113754966E+04    0.5726728100E+01
    0.7446581651E-02   -0.1058667627E+04    0.5725238904E+01
    0.7828376056E-02   -0.1006259000E+04    0.5723600638E+01
    0.8229745479E-02   -0.9564121625E+03    0.5721798788E+01
    0.8651693553E-02   -0.9089895466E+03    0.5719817488E+01
    0.9095275367E-02   -0.8638845619E+03    0.5717639407E+01
    0.9561600107E-02   -0.8209734232E+03    0.5715245628E+01
    0.1005183383E-01   -0.7801589898E+03    0.5712615509E+01
    0.1056720237E-01   -0.7413299701E+03    0.5709726551E+01
    0.1110899442E-01   -0.7043978626E+03    0.5706554237E+01
    0.1167856474E-01   -0.6692624983E+03    0.5703071882E+01
    0.1227733756E-01   -0.6358432680E+03    0.5699250459E+01
    0.1290681012E-01   -0.6040500816E+03    0.5695058423E+01
    0.1356855642E-01   -0.5738095421E+03    0.5690461517E+01
    0.1426423119E-01   -0.5450406212E+03    0.5685422587E+01
    0.1499557396E-01   -0.5176763634E+03    0.5679901362E+01
    0.1576441348E-01   -0.4916440147E+03    0.5673854253E+01
    0.1657267224E-01   -0.4668826317E+03    0.5667234123E+01
    0.1742237132E-01   -0.4433265709E+03    0.5659990068E+01
    0.1831563540E-01   -0.4209205345E+03    0.5652067176E+01
    0.1925469810E-01   -0.3996054405E+03    0.5643406303E+01
    0.2024190758E-01   -0.3793309654E+03    0.5633943824E+01
    0.2127973238E-01   -0.3600439476E+03    0.5623611416E+01
    0.2237076759E-01   -0.3416985802E+03    0.5612335810E+01
    0.2351774137E-01   -0.3242471336E+03    0.5600038589E+01
    0.2472352175E-01   -0.3076478905E+03    0.5586635960E+01
    0.2599112382E-01   -0.2918578819E+03    0.5572038586E+01
    0.2732371724E-01   -0.2768392662E+03    0.5556151393E+01
    0.2872463418E-01   -0.2625533470E+03    0.5538873455E+01
    0.3019737766E-01   -0.2489657616E+03    0.5520097868E+01
    0.3174563032E-01   -0.2360416893E+03    0.5499711716E+01
    0.3337326359E-01   -0.2237498802E+03    0.5477596036E+01
    0.3508434741E-01   -0.2120590996E+03    0.5453625905E+01
    0.3688316037E-01   -0.2009409355E+03    0.5427670533E+01
    0.3877420044E-01   -0.1903673271E+03    0.5399593509E+01
    0.4076219620E-01   -0.1803124413E+03    0.5369253068E+01
    0.4285211869E-01   -0.1707510857E+03    0.5336502539E+01
    0.4504919380E-01   -0.1616598076E+03    0.5301190837E+01
    0.4735891536E-01   -0.1530159935E+03    0.5263163159E+01
    0.4978705887E-01   -0.1447983269E+03    0.5222261756E+01
    0.5233969597E-01   -0.1369865135E+03    0.5178326916E+01
    0.5502320956E-01   -0.1295612053E+03    0.5131198075E+01
    0.5784430984E-01   -0.1225041679E+03    0.5080715115E+01
    0.6081005103E-01   -0.1157978081E+03    0.5026719873E+01
    0.6392784901E-01   -0.1094258064E+03    0.4969057766E+01
    0.6720549992E-01   -0.1033721260E+03    0.4907579730E+01
    0.7065119958E-01   -0.9762214890E+02    0.4842144167E+01
    0.7427356405E-01   -0.9216123428E+02    0.4772619339E+01
    0.7808165111E-01   -0.8697629013E+02    0.4698885570E+01
    0.8208498297E-01   -0.8205393448E+02    0.4620838090E+01
    0.8629357004E-01   -0.7738242569E+02    0.4538389385E+01
    0.9071793599E-01   -0.7294948044E+02    0.4451472450E+01
    0.9536914403E-01   -0.6874458542E+02    0.4360043103E+01
    0.1002588246E+00   -0.6475642624E+02    0.4264083553E+01
    0.1053992045E+00   -0.6097555389E+02    0.4163604429E+01
    0.1108031372E+00   -0.5739151993E+02    0.4058648535E+01
    0.1164841356E+00   -0.5399582520E+02    0.3949292261E+01
    0.1224564049E+00   -0.5077876129E+02    0.3835649339E+01
    0.1287348790E+00   -0.4773268356E+02    0.3717871239E+01
    0.1353352574E+00   -0.4484852066E+02    0.3596150733E+01
    0.1422740444E+00   -0.4211941376E+02    0.3470720857E+01
    0.1495685907E+00   -0.3953682938E+02    0.3341858057E+01
    0.1572371363E+00   -0.3709463348E+02    0.3209879255E+01
    0.1652988567E+00   -0.3478478088E+02    0.3075144472E+01
    0.1737739103E+00   -0.3260182991E+02    0.2938051619E+01
    0.1826834892E+00   -0.3053814354E+02    0.2799038483E+01
    0.1920498720E+00   -0.2858897820E+02    0.2658574949E+01
    0.2018964795E+00   -0.2674710503E+02    0.2517164505E+01
    0.2122479333E+00   -0.2500847664E+02    0.2375333786E+01
    0.2231301176E+00   -0.2336623802E+02    0.2233633777E+01
    0.2345702434E+00   -0.2181711235E+02    0.2092626754E+01
    0.2465969169E+00   -0.2035461655E+02    0.1952887759E+01
    0.2592402112E+00   -0.1897627869E+02    0.1814989227E+01
    0.2725317411E+00   -0.1767597237E+02    0.1679503230E+01
    0.2865047422E+00   -0.1645208778E+02    0.1546984248E+01
    0.3011941545E+00   -0.1529881706E+02    0.1417973056E+01
    0.3166367090E+00   -0.1421533909E+02    0.1292978210E+01
    0.3328710202E+00   -0.1319603195E+02    0.1172482054E+01
    0.3499376824E+00   -0.1224071159E+02    0.1056921538E+01
    0.3678793710E+00   -0.1134373035E+02    0.9466970375E+00
    0.3867409497E+00   -0.1050513496E+02    0.8421530582E+00
    0.4065695822E+00   -0.9719062233E+01    0.7435897747E+00
    0.4274148504E+00   -0.8985528374E+01    0.6512441174E+00
    0.4493288784E+00   -0.8298527622E+01    0.5653041279E+00
    0.4723664626E+00   -0.7657943153E+01    0.4858908309E+00
    0.4965852091E+00   -0.7058023834E+01    0.4130744964E+00
    0.5220456772E+00   -0.6498777771E+01    0.3468578650E+00
    0.5488115314E+00   -0.5975110435E+01    0.2871939015E+00
    0.5769497003E+00   -0.5487224483E+01    0.2339708978E+00
    0.6065305440E+00   -0.5030858421E+01    0.1870305063E+00
    0.6376280300E+00   -0.4606455708E+01    0.1461555932E+00
    0.6703199182E+00   -0.4210509205E+01    0.1110881659E+00
    0.7046879553E+00   -0.3843524361E+01    0.8152054947E-01
    0.7408180794E+00   -0.3502578640E+01    0.5711220702E-01
    0.7788006345E+00   -0.3188146019E+01    0.3748492102E-01
    0.8187305969E+00   -0.2897699261E+01    0.2223820294E-01
    0.8607078123E+00   -0.2631545806E+01    0.1094829703E-01
    0.9048372455E+00   -0.2387437606E+01    0.3181352825E-02
    0.9512292431E+00   -0.2165500426E+01   -0.1504080853E-02
    0.9999998093E+00   -0.1963683629E+01   -0.3546586029E-02
    0.1051270896E+01   -0.1781878734E+01   -0.3377112388E-02
    0.1105170707E+01   -0.1618190432E+01   -0.1411723282E-02
    0.1161834021E+01   -0.1472350502E+01    0.1954407434E-02
    0.1221402525E+01   -0.1342624331E+01    0.6350753591E-02
    0.1284025172E+01   -0.1227883005E+01    0.1143741132E-01
    0.1349858550E+01   -0.1124602073E+01    0.1690582072E-01
    0.1419067278E+01   -0.1033077651E+01    0.2248398982E-01
    0.1491824413E+01   -0.9526026785E+00    0.2793464101E-01
    0.1568311886E+01   -0.8841444939E+00    0.3305913846E-01
    0.1648720956E+01   -0.8243557155E+00    0.3769441044E-01
    0.1733252687E+01   -0.7721361905E+00    0.4171526256E-01
    0.1822118453E+01   -0.7278435916E+00    0.4503065876E-01
    0.1915540464E+01   -0.6929996025E+00    0.4758416957E-01
    0.2013752323E+01   -0.6629356384E+00    0.4935097583E-01
    0.2116999613E+01   -0.6629356384E+00    0.5033502085E-01
    0.2225540504E+01   -0.6629356384E+00    0.5054461979E-01
    0.2339646406E+01   -0.6629356384E+00    0.5005178256E-01
    0.2459602642E+01   -0.6629356384E+00    0.4894961931E-01
    0.2585709166E+01   -0.6629356384E+00    0.4734938054E-01
    0.2718281310E+01   -0.6629356384E+00    0.4537621464E-01
