 # it. E_fermi(eV)  Charge Distance  Partial Chg. D.  Convergence
  0       3.375          0.000         0.0000     0
  1      -7.585         0.1616         6.7016     0
  2      -7.848         0.2204         0.4702     0
  3      -7.325         0.0565         0.3027     0
  4      -7.247         0.0184         0.1923     0
  5      -7.299         0.0076         0.0416     0
  6      -7.299         0.0043         0.0613     0
  7      -7.299         0.0221         0.0172     0
  8      -7.299         0.0702         0.0343     0
  9      -7.238         0.1114         0.0410     0
 10      -7.364         0.0081         0.0702     0
 11      -7.364         0.0027         0.0142     0
 12      -7.364         0.0009         0.0165     0
 13      -7.364         0.1112         0.0009     0
 14      -7.276         0.1111         0.0398     0
 15      -7.388         0.0121         0.0653     0
 16      -7.378         0.0013         0.0064     0
 17      -7.378         0.0042         0.0034     0
 18      -7.376         0.0233         0.0020     0
 19      -7.376         0.0185         0.0284     0
 20      -7.376         0.0136         0.0212     0
 21      -7.367         0.0412         0.0026     0
 22      -7.367         0.0855         0.0509     0
 23      -7.320         0.1399         0.0256     0
 24      -7.468         0.0751         0.0756     0
 25      -7.387         0.0031         0.0402     0
 26      -7.386         0.0031         0.0014     0
 27      -7.382         0.0012         0.0021     0
 28      -7.382         0.0028         0.0016     0
 29      -7.381         0.0058         0.0008     0
 30      -7.381         0.0184         0.0072     0
