   -30.0000  1.174162E-02  6.460090E-04  9.668686E-05  5.215842E-05
   -29.5500  1.860149E-02  6.815372E-04  9.837989E-05  5.269547E-05
   -29.1000  3.385333E-02  7.202942E-04  1.001334E-04  5.324436E-05
   -28.6500  7.976589E-02  7.626972E-04  1.019512E-04  5.380555E-05
   -28.2000  3.604505E-01  8.092328E-04  1.038372E-04  5.437957E-05
   -27.7500  3.762873E+00  8.604759E-04  1.057959E-04  5.496694E-05
   -27.3000  1.993984E-01  9.171057E-04  1.078321E-04  5.556823E-05
   -26.8500  5.877764E-02  9.799338E-04  1.099512E-04  5.618405E-05
   -26.4000  2.759734E-02  1.049933E-03  1.121593E-04  5.681506E-05
   -25.9500  1.596515E-02  1.128279E-03  1.144629E-04  5.746197E-05
   -25.5000  1.040084E-02  1.216407E-03  1.168696E-04  5.812555E-05
   -25.0500  7.317338E-03  1.316086E-03  1.193878E-04  5.880662E-05
   -24.6000  5.433656E-03  1.429515E-03  1.220270E-04  5.950609E-05
   -24.1500  4.200361E-03  1.559460E-03  1.247984E-04  6.022493E-05
   -23.7000  3.350127E-03  1.709447E-03  1.277144E-04  6.096429E-05
   -23.2500  2.740296E-03  1.884035E-03  1.307899E-04  6.172525E-05
   -22.8000  2.289189E-03  2.089218E-03  1.340423E-04  6.250943E-05
   -22.3500  1.947422E-03  2.333020E-03  1.374922E-04  6.331793E-05
   -21.9000  1.683879E-03  2.626443E-03  1.411650E-04  6.415286E-05
   -21.4500  1.478427E-03  2.984970E-03  1.450920E-04  6.501652E-05
   -21.0000  1.318026E-03  3.431129E-03  1.493129E-04  6.591236E-05
   -20.5500  1.194807E-03  3.999115E-03  1.538804E-04  6.684153E-05
   -20.1000  1.105812E-03  4.743888E-03  1.588672E-04  6.787470E-05
   -19.6500  1.055854E-03  5.761546E-03  1.643815E-04  6.891899E-05
   -19.2000  1.073960E-03  7.246202E-03  1.706051E-04  6.641836E-05
   -18.7500  1.394995E-03  9.757527E-03  1.779519E-04  1.327579E-05
   -18.3000  4.537349E-03  1.802510E-02  1.886734E-04  1.450506E-04
   -17.8500  6.652276E-03  4.104617E-02  2.118874E-04  7.695590E-05
   -17.4000  7.944314E-03  8.583300E-02  2.555513E-04  7.505869E-05
   -16.9500  8.844982E-03  1.663717E-01  3.248336E-04  7.712123E-05
   -16.5000  9.509141E-03  3.049391E-01  4.235958E-04  7.996749E-05
   -16.0500  1.001443E-02  5.242920E-01  5.548986E-04  8.384141E-05
   -15.6000  1.040650E-02  8.063241E-01  7.212399E-04  8.903881E-05
   -15.1500  1.071484E-02  1.032036E+00  9.246914E-04  9.587560E-05
   -14.7000  1.095973E-02  1.070308E+00  1.166987E-03  1.046802E-04
   -14.2500  1.115569E-02  9.540200E-01  1.449584E-03  1.157911E-04
   -13.8000  1.131347E-02  7.941751E-01  1.773707E-03  1.295540E-04
   -13.3500  1.144119E-02  6.511366E-01  2.140379E-03  1.463199E-04
   -12.9000  1.154515E-02  5.381976E-01  2.550454E-03  1.664435E-04
   -12.4500  1.163027E-02  4.518925E-01  3.004629E-03  1.902809E-04
   -12.0000  1.170043E-02  3.858718E-01  3.503466E-03  2.181887E-04
   -11.5500  1.175878E-02  3.346944E-01  4.047402E-03  2.505228E-04
   -11.1000  1.180782E-02  2.943449E-01  4.636765E-03  2.876370E-04
   -10.6500  1.184961E-02  2.619786E-01  5.271778E-03  3.298822E-04
   -10.2000  1.188582E-02  2.355917E-01  5.952568E-03  3.776059E-04
    -9.7500  1.191783E-02  2.137603E-01  6.679178E-03  4.311507E-04
    -9.3000  1.194677E-02  1.954580E-01  7.451563E-03  4.908544E-04
    -8.8500  1.197356E-02  1.799338E-01  8.269603E-03  5.570489E-04
    -8.4000  1.199899E-02  1.666286E-01  9.133103E-03  6.300600E-04
    -7.9500  1.202369E-02  1.551198E-01  1.004180E-02  7.102067E-04
    -7.5000  1.204818E-02  1.450838E-01  1.099535E-02  7.978009E-04
    -7.0500  1.207290E-02  1.362684E-01  1.199337E-02  8.931470E-04
    -6.6000  1.209820E-02  1.284754E-01  1.303540E-02  9.965416E-04
    -6.1500  1.212438E-02  1.215468E-01  1.412091E-02  1.108273E-03
    -5.7000  1.215167E-02  1.153552E-01  1.524932E-02  1.228622E-03
    -5.2500  1.218026E-02  1.097972E-01  1.641998E-02  1.357859E-03
    -4.8000  1.221029E-02  1.047876E-01  1.763225E-02  1.496249E-03
    -4.3500  1.224189E-02  1.002560E-01  1.888536E-02  1.644043E-03
    -3.9000  1.227514E-02  9.614375E-02  2.017852E-02  1.801488E-03
    -3.4500  1.231011E-02  9.240120E-02  2.151088E-02  1.968819E-03
    -3.0000  1.234684E-02  8.898648E-02  2.288154E-02  2.146262E-03
    -2.5500  1.238535E-02  8.586386E-02  2.428956E-02  2.334034E-03
    -2.1000  1.242565E-02  8.300269E-02  2.573395E-02  2.532343E-03
    -1.6500  1.246775E-02  8.037650E-02  2.721367E-02  2.741388E-03
    -1.2000  1.251163E-02  7.796237E-02  2.872756E-02  2.961355E-03
    -0.7500  1.255726E-02  7.574028E-02  3.027464E-02  3.192425E-03
    -0.3000  1.260461E-02  7.369272E-02  3.185366E-02  3.434767E-03
     0.1500  1.265365E-02  7.180425E-02  3.346341E-02  3.688540E-03
     0.6000  1.270433E-02  7.006125E-02  3.510265E-02  3.953895E-03
     1.0500  1.275661E-02  6.845163E-02  3.677007E-02  4.230972E-03
     1.5000  1.281042E-02  6.696457E-02  3.846436E-02  4.519903E-03
     1.9500  1.286572E-02  6.559050E-02  4.018413E-02  4.820810E-03
     2.4000  1.292244E-02  6.432074E-02  4.192800E-02  5.133804E-03
     2.8500  1.298053E-02  6.314750E-02  4.369454E-02  5.458989E-03
     3.3000  1.303992E-02  6.206376E-02  4.548226E-02  5.796457E-03
     3.7500  1.310055E-02  6.106315E-02  4.728969E-02  6.146293E-03
     4.2000  1.316235E-02  6.013985E-02  4.911529E-02  6.508571E-03
     4.6500  1.322525E-02  5.928859E-02  5.095753E-02  6.883358E-03
     5.1000  1.328919E-02  5.850456E-02  5.281482E-02  7.270709E-03
     5.5500  1.335410E-02  5.778337E-02  5.468558E-02  7.670672E-03
     6.0000  1.341991E-02  5.712089E-02  5.656829E-02  8.083285E-03
     6.4500  1.348656E-02  5.651341E-02  5.846112E-02  8.508578E-03
     6.9000  1.355398E-02  5.595748E-02  6.036251E-02  8.946571E-03
     7.3500  1.362211E-02  5.544992E-02  6.227082E-02  9.397276E-03
     7.8000  1.369087E-02  5.498775E-02  6.418438E-02  9.860697E-03
     8.2500  1.376021E-02  5.456825E-02  6.610149E-02  1.033683E-02
     8.7000  1.383005E-02  5.418889E-02  6.802049E-02  1.082565E-02
     9.1500  1.390034E-02  5.384721E-02  6.993969E-02  1.132716E-02
     9.6000  1.397101E-02  5.354104E-02  7.185741E-02  1.184130E-02
    10.0500  1.404200E-02  5.326826E-02  7.377194E-02  1.236805E-02
    10.5000  1.411324E-02  5.302693E-02  7.568162E-02  1.290735E-02
    10.9500  1.418469E-02  5.281519E-02  7.758477E-02  1.345916E-02
    11.4000  1.425628E-02  5.263136E-02  7.947974E-02  1.402341E-02
    11.8500  1.432795E-02  5.247380E-02  8.136488E-02  1.460003E-02
    12.3000  1.439965E-02  5.234098E-02  8.323856E-02  1.518894E-02
    12.7500  1.447132E-02  5.223145E-02  8.509916E-02  1.579005E-02
    13.2000  1.454291E-02  5.214384E-02  8.694510E-02  1.640328E-02
    13.6500  1.461436E-02  5.207684E-02  8.877481E-02  1.702852E-02
    14.1000  1.468562E-02  5.202924E-02  9.058674E-02  1.766566E-02
    14.5500  1.475666E-02  5.199987E-02  9.237940E-02  1.831458E-02
    15.0000  1.482740E-02  5.198764E-02  9.415128E-02  1.897518E-02
