natx =      456
    x       y        z       iph  
      0.00000      0.00000      0.00000   0      0.00000
      1.17447     -1.45081     -0.16727   2      1.87409
     -1.38286      1.25464     -0.18313   2      1.87616
      9.02235      1.27110     -4.15564   2     10.01438
     -9.21987     -1.45648      3.64417   2     10.02034
      9.07696      3.74626     -2.07628   1     10.03676
     -6.65243      4.19861     -6.24221   1     10.04233
      7.71947      5.30402      3.62412   3     10.04276
      1.16500     -9.76878     -2.04498   1     10.04829
     -6.64274      1.24222      7.44786   2     10.05682
     -6.61356      6.65560      3.61998   2     10.05686
     -9.24947      3.95680     -0.18357   2     10.06194
     -1.43049      6.65037      7.43176   2     10.07496
      6.41614     -6.86391      3.66052   2     10.08363
      1.20462      9.35981      3.61196   2     10.10462
      7.91486      5.14169     -3.67096   3     10.12709
     -3.95728      6.91257     -6.25705   1     10.12889
      3.86508      9.15405     -2.09251   1     10.15451
      7.71911     -5.51191      3.65645   3     10.16540
      5.11330      8.00796      3.61678   3     10.16633
      3.77181     -1.25499      9.35805   1     10.16733
     -2.59466      5.24122     -8.33259   3     10.18011
      2.61740      5.24139     -8.33253   3     10.18597
     -7.91671      5.30348      3.62393   3     10.19481
     -4.03723      9.36494     -0.19967   2     10.20006
     -9.21978     -1.43328     -4.14773   2     10.21089
      1.23341     -6.86950      7.47221   2     10.22474
      1.25472     -3.94917      9.35931   1     10.23557
      6.41622     -6.84071     -4.13137   2     10.24848
     -7.72168     -5.67477     -3.63882   3     10.25029
     -3.95716      1.45861      9.34308   1     10.25084
     -5.31082      8.00760      3.61666   3     10.26678
     -6.61365      6.67852     -4.17199   2     10.28341
      3.82884     -9.56111     -0.15073   2     10.30037
     -7.91707     -5.51245      3.65626   3     10.31675
     -1.44007      4.15280      9.34182   1     10.32420
     -2.59503     -5.57472     -8.30026   3     10.32986
      2.61704     -5.57454     -8.30020   3     10.33527
      1.20470      9.38301     -4.17994   2     10.34234
     -1.40204     -9.56812      3.66854   2     10.34277
      5.11276     -8.21594      3.66528   3     10.34777
      7.91450     -5.67424     -3.63863   3     10.39596
    -10.42410     -0.00036     -0.00013   3     10.42410
     10.42410      0.00036      0.00013   3     10.42410
     -9.25894     -4.36118     -2.06128   1     10.44015
     -5.31136     -8.21630      3.66516   3     10.44756
      6.44534     -1.41537     -8.12786   2     10.46937
      4.92113     -8.01055     -4.61860   3     10.47463
     -1.40213     -9.54519     -4.12343   2     10.49187
     10.21300     -2.70253      0.02953   3     10.56456
     10.21320      2.70544      0.01336   3     10.56546
     -6.64304      1.28821     -8.13610   2     10.58232
      9.02226     -4.15979      3.65250   2     10.58517
      6.44583      3.94661      7.43994   2     10.60553
     -1.43080      6.69636     -8.15221   2     10.64645
      4.92167      8.21335     -4.66710   3     10.65194
      3.78157      6.65055      7.43182   2     10.66593
     -9.21969      3.95148      3.62800   2     10.66674
     -7.80660     -0.21292      7.26748   3     10.66792
      1.23310     -6.82351     -8.11176   2     10.67153
      7.82958     -0.21238      7.26767   3     10.68487
     -5.18183      5.42892      7.66968   3     10.73073
     -5.18219     -5.38701      7.70202   3     10.73294
      9.02217     -4.13687     -4.13947   2     10.75400
      5.24230      5.42928      7.66981   3     10.76033
     -5.50299     -8.01091     -4.61873   3     10.76059
      5.24193     -5.38665      7.70214   3     10.76182
     -4.04706     -9.76896     -2.04505   1     10.77003
      7.60783      2.49035      7.24843   3     10.79910
     -4.00744      9.35963      3.61190   2     10.80315
     -0.00036    -10.81590      0.03233   3     10.81595
      0.00036     10.81590     -0.03233   3     10.81595
     -6.64292     -4.16574      7.46403   2     10.82560
     -5.18249     -5.34102     -7.88195   3     10.84020
      5.24163     -5.34066     -7.88182   3     10.86832
     -9.21960      3.97469     -4.16390   2     10.86910
      3.77199      4.15298      9.34189   1     10.89707
     -3.95734     -3.94935      9.35925   1     10.90199
     -3.97865     -6.86968      7.47215   2     10.90207
     -2.58109     10.58690     -0.43475   3     10.90566
      7.60765     -2.91761      7.26460   3     10.91619
      2.63097     10.58710     -0.43468   3     10.91777
     -5.18213      5.47491     -7.91428   3     10.93000
     -5.50245      8.21299     -4.66723   3     10.93221
      3.81002     -9.56794      3.66860   2     10.93254
      0.09762      0.05857     10.93870   3     10.93929
     10.32520     -0.10385      3.64112   3     10.94889
      7.58869      7.88648     -0.41395   3     10.95245
      5.24199      5.47527     -7.91416   3     10.95860
    -10.63520     -2.70324      0.02927   3     10.97342
    -10.63510      2.70472      0.01311   3     10.97365
      2.39595      7.89814      7.23221   3     10.97388
      8.98357     -1.20882     -6.22585   1     10.99668
     -4.00736      9.38283     -4.18000   2     11.02583
     -2.81611      7.89796      7.23214   3     11.07303
      3.80993     -9.54501     -4.12337   2     11.07362
     -8.02835      2.48982      7.24824   3     11.09913
      6.44552      3.99260     -8.14403   2     11.12703
    -10.52300     -0.10457      3.64087   3     11.13555
     -0.22670      8.13237      7.65418   3     11.17020
     -0.22724     -8.09153      7.70268   3     11.17389
     -9.16953      1.50443     -6.24095   1     11.19344
      3.78126      6.69653     -8.15214   2     11.20709
     -8.02853     -2.91815      7.26441   3     11.21359
      9.04144      6.66296     -0.19917   2     11.23309
     10.32520      2.60017      3.63301   3     11.25031
     -6.65280     -6.61732     -6.20987   1     11.25216
      1.25424     -9.31115     -6.20849   1     11.26126
     -0.22755     -8.04554     -7.88129   3     11.26487
     -0.29045     -2.64875     10.94910   3     11.26867
     -6.64322     -4.11975     -8.11993   2     11.27111
     -8.04749      7.88595     -0.41414   3     11.27483
      7.58815     -8.33741     -0.36545   3     11.27945
     -0.29027      2.75921     10.93300   3     11.27954
     -0.09853     10.71170      3.60866   3     11.30366
     10.32500     -2.80780      3.64918   3     11.30513
      2.39541     -8.32576      7.28071   3     11.31658
     -3.97896     -6.82369     -8.11182   2     11.32239
    -10.32680      0.10420     -4.64538   3     11.32401
      6.38689      9.36530     -0.19954   2     11.33759
      6.46684      6.91293     -6.25692   1     11.34714
     -2.58181    -11.04490     -0.37008   3     11.34868
      2.63025    -11.04470     -0.37002   3     11.35960
     -0.22701      8.17836     -7.92978   3     11.39379
     -7.80691     -0.16693     -8.31649   3     11.40788
     -2.81665     -8.32593      7.28064   3     11.41325
      7.82928     -0.16639     -8.31630   3     11.42305
    -10.52310      2.59945      3.63276   3     11.43196
     10.13340     -2.60241     -4.63471   3     11.44285
     -2.50908     10.54930     -3.68725   3     11.45334
     -6.55904      9.15369     -2.09264   1     11.45383
      6.46696      1.45897      9.34321   1     11.45625
     -9.25858      6.45475     -2.09361   1     11.47904
      7.52789      7.84936     -3.68090   3     11.48175
    -10.52320     -2.80851      3.64893   3     11.48652
     10.13350      2.80556     -4.65087   3     11.49737
      2.70298     10.54950     -3.68719   3     11.49754
     10.52140      0.10492     -4.64513   3     11.50166
     -9.24983     -6.85913     -0.15123   2     11.51651
     -0.09925    -10.92010      3.67333   3     11.52180
     -6.65231     -1.25535      9.35793   1     11.54989
     -1.44019      9.60675     -6.25831   1     11.55553
      7.60752      2.53634     -8.33553   3     11.56670
      2.50759     10.71180      3.60789   3     11.57789
     -1.40147      1.22475     11.42820   2     11.57877
     -1.44043     -6.66313      9.37416   1     11.59082
     -8.04804     -8.33795     -0.36564   3     11.59422
      1.20464     -1.47891     11.43640   2     11.59438
     -6.59528     -9.56147     -0.15086   2     11.61646
     -2.70447     10.71160      3.60783   3     11.62192
      7.60734     -2.87162     -8.31936   3     11.63312
      1.25508      6.86676      9.32698   1     11.64990
      0.09695    -10.71140     -4.61292   3     11.66287
      9.07660     -7.06967     -2.04395   1     11.68515
     11.59860     -1.45045     -0.16715   2     11.69014
      7.71942      8.00788      3.61592   3     11.69575
      8.98375      4.19915     -6.24202   1     11.71765
      8.99345      1.24276      7.44805   2     11.74308
    -10.42390      5.40761     -0.01629   3     11.74309
     10.42390     -5.40761      0.01629   3     11.74309
    -10.42430     -5.40832      0.01604   3     11.74377
     10.42430      5.40832     -0.01604   3     11.74377
     -9.16971     -3.90354     -6.22478   1     11.75028
      2.39565      7.94413     -8.35176   3     11.77286
      9.02262      6.65614      3.62016   2     11.78208
      2.50687    -10.92010      3.67256   3     11.79070
     11.58950      1.04750     -2.07719   1     11.82068
     -7.91676      8.00734      3.61572   3     11.82650
      7.52735     -8.37453     -3.63240   3     11.83166
     -2.70519    -10.92020      3.67249   3     11.83453
      6.37706     -9.76861     -2.04492   1     11.84375
     -8.02866      2.53581     -8.33572   3     11.84795
     -7.80642      5.19505      7.25131   3     11.85370
      7.71888     -8.21602      3.66441   3     11.85378
     -2.81642      7.94395     -8.35182   3     11.86556
      7.82976      5.19558      7.25150   3     11.86943
     -8.10829      7.84883     -3.68109   3     11.87009
     -3.95783     -9.31133     -6.20855   1     11.87061
    -11.80700      1.25428     -0.18325   2     11.87485
      0.09767     10.92050     -4.67758   3     11.88051
      6.41668      9.35998      3.61202   2     11.90923
     -8.02884     -2.87216     -8.31955   3     11.91329
     -9.19053     -1.46189      7.45592   2     11.92450
     -2.50980    -11.08260     -3.62259   3     11.92670
     -0.09920     -0.05822    -11.94300   3     11.94355
    -10.71490     -2.60312     -4.63496   3     11.96111
      2.39510     -8.27977     -8.30326   3     11.96809
      2.70226    -11.08240     -3.62252   3     11.96848
      9.02253      6.67906     -4.17180   2     11.97580
     -6.64255      6.65019      7.43170   2     11.98243
     -7.91730     -8.21655      3.66423   3     11.98424
      1.16536      1.04715     -2.07732   1      2.60189
     -2.58145     -0.22898     -0.40242   3      2.62264
      2.63061     -0.22880     -0.40235   3      2.67102
     -0.21112     -2.70288      0.02940   3      2.71127
     -0.21094      2.70508      0.01323   3      2.71332
     -1.34734     -1.66206     -2.06024   1      2.97025
      2.37645      2.47834     -0.39785   3      3.45658
     -0.09889     -0.10421      3.64100   3      3.64383
     -2.83561      2.47816     -0.39791   3      3.78686
      2.37627     -2.92963     -0.38168   3      3.79145
      3.82920      1.25482     -0.18306   2      4.03372
     -1.40168      1.24781      3.63620   2      4.09191
     -2.83580     -2.92981     -0.38174   3      4.09527
      1.20426     -1.45612      3.64429   2      4.10504
      1.17465      3.95716     -0.18344   2      4.13190
     -4.03759     -1.45099     -0.16734   2      4.29366
     -1.38304     -4.15333     -0.16696   2      4.38073
      2.50723     -0.10413      3.64022   3      4.42134
     -2.50944     -0.26663     -3.65492   3      4.44149
     -0.09894      2.59981      3.63289   3      4.46841
     -1.34716      3.74591     -2.07641   1      4.48978
     -2.70483     -0.10431      3.64016   3      4.53627
      1.20434     -1.43292     -4.14760   2      4.55042
      2.70262     -0.26645     -3.65486   3      4.55337
     -1.40177      1.27074     -4.15576   2      4.56619
     -0.09912     -2.80815      3.64905   3      4.60555
      0.09731      0.10456     -4.64525   3      4.64745
     -4.04670      1.04697     -2.07738   1      4.66770
      3.86472     -1.66188     -2.06018   1      4.68426
      1.16518     -4.36082     -2.06115   1      4.96213
      2.31565      2.44122     -3.66480   3      4.97519
      2.50718      2.59973      3.63202   3      5.12212
     -5.21206     -0.00018     -0.00006   3      5.21206
      5.21206      0.00018      0.00006   3      5.21206
     -2.70488      2.59956      3.63196   3      5.22161
      2.31547     -2.96675     -3.64863   3      5.24171
      2.50700     -2.80823      3.64818   3      5.24218
     -2.89641      2.44104     -3.66486   3      5.27058
     -0.29075     -2.60276     -4.63483   3      5.32358
     -2.70506     -2.80841      3.64812   3      5.33978
     -0.00018     -5.40796      0.01617   3      5.40798
      0.00018      5.40796     -0.01617   3      5.40798
      3.81038      1.24799      3.63627   2      5.41285
     -0.29057      2.80520     -4.65100   3      5.43924
      1.20444      3.95184      3.62813   2      5.49828
     -2.89659     -2.96692     -3.64870   3      5.52321
     -4.00781     -1.45630      3.64423   2      5.60926
      3.82902     -4.15315     -0.16690   2      5.65136
     -4.03741      3.95698     -0.18350   2      5.65615
      5.00094     -2.70270      0.02946   3      5.68462
      5.00112      2.70526      0.01330   3      5.68593
     -1.40186     -4.16015      3.65237   2      5.71068
      3.86490      3.74608     -2.07634   1      5.76903
      3.81029      1.27092     -4.15570   2      5.77957
     -2.58127      5.17898     -0.41858   3      5.80172
      2.63079      5.17916     -0.41852   3      5.82408
      1.20452      3.97504     -4.16377   2      5.88122
     -4.00772     -1.43310     -4.14767   2      5.94296
     -1.40195     -4.13723     -4.13959   2      6.01817
     -5.42318     -2.70306      0.02934   3      6.05956
     -5.42300      2.70490      0.01317   3      6.06016
     -2.58163     -5.63695     -0.38625   3      6.21202
      2.63043     -5.63677     -0.38619   3      6.23229
      5.11317     -0.10403      3.64106   3      6.27795
     -4.04688     -4.36100     -2.06121   1      6.29636
     -0.09871      5.30375      3.62483   3      6.42487
     -5.31095     -0.10439      3.64093   3      6.43999
     -1.44055     -1.20918     -6.22598   1      6.50385
      1.25460      1.50478     -6.24082   1      6.54112
      6.38653     -1.45063     -0.16721   2      6.55134
     -0.09907     -5.51218      3.65716   3      6.61580
     -4.00762      3.95166      3.62806   2      6.69623
     -6.59492      1.25446     -0.18319   2      6.71567
      3.81020     -4.15997      3.65243   2      6.72036
      6.37742      1.04733     -2.07725   1      6.78847
      5.11312      2.59999      3.63295   3      6.78987
     -2.50926      5.14134     -3.67109   3      6.79755
     -1.38268      6.66260     -0.19929   2      6.80748
      2.70280      5.14152     -3.67103   3      6.87145
      5.11294     -2.80797      3.64912   3      6.88062
      1.16554      6.45511     -2.09348   1      6.88546
      2.50741      5.30384      3.62406   3      6.89577
     -5.11475      0.10438     -4.64532   3      6.91018
     -5.31100      2.59963      3.63282   3      6.93990
      1.17429     -6.85877     -0.15111   2      6.96021
     -2.70465      5.30366      3.62399   3      6.96974
      3.81011     -4.13705     -4.13953   2      6.98340
     -4.00754      3.97486     -4.16383   2      7.01408
     -5.31118     -2.80833      3.64899   3      7.02926
      0.09713     -5.30340     -4.62908   3      7.04016
      5.30937      0.10474     -4.64519   3      7.05536
     -6.55940     -1.66224     -2.06030   1      7.07344
      2.50705     -5.51209      3.65639   3      7.07373
     -2.70501     -5.51227      3.65633   3      7.14639
     -2.50962     -5.67459     -3.63876   3      7.19303
      0.09749      5.51253     -4.66142   3      7.21986
      4.92131     -2.60258     -4.63477   3      7.24388
      2.70244     -5.67441     -3.63869   3      7.26238
      4.92149      2.80538     -4.65094   3      7.32956
      3.77151     -1.20900     -6.22591   1      7.37888
      1.25442     -3.90318     -6.22466   1      7.45351
     -1.34752     -7.07003     -2.04407   1      7.48194
     -5.21188      5.40779     -0.01623   3      7.51054
      5.21188     -5.40779      0.01623   3      7.51054
     -5.21224     -5.40814      0.01610   3      7.51104
      5.21224      5.40814     -0.01610   3      7.51104
      6.38671      3.95734     -0.18338   2      7.51560
      6.41632     -1.45595      3.64436   2      7.52132
     -3.95747      1.50460     -6.24088   1      7.54148
     -6.61374      1.24763      3.63614   2      7.64981
     -5.50281     -2.60294     -4.63490   3      7.65105
     -1.44037      4.19879     -6.24214   1      7.65956
     -1.43067      1.24240      7.44793   2      7.68518
      0.03005      0.02114      7.68591   3      7.68600
      3.82938      6.66278     -0.19923   2      7.68742
      1.23359     -1.46153      7.45604   2      7.69742
     -1.40150      6.65578      3.62004   2      7.70508
     -2.59454     -0.21274      7.26754   3      7.71972
      2.61752     -0.21256      7.26760   3      7.72752
     -5.50263      2.80502     -4.65106   3      7.73172
      6.41640     -1.43274     -4.14754   2      7.77335
     -6.59510     -4.15350     -0.16702   2      7.79582
     -7.79351     -0.22916     -0.40248   3      7.80726
     -6.55922      3.74573     -2.07647   1      7.83362
      7.84267     -0.22862     -0.40229   3      7.85631
      1.20408     -6.86409      3.66046   2      7.87175
      0.02975      0.06713     -7.89805   3      7.89839
     -4.04652      6.45493     -2.09355   1      7.90085
     -6.61383      1.27056     -4.15583   2      7.91378
     -4.03777     -6.85895     -0.15117   2      7.96063
      7.58851      2.47852     -0.39778   3      7.99292
      6.37724     -4.36064     -2.06108   1      7.99578
     -1.40159      6.67870     -4.17193   2      7.99841
      2.39577      2.49017      7.24837   3      8.02991
      1.20416     -6.84089     -4.13144   2      8.08187
     -0.21130     -8.11085      0.04557   3      8.11373
     -0.21076      8.11305     -0.00293   3      8.11579
     -0.22688      2.72440      7.67035   3      8.14298
      7.58833     -2.92945     -0.38161   3      8.14310
     -0.22706     -2.68356      7.68651   3      8.14466
     -2.81629      2.48999      7.24831   3      8.16514
      2.39559     -2.91779      7.26454   3      8.18693
      5.11335      5.30393      3.62489   3      8.21084
      2.37663      7.88630     -0.41401   3      8.24703
      3.86454     -7.06985     -2.04401   1      8.31237
     -2.81647     -2.91797      7.26448   3      8.31984
     -0.22737     -2.63757     -7.89745   3      8.32936
     -5.31077      5.30357      3.62477   3      8.33493
      1.23328     -1.41555     -8.12792   2      8.34193
     -3.95764     -3.90336     -6.22472   1      8.34543
      5.11299     -5.51200      3.65723   3      8.36063
     -1.43098      1.28839     -8.13604   2      8.36079
      6.41650      3.95202      3.62819   2      8.36383
     -0.22719      2.77039     -7.91362   3      8.38761
     -2.83543      7.88612     -0.41408   3      8.39059
      3.77169      4.19897     -6.24208   1      8.41550
     -8.04767      2.47798     -0.39797   3      8.42993
      3.78139      1.24258      7.44799   2      8.44485
      3.81056      6.65596      3.62010   2      8.48100
     -5.31113     -5.51236      3.65710   3      8.48343
      1.23377      3.94643      7.43987   2      8.51165
      7.71929     -0.10395      3.64029   3      8.53522
     -7.72150     -0.26681     -3.65498   3      8.54702
     -8.04786     -2.92998     -0.38181   3      8.57313
     -3.97847     -1.46171      7.45598   2      8.57651
      6.41658      3.97522     -4.16371   2      8.62040
     -6.61392     -4.16033      3.65231   2      8.62506
     -1.43085     -4.16556      7.46409   2      8.66671
      2.37609     -8.33759     -0.36551   3      8.67726
     -5.11493     -5.30358     -4.62915   3      8.70170
     -2.59484     -0.16675     -8.31643   3      8.71344
     -7.91689     -0.10448      3.64010   3      8.71426
      2.61722     -0.16657     -8.31636   3      8.72006
      7.52771      2.44140     -3.66474   3      8.72108
      7.91468     -0.26627     -3.65480   3      8.72185
      3.81047      6.67888     -4.17187   2      8.74824
     -4.00799     -6.86427      3.66040   2      8.75104
     -0.09876      8.00778      3.61672   3      8.78720
     -2.83597     -8.33777     -0.36557   3      8.81446
      5.30919     -5.30322     -4.62902   3      8.81700
     -6.61401     -4.13741     -4.13966   2      8.83177
     -5.11457      5.51235     -4.66148   3      8.84727
      7.52753     -2.96657     -3.64857   3      8.87560
      7.71924      2.59991      3.63208   3      8.91842
     -4.00790     -6.84107     -4.13150   2      8.94051
      5.30955      5.51271     -4.66136   3      8.96156
      2.31583      7.84918     -3.68097   3      8.97342
      7.71906     -2.80805      3.64825   3      8.98770
     -0.09930     -8.21612      3.66522   3      8.99713
      2.39547      2.53616     -8.33559   3      9.03617
      3.78108      1.28857     -8.13598   2      9.06373
     -7.91694      2.59938      3.63189   3      9.08985
      6.46666      1.50496     -6.24076   1      9.11206
      2.39528     -2.87180     -8.31943   3      9.12127
      9.04126      1.25500     -0.18300   2      9.12978
      2.50736      8.00770      3.61585   3      9.13698
     -2.89623      7.84901     -3.68103   3      9.14030
      1.23346      3.99242     -8.14409   2      9.15353
     -2.81660      2.53599     -8.33566   3      9.15684
     -7.91712     -2.80859      3.64806   3      9.15846
     -3.97878     -1.41572     -8.12799   2      9.15965
     -1.44073     -6.61714     -6.20981   1      9.18825
     -6.65261     -1.20936     -6.22604   1      9.19148
     -2.70470      8.00752      3.61579   3      9.19292
     -1.43116     -4.11957     -8.11987   2      9.21691
     -8.10847      2.44086     -3.66493   3      9.22696
     -2.81678     -2.87198     -8.31949   3      9.24102
     -0.29093     -8.01073     -4.61867   3      9.25141
     -5.18201      0.02096      7.68585   3      9.26963
     -2.59436      5.19523      7.25137   3      9.28997
      2.61770      5.19541      7.25144   3      9.29667
      5.24212      0.02131      7.68598   3      9.30347
      6.37760      6.45529     -2.09342   1      9.31273
     -3.97829      3.94625      7.43981   2      9.31399
      2.50682     -8.21620      3.66435   3      9.33903
      3.78121     -4.16538      7.46416   2      9.34674
     -9.24965     -1.45117     -0.16740   2      9.36429
     -7.79333      5.17880     -0.41864   3      9.36649
      6.38635     -6.85860     -0.15104   2      9.37276
     -8.10865     -2.96710     -3.64876   3      9.37376
     -6.59474      6.66243     -0.19936   2      9.37648
     -2.70524     -8.21637      3.66429   3      9.39436
      0.03023      5.42910      7.66975   3      9.39687
      0.02987     -5.38683      7.70208   3      9.39898
      1.25478      6.91275     -6.25699   1      9.40800
      7.84285      5.17934     -0.41846   3      9.40803
      2.31529     -8.37471     -3.63247   3      9.41760
      1.17483      9.36512     -0.19961   2      9.44063
     -5.18231      0.06695     -7.89812   3      9.44675
     -0.29039      8.21317     -4.66716   3      9.45108
      9.07678     -1.66170     -2.06011   1      9.45480
      5.24181      0.06730     -7.89799   3      9.47942
     -1.34698      9.15387     -2.09257   1      9.48612
      0.02957     -5.34084     -7.88189   3      9.52101
      5.00076     -8.11067      0.04563   3      9.52852
      5.00130      8.11323     -0.00287   3      9.53087
      1.25490      1.45879      9.34314   1      9.53924
      4.98518      2.72458      7.67041   3      9.54518
      4.98500     -2.68338      7.68658   3      9.54643
     -9.25876      1.04679     -2.07744   1      9.54653
     -1.44025     -1.25517      9.35799   1      9.55101
     -2.59472     -5.62070      7.28371   3      9.55915
      2.61734     -5.62052      7.28377   3      9.56525
     -2.89677     -8.37489     -3.63253   3      9.57733
      0.02993      5.47509     -7.91422   3      9.62353
     -7.79369     -5.63713     -0.38631   3      9.62643
     -1.38322     -9.56129     -0.15079   2      9.66200
      7.84249     -5.63659     -0.38612   3      9.66565
      4.98469     -2.63739     -7.89739   3      9.70421
      4.98487      2.77057     -7.91355   3      9.75445
     -5.42337     -8.11103      0.04550   3      9.75724
     -5.42282      8.11287     -0.00300   3      9.75836
      6.46648     -3.90300     -6.22459   1      9.78746
     -5.43895      2.72422      7.67028   3      9.78962
     -5.43912     -2.68374      7.68645   3      9.79122
      9.02244      1.24817      3.63633   2      9.80741
      3.77133     -6.61696     -6.20975   1      9.82691
     -6.55958     -7.07020     -2.04414   1      9.85872
      3.78090     -4.11939     -8.11981   2      9.85880
     -3.97860      3.99224     -8.14415   2      9.90426
     -5.43943     -2.63775     -7.89752   3      9.94565
      9.04108     -4.15297     -0.16683   2      9.95068
      6.44565     -1.46135      7.45610   2      9.96370
     -7.72132      5.14116     -3.67115   3      9.97635
     -5.43925      2.77021     -7.91368   3      9.99429
