   -30.0000  8.630246E-03  6.046043E-04  8.740231E-05  4.663936E-05
   -29.5500  1.274793E-02  6.369601E-04  8.886410E-05  4.709491E-05
   -29.1000  2.071549E-02  6.721709E-04  9.037589E-05  4.756001E-05
   -28.6500  3.938454E-02  7.105947E-04  9.194062E-05  4.803503E-05
   -28.2000  1.017884E-01  7.526481E-04  9.356146E-05  4.852036E-05
   -27.7500  6.272494E-01  7.988189E-04  9.524187E-05  4.901642E-05
   -27.3000  1.403906E+00  8.496822E-04  9.698574E-05  4.952362E-05
   -26.8500  1.392860E-01  9.059192E-04  9.879724E-05  5.004244E-05
   -26.4000  4.765607E-02  9.683414E-04  1.006810E-04  5.057336E-05
   -25.9500  2.375510E-02  1.037926E-03  1.026423E-04  5.111697E-05
   -25.5000  1.419095E-02  1.115856E-03  1.046868E-04  5.167382E-05
   -25.0500  9.432104E-03  1.203575E-03  1.068210E-04  5.224451E-05
   -24.6000  6.727409E-03  1.302865E-03  1.090522E-04  5.282974E-05
   -24.1500  5.045779E-03  1.415946E-03  1.113888E-04  5.343032E-05
   -23.7000  3.930449E-03  1.545617E-03  1.138402E-04  5.404697E-05
   -23.2500  3.153953E-03  1.695447E-03  1.164175E-04  5.468047E-05
   -22.8000  2.592762E-03  1.870072E-03  1.191334E-04  5.533190E-05
   -22.3500  2.175189E-03  2.075600E-03  1.220032E-04  5.600238E-05
   -21.9000  1.857448E-03  2.320247E-03  1.250450E-04  5.669417E-05
   -21.4500  1.611756E-03  2.615323E-03  1.282810E-04  5.740660E-05
   -21.0000  1.420105E-03  2.976846E-03  1.317388E-04  5.814835E-05
   -20.5500  1.270955E-03  3.428321E-03  1.354541E-04  5.891017E-05
   -20.1000  1.157754E-03  4.005836E-03  1.394743E-04  5.970951E-05
   -19.6500  1.079312E-03  4.768446E-03  1.438661E-04  6.042022E-05
   -19.2000  1.044744E-03  5.822640E-03  1.487318E-04  6.572324E-05
   -18.7500  1.104206E-03  7.398652E-03  1.542528E-04  1.858401E-04
   -18.3000  1.967526E-03  1.038156E-02  1.773492E-04  1.071005E-04
   -17.8500  5.331555E-03  2.151163E-02  1.721429E-04  1.923656E-04
   -17.4000  7.082394E-03  4.724538E-02  1.959089E-04  6.578020E-05
   -16.9500  8.210481E-03  9.502940E-02  2.377407E-04  6.675743E-05
   -16.5000  9.009784E-03  1.789396E-01  3.014489E-04  6.856551E-05
   -16.0500  9.601637E-03  3.202070E-01  3.899703E-04  7.103813E-05
   -15.6000  1.005077E-02  5.376067E-01  5.056748E-04  7.437062E-05
   -15.1500  1.039664E-02  8.059735E-01  6.505234E-04  7.879009E-05
   -14.7000  1.066531E-02  1.008468E+00  8.261618E-04  8.454142E-05
   -14.2500  1.087500E-02  1.033186E+00  1.033983E-03  9.187995E-05
   -13.8000  1.103888E-02  9.193221E-01  1.275172E-03  1.010685E-04
   -13.3500  1.116681E-02  7.677075E-01  1.550737E-03  1.123759E-04
   -12.9000  1.126630E-02  6.320479E-01  1.861533E-03  1.260750E-04
   -12.4500  1.134318E-02  5.243568E-01  2.208284E-03  1.424416E-04
   -12.0000  1.140206E-02  4.415883E-01  2.591597E-03  1.617533E-04
   -11.5500  1.144659E-02  3.779586E-01  3.011973E-03  1.842885E-04
   -11.1000  1.147972E-02  3.284358E-01  3.469819E-03  2.103252E-04
   -10.6500  1.150384E-02  2.892638E-01  3.965456E-03  2.401406E-04
   -10.2000  1.152090E-02  2.577593E-01  4.499126E-03  2.740102E-04
    -9.7500  1.153250E-02  2.320188E-01  5.071000E-03  3.122070E-04
    -9.3000  1.153996E-02  2.106825E-01  5.681176E-03  3.550013E-04
    -8.8500  1.154436E-02  1.927662E-01  6.329695E-03  4.026600E-04
    -8.4000  1.154661E-02  1.775468E-01  7.016534E-03  4.554462E-04
    -7.9500  1.154747E-02  1.644847E-01  7.741617E-03  5.136186E-04
    -7.5000  1.154756E-02  1.531712E-01  8.504811E-03  5.774315E-04
    -7.0500  1.154740E-02  1.432922E-01  9.305933E-03  6.471342E-04
    -6.6000  1.154741E-02  1.346031E-01  1.014475E-02  7.229709E-04
    -6.1500  1.154797E-02  1.269110E-01  1.102099E-02  8.051801E-04
    -5.7000  1.154936E-02  1.200621E-01  1.193433E-02  8.939950E-04
    -5.2500  1.155182E-02  1.139323E-01  1.288439E-02  9.896426E-04
    -4.8000  1.155556E-02  1.084208E-01  1.387076E-02  1.092344E-03
    -4.3500  1.156074E-02  1.034444E-01  1.489300E-02  1.202314E-03
    -3.9000  1.156748E-02  9.893451E-02  1.595061E-02  1.319761E-03
    -3.4500  1.157589E-02  9.483362E-02  1.704302E-02  1.444887E-03
    -3.0000  1.158604E-02  9.109341E-02  1.816973E-02  1.577888E-03
    -2.5500  1.159799E-02  8.767296E-02  1.933009E-02  1.718952E-03
    -2.1000  1.161178E-02  8.453736E-02  2.052346E-02  1.868262E-03
    -1.6500  1.162744E-02  8.165665E-02  2.174916E-02  2.025992E-03
    -1.2000  1.164498E-02  7.900502E-02  2.300646E-02  2.192311E-03
    -0.7500  1.166440E-02  7.656007E-02  2.429461E-02  2.367380E-03
    -0.3000  1.168570E-02  7.430227E-02  2.561282E-02  2.551354E-03
     0.1500  1.170885E-02  7.221452E-02  2.696026E-02  2.744381E-03
     0.6000  1.173384E-02  7.028181E-02  2.833609E-02  2.946600E-03
     1.0500  1.176063E-02  6.849083E-02  2.973941E-02  3.158146E-03
     1.5000  1.178920E-02  6.682982E-02  3.116930E-02  3.379146E-03
     1.9500  1.181951E-02  6.528829E-02  3.262480E-02  3.609717E-03
     2.4000  1.185151E-02  6.385687E-02  3.410488E-02  3.849974E-03
     2.8500  1.188516E-02  6.252716E-02  3.560865E-02  4.100022E-03
     3.3000  1.192041E-02  6.129162E-02  3.713500E-02  4.359960E-03
     3.7500  1.195722E-02  6.014344E-02  3.868286E-02  4.629880E-03
     4.2000  1.199553E-02  5.907643E-02  4.025115E-02  4.909866E-03
     4.6500  1.203529E-02  5.808499E-02  4.183874E-02  5.199997E-03
     5.1000  1.207646E-02  5.716403E-02  4.344448E-02  5.500344E-03
     5.5500  1.211896E-02  5.630889E-02  4.506721E-02  5.810972E-03
     6.0000  1.216276E-02  5.551533E-02  4.670574E-02  6.131938E-03
     6.4500  1.220779E-02  5.477944E-02  4.835884E-02  6.463294E-03
     6.9000  1.225400E-02  5.409763E-02  5.002530E-02  6.805083E-03
     7.3500  1.230133E-02  5.346659E-02  5.170386E-02  7.157344E-03
     7.8000  1.234974E-02  5.288326E-02  5.339324E-02  7.520109E-03
     8.2500  1.239915E-02  5.234484E-02  5.509218E-02  7.893402E-03
     8.7000  1.244952E-02  5.184868E-02  5.679936E-02  8.277242E-03
     9.1500  1.250080E-02  5.139236E-02  5.851358E-02  8.671640E-03
     9.6000  1.255292E-02  5.097361E-02  6.023331E-02  9.076603E-03
    10.0500  1.260584E-02  5.059031E-02  6.195733E-02  9.492123E-03
    10.5000  1.265949E-02  5.024049E-02  6.368429E-02  9.918207E-03
    10.9500  1.271384E-02  4.992231E-02  6.541285E-02  1.035484E-02
    11.4000  1.276882E-02  4.963402E-02  6.714167E-02  1.080199E-02
    11.8500  1.282439E-02  4.937400E-02  6.886939E-02  1.125965E-02
    12.3000  1.288049E-02  4.914073E-02  7.059465E-02  1.172778E-02
    12.7500  1.293708E-02  4.893275E-02  7.231612E-02  1.220634E-02
    13.2000  1.299410E-02  4.874872E-02  7.403244E-02  1.269529E-02
    13.6500  1.305150E-02  4.858734E-02  7.574227E-02  1.319459E-02
    14.1000  1.310925E-02  4.844741E-02  7.744428E-02  1.370418E-02
    14.5500  1.316729E-02  4.832777E-02  7.913715E-02  1.422400E-02
    15.0000  1.322557E-02  4.822734E-02  8.081958E-02  1.475398E-02
