#  Fermi level (eV):  -8.305
#  Charge transfer :   0.374
#    Electron counts for each orbital momentum:
#       0      0.299
#       1      6.384
#       2      0.976
#       3      0.000
#  Number of atoms in cluster: 107
#  Lorentzian broadening with HWHH     0.1000 eV
# -----------------------------------------------------------------------
#      e        sDOS           pDOS          dDOS          fDOS    @#
   -30.0000  9.508431E-04  1.326701E-02  1.324001E-03  6.939376E-04
   -29.5500  1.527702E-03  2.209587E-02  2.023556E-03  1.018572E-03
   -29.1000  5.869944E-03  8.005187E-02  5.781118E-03  2.760465E-03
   -28.6500  1.755639E-02  2.465280E-01  2.514574E-02  9.633946E-03
   -28.2000  1.568256E-02  3.669664E-01  4.321566E-02  2.163687E-02
   -27.7500  2.725523E-02  2.429729E-01  7.235776E-02  4.499923E-02
   -27.3000  2.280205E-03  5.614144E-02  5.668326E-03  3.285088E-03
   -26.8500  1.056805E-03  6.430014E-02  2.481465E-03  1.380588E-03
   -26.4000  7.501755E-04  1.080005E-01  1.772872E-03  9.620551E-04
   -25.9500  6.585131E-04  2.605664E-01  1.671072E-03  8.977552E-04
   -25.5000  8.980603E-04  1.869581E+00  2.887686E-03  1.555502E-03
   -25.0500  3.071044E-03  6.521061E+00  1.121803E-02  6.950421E-03
   -24.6000  1.266319E-03  2.008725E+00  5.204295E-03  2.640995E-03
   -24.1500  5.439788E-04  2.534219E-01  1.629062E-03  8.334943E-04
   -23.7000  4.674784E-04  1.023612E-01  1.358283E-03  6.690760E-04
   -23.2500  4.457291E-04  5.617396E-02  1.310221E-03  6.271545E-04
   -22.8000  4.412540E-04  3.575857E-02  1.323082E-03  6.175580E-04
   -22.3500  4.465374E-04  2.490705E-02  1.366962E-03  6.238095E-04
   -21.9000  4.597596E-04  1.844518E-02  1.430926E-03  6.378086E-04
   -21.4500  4.810199E-04  1.429625E-02  1.516290E-03  6.609601E-04
   -21.0000  5.116870E-04  1.148446E-02  1.622559E-03  6.906750E-04
   -20.5500  5.540578E-04  9.501713E-03  1.749777E-03  7.232202E-04
   -20.1000  6.141850E-04  8.080391E-03  1.918579E-03  7.722804E-04
   -19.6500  6.955457E-04  7.023197E-03  2.085979E-03  7.823426E-04
   -19.2000  8.580775E-04  6.506049E-03  2.782525E-03  1.272431E-03
   -18.7500  1.010319E-03  6.269368E-03  3.608348E-03  1.944116E-03
   -18.3000  1.686933E-05  3.402042E-03  1.432921E-03  2.491839E-04
   -17.8500  2.099499E-03  6.352427E-03  5.536590E-03  1.834169E-03
   -17.4000  5.437480E-03  1.128038E-02  1.808891E-02  4.556448E-03
   -16.9500  1.777811E-02  2.799888E-02  4.501558E-02  2.076288E-02
   -16.5000  4.012763E-02  3.358608E-02  5.269785E-02  1.390151E-02
   -16.0500  1.275451E-01  6.713957E-02  1.066211E-01  3.395448E-02
   -15.6000  9.062952E-02  1.098103E-01  1.125434E-01  3.308441E-02
   -15.1500  4.058868E-02  1.396172E-01  1.204818E-01  2.664186E-02
   -14.7000  4.074311E-02  1.304775E-01  1.651315E-01  4.047724E-02
   -14.2500  3.007654E-02  1.380995E-01  1.896865E-01  4.845250E-02
   -13.8000  2.359131E-02  1.053884E-01  2.008672E-01  5.672115E-02
   -13.3500  1.539992E-02  5.489906E-02  1.289314E-01  5.788154E-02
   -12.9000  1.231438E-02  4.265541E-02  8.146052E-02  5.092013E-02
   -12.4500  1.378593E-02  3.076404E-02  5.689516E-02  2.111477E-02
   -12.0000  1.852475E-02  4.849198E-02  9.336779E-02  2.610300E-02
   -11.5500  1.685155E-02  4.109352E-02  8.403719E-02  2.852317E-02
   -11.1000  1.564115E-02  3.488567E-02  1.028286E-01  3.043453E-02
   -10.6500  1.387815E-02  2.858517E-02  9.650982E-02  3.744886E-02
   -10.2000  1.213808E-02  2.605372E-02  8.773226E-02  4.020981E-02
    -9.7500  1.049027E-02  2.260225E-02  7.430736E-02  3.369944E-02
    -9.3000  1.211452E-02  2.206797E-02  7.065201E-02  2.948525E-02
    -8.8500  1.232386E-02  2.255422E-02  6.727794E-02  2.503146E-02
    -8.4000  1.198335E-02  1.881640E-02  6.184220E-02  1.948109E-02
    -7.9500  1.161331E-02  1.690747E-02  6.349832E-02  1.680221E-02
    -7.5000  1.397243E-02  1.572581E-02  7.084768E-02  1.362264E-02
    -7.0500  1.908435E-02  1.710917E-02  1.015833E-01  1.251322E-02
    -6.6000  3.136893E-02  2.225675E-02  1.985113E-01  1.376568E-02
    -6.1500  5.829183E-02  3.625462E-02  4.284927E-01  1.924131E-02
    -5.7000  8.748965E-02  5.575960E-02  5.088211E-01  2.916818E-02
    -5.2500  9.062222E-02  6.980316E-02  6.502698E-01  3.874542E-02
    -4.8000  7.370699E-02  9.383807E-02  8.158417E-01  4.853516E-02
    -4.3500  6.196703E-02  1.088017E-01  7.943539E-01  5.034539E-02
    -3.9000  4.757577E-02  1.150645E-01  9.013425E-01  5.002513E-02
    -3.4500  4.097987E-02  9.884301E-02  9.394041E-01  5.040033E-02
    -3.0000  4.773187E-02  8.503120E-02  1.048240E+00  5.240713E-02
    -2.5500  5.160025E-02  8.221868E-02  1.338251E+00  5.371954E-02
    -2.1000  6.387302E-02  8.488715E-02  1.984716E+00  6.093990E-02
    -1.6500  7.708821E-02  7.946376E-02  1.415210E+00  6.402614E-02
    -1.2000  1.066854E-01  8.346574E-02  9.486863E-01  6.959647E-02
    -0.7500  1.365853E-01  9.519434E-02  7.224779E-01  7.416132E-02
    -0.3000  1.425425E-01  1.098233E-01  6.050078E-01  8.190510E-02
     0.1500  1.347543E-01  1.218645E-01  5.302497E-01  9.333131E-02
     0.6000  1.203097E-01  1.356860E-01  4.662115E-01  1.080645E-01
     1.0500  1.071462E-01  1.480029E-01  4.134895E-01  1.256454E-01
     1.5000  9.428495E-02  1.594971E-01  3.830320E-01  1.438732E-01
     1.9500  8.106704E-02  1.718849E-01  3.609108E-01  1.617897E-01
     2.4000  6.803243E-02  1.839173E-01  3.411625E-01  1.779619E-01
     2.8500  5.745023E-02  1.978809E-01  3.071878E-01  1.926884E-01
     3.3000  5.041518E-02  2.187709E-01  2.763232E-01  2.140809E-01
     3.7500  4.675482E-02  2.422974E-01  2.693798E-01  2.423640E-01
     4.2000  4.324811E-02  2.569793E-01  2.766975E-01  2.632303E-01
     4.6500  3.879888E-02  2.546214E-01  2.769119E-01  2.668464E-01
     5.1000  3.518816E-02  2.345871E-01  2.696583E-01  2.669894E-01
     5.5500  3.250009E-02  2.052645E-01  2.616311E-01  2.704823E-01
     6.0000  3.121525E-02  1.823107E-01  2.579292E-01  2.779463E-01
     6.4500  3.109269E-02  1.687762E-01  2.547722E-01  2.880007E-01
     6.9000  3.114122E-02  1.620631E-01  2.490667E-01  3.036028E-01
     7.3500  3.113149E-02  1.580319E-01  2.417003E-01  3.207690E-01
     7.8000  3.110503E-02  1.528059E-01  2.332683E-01  3.341285E-01
     8.2500  3.105766E-02  1.465401E-01  2.248007E-01  3.458819E-01
     8.7000  3.133759E-02  1.407440E-01  2.177765E-01  3.560380E-01
     9.1500  3.278564E-02  1.358630E-01  2.129520E-01  3.613236E-01
     9.6000  3.595449E-02  1.317738E-01  2.108724E-01  3.637855E-01
    10.0500  4.078137E-02  1.289220E-01  2.118530E-01  3.705446E-01
    10.5000  4.659300E-02  1.273160E-01  2.148119E-01  3.862305E-01
    10.9500  5.178146E-02  1.260318E-01  2.170237E-01  4.073485E-01
    11.4000  5.433582E-02  1.242063E-01  2.173337E-01  4.252037E-01
    11.8500  5.276463E-02  1.221128E-01  2.169327E-01  4.325041E-01
    12.3000  4.787964E-02  1.215777E-01  2.184616E-01  4.333880E-01
    12.7500  4.249527E-02  1.235547E-01  2.227196E-01  4.398486E-01
    13.2000  3.831021E-02  1.269156E-01  2.253625E-01  4.551216E-01
    13.6500  3.558996E-02  1.301065E-01  2.216003E-01  4.747175E-01
    14.1000  3.391756E-02  1.327619E-01  2.130700E-01  4.949543E-01
    14.5500  3.259950E-02  1.351307E-01  2.042809E-01  5.124829E-01
    15.0000  3.126523E-02  1.367783E-01  1.970025E-01  5.225051E-01
