#HD#     0.1660726192E+01     0.2202238735E+02 
    0.1000000000E+00     0.4253649627E-02    -0.3408987079E-04     0.1000000000E+01     0.0000000000E+00     0.1000000000E+01     0.0000000000E+00     0.1810657144E+05 
    0.2000000000E+00     0.8516766879E-02    -0.1358710414E-03     0.1000000000E+01     0.0000000000E+00     0.1000000000E+01     0.0000000000E+00     0.6424652928E+04 
    0.3000000000E+00     0.1277252344E-01    -0.3046500336E-03     0.1000000000E+01     0.0000000000E+00     0.1000000000E+01     0.0000000000E+00     0.3509303865E+04 
    0.4000000000E+00     0.1701965465E-01    -0.5397451140E-03     0.1000000000E+01     0.0000000000E+00     0.1000000000E+01     0.0000000000E+00     0.2287193213E+04 
    0.4937739303E+00     0.2099341109E-01    -0.8198573304E-03     0.1000000000E+01     0.0000000000E+00     0.1000000000E+01     0.0000000000E+00     0.1672966991E+04 
    0.6095974449E+00     0.2588804977E-01    -0.1244704887E-02     0.1000000000E+01     0.0000000000E+00     0.1000000000E+01     0.0000000000E+00     0.1224381480E+04 
    0.7376129083E+00     0.3127844588E-01    -0.1814547902E-02     0.1000000000E+01     0.0000000000E+00     0.1000000000E+01     0.0000000000E+00     0.9238626172E+03 
    0.8778203206E+00     0.3715589849E-01    -0.2557935020E-02     0.1000000000E+01     0.0000000000E+00     0.1000000000E+01     0.0000000000E+00     0.7149487067E+03 
    0.1030219682E+01     0.4350958462E-01    -0.3505443285E-02     0.1000000000E+01     0.0000000000E+00     0.1000000000E+01     0.0000000000E+00     0.5651757951E+03 
    0.1194810992E+01     0.5032624665E-01    -0.4689512839E-02     0.1000000000E+01     0.0000000000E+00     0.1000000000E+01     0.0000000000E+00     0.4549707251E+03 
    0.1371594251E+01     0.5758986752E-01    -0.6144275617E-02     0.1000000000E+01     0.0000000000E+00     0.1000000000E+01     0.0000000000E+00     0.3720520629E+03 
    0.1560569459E+01     0.6528133601E-01    -0.7905379257E-02     0.1000000000E+01     0.0000000000E+00     0.1000000000E+01     0.0000000000E+00     0.3084469069E+03 
    0.1761736616E+01     0.7337810443E-01    -0.1000980734E-01     0.1000000000E+01     0.0000000000E+00     0.1000000000E+01     0.0000000000E+00     0.2588250756E+03 
    0.1975095721E+01     0.8185384058E-01    -0.1249569683E-01     0.1000000000E+01     0.0000000000E+00     0.1000000000E+01     0.0000000000E+00     0.2195306544E+03 
    0.2200646776E+01     0.9067807562E-01    -0.1540215346E-01     0.1000000000E+01     0.0000000000E+00     0.1000000000E+01     0.0000000000E+00     0.1879988970E+03 
    0.2438389779E+01     0.9981584942E-01    -0.1876906549E-01     0.1000000000E+01     0.0000000000E+00     0.1000000000E+01     0.0000000000E+00     0.1623941919E+03 
    0.2688324732E+01     0.1092273541E+00    -0.2263691607E-01     0.1000000000E+01     0.0000000000E+00     0.1000000000E+01     0.0000000000E+00     0.1413790896E+03 
    0.2950451633E+01     0.1188675765E+00    -0.2704659422E-01     0.1000000000E+01     0.0000000000E+00     0.1000000000E+01     0.0000000000E+00     0.1239633323E+03 
    0.3224770483E+01     0.1286859406E+00    -0.3203920421E-01     0.1000000000E+01     0.0000000000E+00     0.1000000000E+01     0.0000000000E+00     0.1094030078E+03 
    0.3511281282E+01     0.1386259481E+00    -0.3765587269E-01     0.1000000000E+01     0.0000000000E+00     0.1000000000E+01     0.0000000000E+00     0.9713185242E+02 
    0.3809984030E+01     0.1486248192E+00    -0.4393755301E-01     0.1000000000E+01     0.0000000000E+00     0.1000000000E+01     0.0000000000E+00     0.8671361443E+02 
    0.4120878727E+01     0.1586131310E+00    -0.5092482547E-01     0.1000000000E+01     0.0000000000E+00     0.1000000000E+01     0.0000000000E+00     0.7780848250E+02 
    0.4443965373E+01     0.1685144531E+00    -0.5865769258E-01     0.1000000000E+01     0.0000000000E+00     0.1000000000E+01     0.0000000000E+00     0.7014907290E+02 
    0.4779243968E+01     0.1782449795E+00    -0.6717536750E-01     0.1000000000E+01     0.0000000000E+00     0.1000000000E+01     0.0000000000E+00     0.6352301853E+02 
    0.5126714511E+01     0.1877131547E+00    -0.7651605422E-01     0.1000000000E+01     0.0000000000E+00     0.1000000000E+01     0.0000000000E+00     0.5776018537E+02 
    0.5486377004E+01     0.1968192921E+00    -0.8671671744E-01     0.1000000000E+01     0.0000000000E+00     0.1000000000E+01     0.0000000000E+00     0.5272317693E+02 
    0.5858231445E+01     0.2054551831E+00    -0.9781283996E-01     0.1000000000E+01     0.0000000000E+00     0.1000000000E+01     0.0000000000E+00     0.4830020475E+02 
    0.6242277835E+01     0.2135036937E+00    -0.1098381654E+00     0.1000000000E+01     0.0000000000E+00     0.1000000000E+01     0.0000000000E+00     0.4439968147E+02 
    0.6638516175E+01     0.2208383476E+00    -0.1228244237E+00     0.1000000000E+01     0.0000000000E+00     0.1000000000E+01     0.0000000000E+00     0.4094608196E+02 
    0.7046946463E+01     0.2273228904E+00    -0.1368010364E+00     0.1000000000E+01     0.0000000000E+00     0.1000000000E+01     0.0000000000E+00     0.3787674727E+02 
    0.7467568700E+01     0.2328108349E+00    -0.1517947994E+00     0.1000000000E+01     0.0000000000E+00     0.1000000000E+01     0.0000000000E+00     0.3513939650E+02 
    0.7900382885E+01     0.2371449822E+00    -0.1678295402E+00     0.1000000000E+01     0.0000000000E+00     0.1000000000E+01     0.0000000000E+00     0.3269017478E+02 
    0.8345389020E+01     0.2401569163E+00    -0.1849257462E+00     0.1000000000E+01     0.0000000000E+00     0.1000000000E+01     0.0000000000E+00     0.3049211093E+02 
    0.8802587104E+01     0.2416664684E+00    -0.2031001610E+00     0.1000000000E+01     0.0000000000E+00     0.1000000000E+01     0.0000000000E+00     0.2851389038E+02 
    0.9271977136E+01     0.2414811476E+00    -0.2223653471E+00     0.1000000000E+01     0.0000000000E+00     0.1000000000E+01     0.0000000000E+00     0.2672887284E+02 
    0.9753559118E+01     0.2393955335E+00    -0.2427292105E+00     0.1000000000E+01     0.0000000000E+00     0.1000000000E+01     0.0000000000E+00     0.2511430098E+02 
    0.1024733305E+02     0.2351906285E+00    -0.2641944850E+00     0.1000000000E+01     0.0000000000E+00     0.1000000000E+01     0.0000000000E+00     0.2365065952E+02 
    0.1075329893E+02     0.2286331634E+00    -0.2867581751E+00     0.1000000000E+01     0.0000000000E+00     0.1000000000E+01     0.0000000000E+00     0.2232115324E+02 
    0.1127145676E+02     0.2194748543E+00    -0.3104109551E+00     0.1000000000E+01     0.0000000000E+00     0.1000000000E+01     0.0000000000E+00     0.2111127982E+02 
    0.1180180653E+02     0.2074516055E+00    -0.3351365227E+00     0.1000000000E+01     0.0000000000E+00     0.1000000000E+01     0.0000000000E+00     0.2000847845E+02 
    0.1234434826E+02     0.1922826544E+00    -0.3609109092E+00     0.1000000000E+01     0.0000000000E+00     0.1000000000E+01     0.0000000000E+00     0.1900183973E+02 
    0.1289908193E+02     0.1736696535E+00    -0.3877017454E+00     0.1000000000E+01     0.0000000000E+00     0.1000000000E+01     0.0000000000E+00     0.1808186499E+02 
    0.1346600756E+02     0.1512956860E+00    -0.4154674886E+00     0.1000000000E+01     0.0000000000E+00     0.1000000000E+01     0.0000000000E+00     0.1724026590E+02 
    0.1404512513E+02     0.1248242084E+00    -0.4441566130E+00     0.1000000000E+01     0.0000000000E+00     0.1000000000E+01     0.0000000000E+00     0.1646979719E+02 
    0.1463643465E+02     0.9389791740E-01    -0.4737067737E+00     0.1000000000E+01     0.0000000000E+00     0.1000000000E+01     0.0000000000E+00     0.1576411636E+02 
    0.1523993612E+02     0.5813753500E-01    -0.5040439521E+00     0.1000000000E+01     0.0000000000E+00     0.1000000000E+01     0.0000000000E+00     0.1511766589E+02 
    0.1585562954E+02     0.1714050641E-01    -0.5350815987E+00     0.1000000000E+01     0.0000000000E+00     0.1000000000E+01     0.0000000000E+00     0.1452557412E+02 
    0.1648351491E+02    -0.2952039333E-01    -0.5667197891E+00     0.1000000000E+01     0.0000000000E+00     0.1000000000E+01     0.0000000000E+00     0.1398357166E+02 
    0.1712359223E+02    -0.8229855016E-01    -0.5988444172E+00     0.1000000000E+01     0.0000000000E+00     0.1000000000E+01     0.0000000000E+00     0.1348792092E+02 
    0.1777586149E+02    -0.1416751044E+00    -0.6313264522E+00     0.1000000000E+01     0.0000000000E+00     0.1000000000E+01     0.0000000000E+00     0.1303535671E+02 
    0.1844032271E+02    -0.2081606523E+00    -0.6640212922E+00     0.1000000000E+01     0.0000000000E+00     0.1000000000E+01     0.0000000000E+00     0.1262303629E+02 
    0.1911697587E+02    -0.2822970617E+00    -0.6967682538E+00     0.1000000000E+01     0.0000000000E+00     0.1000000000E+01     0.0000000000E+00     0.1224849752E+02 
    0.1980582098E+02    -0.3646594071E+00    -0.7293902426E+00     0.1000000000E+01     0.0000000000E+00     0.1000000000E+01     0.0000000000E+00     0.1190962407E+02 
    0.2050685805E+02    -0.4558580309E+00    -0.7616936549E+00     0.1000000000E+01     0.0000000000E+00     0.1000000000E+01     0.0000000000E+00     0.1160461676E+02 
    0.2122008706E+02    -0.5565407364E+00    -0.7934685663E+00     0.1000000000E+01     0.0000000000E+00     0.1000000000E+01     0.0000000000E+00     0.1133197041E+02 
    0.2194550802E+02    -0.6782441767E+00    -0.8247530520E+00     0.1000000000E+01     0.0000000000E+00     0.1000000000E+01     0.0000000000E+00     0.1108690856E+02 
    0.2268312092E+02    -0.8519140115E+00    -0.8561681668E+00     0.1000000000E+01     0.0000000000E+00     0.1000000000E+01     0.0000000000E+00     0.1085810171E+02 
    0.2343292578E+02    -0.1070224572E+01    -0.8870813592E+00     0.1000000000E+01     0.0000000000E+00     0.1000000000E+01     0.0000000000E+00     0.1065151499E+02 
    0.2419492259E+02    -0.1314766595E+01    -0.9165249482E+00     0.1000000000E+01     0.0000000000E+00     0.1000000000E+01     0.0000000000E+00     0.1047561201E+02 
    0.2496911134E+02    -0.1559873463E+01    -0.9435354803E+00     0.1000000000E+01     0.0000000000E+00     0.1000000000E+01     0.0000000000E+00     0.1033724679E+02 
    0.2575549205E+02    -0.1776370641E+01    -0.1313963874E+01     0.1000000000E+01     0.0000000000E+00     0.1000000000E+01     0.0000000000E+00     0.7538988455E+01 
    0.2655406470E+02    -0.1937316959E+01    -0.1763470696E+01     0.1000000000E+01     0.0000000000E+00     0.1000000000E+01     0.0000000000E+00     0.5703728371E+01 
    0.2736482930E+02    -0.2024161980E+01    -0.2118662212E+01     0.1000000000E+01     0.0000000000E+00     0.1000000000E+01     0.0000000000E+00     0.4819436124E+01 
    0.2818778585E+02    -0.2031240316E+01    -0.2399439259E+01     0.1000000000E+01     0.0000000000E+00     0.1000000000E+01     0.0000000000E+00     0.4318990999E+01 
    0.2902293435E+02    -0.1979624100E+01    -0.2626130265E+01     0.1000000000E+01     0.0000000000E+00     0.1000000000E+01     0.0000000000E+00     0.4004201949E+01 
    0.2987027480E+02    -0.1889517278E+01    -0.2817930381E+01     0.1000000000E+01     0.0000000000E+00     0.1000000000E+01     0.0000000000E+00     0.3785741251E+01 
    0.3072980720E+02    -0.1771460974E+01    -0.2987379961E+01     0.1000000000E+01     0.0000000000E+00     0.1000000000E+01     0.0000000000E+00     0.3622021567E+01 
    0.3160153154E+02    -0.1632051163E+01    -0.3141651854E+01     0.1000000000E+01     0.0000000000E+00     0.1000000000E+01     0.0000000000E+00     0.3492670263E+01 
    0.3248544784E+02    -0.1477100625E+01    -0.3284857492E+01     0.1000000000E+01     0.0000000000E+00     0.1000000000E+01     0.0000000000E+00     0.3386799395E+01 
    0.3338155608E+02    -0.1313206828E+01    -0.3419407602E+01     0.1000000000E+01     0.0000000000E+00     0.1000000000E+01     0.0000000000E+00     0.3298101321E+01 
    0.3428985627E+02    -0.1148535535E+01    -0.3546828870E+01     0.1000000000E+01     0.0000000000E+00     0.1000000000E+01     0.0000000000E+00     0.3222583471E+01 
    0.3521034842E+02    -0.9932955977E+00    -0.3668295562E+01     0.1000000000E+01     0.0000000000E+00     0.1000000000E+01     0.0000000000E+00     0.3157420458E+01 
    0.3614303251E+02    -0.8591099413E+00    -0.3784281157E+01     0.1000000000E+01     0.0000000000E+00     0.1000000000E+01     0.0000000000E+00     0.3100919389E+01 
    0.3708790855E+02    -0.7335914783E+00    -0.3892609824E+01     0.1000000000E+01     0.0000000000E+00     0.1000000000E+01     0.0000000000E+00     0.3053773872E+01 
    0.3804497653E+02    -0.6095505016E+00    -0.3994088846E+01     0.1000000000E+01     0.0000000000E+00     0.1000000000E+01     0.0000000000E+00     0.3014341944E+01 
    0.3901423647E+02    -0.4868195201E+00    -0.4089399085E+01     0.1000000000E+01     0.0000000000E+00     0.1000000000E+01     0.0000000000E+00     0.2981354630E+01 
    0.3999568836E+02    -0.3654068031E+00    -0.4179004993E+01     0.1000000000E+01     0.0000000000E+00     0.1000000000E+01     0.0000000000E+00     0.2953896509E+01 
    0.4098933219E+02    -0.2453194246E+00    -0.4263320503E+01     0.1000000000E+01     0.0000000000E+00     0.1000000000E+01     0.0000000000E+00     0.2931224057E+01 
    0.4199516798E+02    -0.1265632707E+00    -0.4342716371E+01     0.1000000000E+01     0.0000000000E+00     0.1000000000E+01     0.0000000000E+00     0.2912726943E+01 
    0.4301319571E+02    -0.9143053523E-02    -0.4417526214E+01     0.1000000000E+01     0.0000000000E+00     0.1000000000E+01     0.0000000000E+00     0.2897899350E+01 
    0.4404341539E+02     0.1069376708E+00    -0.4488051518E+01     0.1000000000E+01     0.0000000000E+00     0.1000000000E+01     0.0000000000E+00     0.2886318406E+01 
    0.4508582702E+02     0.2216764793E+00    -0.4554565815E+01     0.1000000000E+01     0.0000000000E+00     0.1000000000E+01     0.0000000000E+00     0.2877627769E+01 
    0.4614043060E+02     0.3350720552E+00    -0.4617318195E+01     0.1000000000E+01     0.0000000000E+00     0.1000000000E+01     0.0000000000E+00     0.2871524956E+01 
    0.4720722613E+02     0.4471241581E+00    -0.4676536270E+01     0.1000000000E+01     0.0000000000E+00     0.1000000000E+01     0.0000000000E+00     0.2867751475E+01 
    0.4828621361E+02     0.5578335902E+00    -0.4732428692E+01     0.1000000000E+01     0.0000000000E+00     0.1000000000E+01     0.0000000000E+00     0.2866085055E+01 
    0.4937739303E+02     0.6672021608E+00    -0.4785187300E+01     0.1000000000E+01     0.0000000000E+00     0.1000000000E+01     0.0000000000E+00     0.2866333468E+01 
    0.5048076441E+02     0.7752326481E+00    -0.4834988971E+01     0.1000000000E+01     0.0000000000E+00     0.1000000000E+01     0.0000000000E+00     0.2868329577E+01 
    0.5159632773E+02     0.8819287597E+00    -0.4881997208E+01     0.1000000000E+01     0.0000000000E+00     0.1000000000E+01     0.0000000000E+00     0.2871927335E+01 
    0.5272408301E+02     0.9872950912E+00    -0.4926363514E+01     0.1000000000E+01     0.0000000000E+00     0.1000000000E+01     0.0000000000E+00     0.2876998531E+01 
