ATOMS
  *       x          y           z    ipot  Atom      Distance    Number
**********-  ********-  **********  ******  ******  **********  ********
   0           0          0              0  O          0               0
  -6.54823    -3.14592   -6.88452        3  O         10.0086        299
  -6.54823     3.14592   -6.88452        3  O         10.0086        303
  -9.08013     0          4.2545         3  O         10.0274        338
  -6.66202     0          7.50426        3  O         10.0348        572
  -1.1715     -4.71887   -8.78002        2  Ir        10.0364         99
  -1.1715      4.71887   -8.78002        2  Ir        10.0364        108
   0.772646   -9.43774    3.33365        2  Ir        10.039         192
   0.772646    9.43774    3.33365        2  Ir        10.039         204
   9.73449     0          2.47162        2  Ir        10.0434        168
  -8.70922    -4.71887    1.76524        3  O         10.0615        465
  -8.70922     4.71887    1.76524        3  O         10.0615        470
   8.77328    -4.71887    1.5947         3  O         10.0887        401
   8.77328     4.71887    1.5947         3  O         10.0887        406
  -0.007646   -3.14592   -9.60866        3  O         10.1106        231
   0.007646   -3.14592    9.60866        3  O         10.1106        233
  -0.007646    3.14592   -9.60866        3  O         10.1106        236
   0.007646    3.14592    9.60866        3  O         10.1106        238
   6.47403    -7.86479   -0.264883       3  O         10.1901        251
   6.47403     7.86479   -0.264883       3  O         10.1901        260
  -2.38232    -4.71887    8.73757        3  O         10.2122        549
  -2.38232     4.71887    8.73757        3  O         10.2122        558
   2.08336    -1.57296   -9.90044        1  Sr        10.2388         10
   2.08336     1.57296   -9.90044        1  Sr        10.2388         13
  -1.27457    -6.29183    8.00031        2  Ir        10.2575         61
  -1.27457     6.29183    8.00031        2  Ir        10.2575         72
   8.40849    -4.71887   -3.51162        1  Sr        10.2617         33
   8.40849     4.71887   -3.51162        1  Sr        10.2617         39
  -6.58989    -7.86479    0.321805       3  O         10.2657        243
  -6.58989     7.86479    0.321805       3  O         10.2657        250
   2.20651    -6.29183   -7.83211        3  O         10.2858        376
   2.20651     6.29183   -7.83211        3  O         10.2858        385
  -2.56443    -9.43774   -3.2167         3  O         10.2954        261
  -2.56443     9.43774   -3.2167         3  O         10.2954        273
   4.10523    -9.43774   -1.1123         3  O         10.3519        529
   4.10523     9.43774   -1.1123         3  O         10.3519        543
  -5.7364     -7.86479    3.61454        2  Ir        10.3839        206
  -5.7364      7.86479    3.61454        2  Ir        10.3839        216
  -8.00287    -3.14592    5.83843        2  Ir        10.3938        117
  -8.00287     3.14592    5.83843        2  Ir        10.3938        121
   6.5157     -3.14592   -7.47121        3  O         10.4005        311
   6.5157      3.14592   -7.47121        3  O         10.4005        315
   5.25739    -4.71887    7.70697        2  Ir        10.4549         51
   5.25739     4.71887    7.70697        2  Ir        10.4549         57
  -3.32943    -9.43774    3.05831        2  Ir        10.4647        153
  -3.32943     9.43774    3.05831        2  Ir        10.4647        165
   8.28533    -3.14592   -5.57995        3  O         10.4728        424
   8.28533     3.14592   -5.57995        3  O         10.4728        428
  -2.16051    -6.29183   -8.09196        3  O         10.4754        447
  -2.16051     6.29183   -8.09196        3  O         10.4754        458
  -9.08013    -3.14592    4.2545         3  O         10.5093        336
  -9.08013     3.14592    4.2545         3  O         10.5093        340
   8.41613    -1.57296    6.09704        1  Sr        10.5109         36
   8.41613     1.57296    6.09704        1  Sr        10.5109         38
  -6.66202    -3.14592    7.50426        3  O         10.5163        570
  -6.66202     3.14592    7.50426        3  O         10.5163        574
   9.73449    -3.14592    2.47162        2  Ir        10.5245        167
   9.73449     3.14592    2.47162        2  Ir        10.5245        169
  -9.08778     0         -5.35416        3  O         10.5477        337
  -9.88431    -1.57296    3.36411        2  Ir        10.5589        173
  -9.88431     1.57296    3.36411        2  Ir        10.5589        175
   5.43844     0         -9.05514        2  Ir        10.5628         88
  -0.411575   -9.43774   -4.7334         3  O         10.5662        486
  -0.411575    9.43774   -4.7334         3  O         10.5662        498
   4.34706    -4.71887   -8.4301         3  O         10.5939        474
   4.34706     4.71887   -8.4301         3  O         10.5939        482
  -9.03847    -4.71887   -2.95182        3  O         10.6148        278
  -9.03847     4.71887   -2.95182        3  O         10.6148        283
  -1.15621    -1.57296   10.4373         2  Ir        10.6183        104
  -1.15621     1.57296   10.4373         2  Ir        10.6183        107
  -0.403929   -9.43774    4.87526        3  O         10.6303        487
  -0.403929    9.43774    4.87526        3  O         10.6303        499
   2.09865    -4.71887    9.31689        1  Sr        10.6525          9
   2.09865     4.71887    9.31689        1  Sr        10.6525         18
  -0.035594   -7.86479   -7.19969        3  O         10.6626        321
  -0.035594    7.86479   -7.19969        3  O         10.6626        331
  -0.16682    -7.86479    7.26305        3  O         10.7068        592
  -0.16682     7.86479    7.26305        3  O         10.7068        602
   4.0331     -7.86479    6.07015        3  O         10.7223        285
   4.0331      7.86479    6.07015        3  O         10.7223        295
  -8.01052    -6.29183   -3.77023        2  Ir        10.8614        114
  -8.01052     6.29183   -3.77023        2  Ir        10.8614        122
  -2.39761    -1.57296  -10.4798         3  O         10.865         550
  -2.39761     1.57296  -10.4798         3  O         10.865         553
   3.9838     -9.43774    3.66782        3  O         10.8809        343
   3.9838      9.43774    3.66782        3  O         10.8809        355
  10.674      -1.57296   -1.45778        3  O         10.8873        563
  10.674       1.57296   -1.45778        3  O         10.8873        564
   3.17197    -7.86479   -6.83124        2  Ir        10.8895        178
   3.17197     7.86479   -6.83124        2  Ir        10.8895        188
   5.44609    -9.43774    0.553525       2  Ir        10.9104         83
   5.44609     9.43774    0.553525       2  Ir        10.9104         95
   7.31988    -4.71887   -6.58081        2  Ir        10.9158        218
   7.31988     4.71887   -6.58081        2  Ir        10.9158        224
  10.9111      0          0.930012       3  O         10.9506        462
  -8.95869    -6.29183   -0.525612       3  O         10.96          524
  -8.95869     6.29183   -0.525612       3  O         10.96          528
   6.15243    -7.86479    4.62671        3  O         11.0052        513
   6.15243     7.86479    4.62671        3  O         11.0052        523
  -9.08778    -3.14592   -5.35416        3  O         11.0069        335
  -9.08778     3.14592   -5.35416        3  O         11.0069        339
   5.43844    -3.14592   -9.05514        2  Ir        11.0213         85
   5.43844     3.14592   -9.05514        2  Ir        11.0213         91
 -10.9729     -1.57296    0.294914       1  Sr        11.089           2
 -10.9729      1.57296    0.294914       1  Sr        11.089           3
  -1.16385   -11.0107     0.828645       2  Ir        11.103          96
  -1.16385    11.0107     0.828645       2  Ir        11.103         113
 -10.8498      0          2.36325        3  O         11.1042        373
   6.14478    -7.86479   -4.98195        3  O         11.155         512
   6.14478     7.86479   -4.98195        3  O         11.155         522
   8.29298    -6.29183    4.02871        3  O         11.162         423
   8.29298     6.29183    4.02871        3  O         11.162         431
   2.08336    -4.71887   -9.90044        1  Sr        11.1636          7
   2.08336     4.71887   -9.90044        1  Sr        11.1636         16
  -7.81418    -7.86479   -1.31501        2  Ir        11.1645         41
  -7.81418     7.86479   -1.31501        2  Ir        11.1645         48
  10.4995      0         -3.80339        3  O         11.1671        276
   7.32752    -7.86479    3.02785        2  Ir        11.1676        217
   7.32752     7.86479    3.02785        2  Ir        11.1676        226
  10.5351     -1.57296    3.3963         3  O         11.1802        370
  10.5351      1.57296    3.3963         3  O         11.1802        371
   2.09101   -11.0107    -0.291773       1  Sr        11.2113          5
   2.09101    11.0107    -0.291773       1  Sr        11.2113         20
  -0.174466  -11.0107    -2.34561        3  O         11.2591        590
  -0.174466   11.0107    -2.34561        3  O         11.2591        603
  -0.027947  -11.0107     2.40897        3  O         11.2712        320
  -0.027947   11.0107     2.40897        3  O         11.2712        333
  -1.28986     0        -11.217          2  Ir        11.2909         65
  -2.38997   -11.0107    -0.871095       3  O         11.3007        544
  -2.38997    11.0107    -0.871095       3  O         11.3007        561
  -4.64779    -7.86479    6.68373        1  Sr        11.3194         22
  -4.64779     7.86479    6.68373        1  Sr        11.3194         32
  -9.03082    -1.57296    6.65684        3  O         11.3289        280
  -9.03082     1.57296    6.65684        3  O         11.3289        282
  -2.14521     0         11.1254         3  O         11.3303        454
   6.4019     -6.29183    6.91757        3  O         11.3324        580
   6.4019      6.29183    6.91757        3  O         11.3324        588
   4.11288    -6.29183    8.49636        3  O         11.3442        531
   4.11288     6.29183    8.49636        3  O         11.3442        542
   0.764999   -9.43774   -6.27501        2  Ir        11.3592        191
   0.764999    9.43774   -6.27501        2  Ir        11.3592        203
  -6.91914    -7.86479   -4.39526        3  O         11.3599        500
  -6.91914     7.86479   -4.39526        3  O         11.3599        510
  10.9111     -3.14592    0.930012       3  O         11.3936        461
  10.9111      3.14592    0.930012       3  O         11.3936        463
  -7.62549     0         -8.46845        2  Ir        11.3957         78
  -6.54823    -6.29183   -6.88452        3  O         11.3957        297
  -6.54823     6.29183   -6.88452        3  O         11.3957        305
   8.41613    -4.71887    6.09704        1  Sr        11.4137         34
   8.41613     4.71887    6.09704        1  Sr        11.4137         40
  -5.74405    -7.86479   -5.99413        2  Ir        11.4358        205
  -5.74405     7.86479   -5.99413        2  Ir        11.4358        215
  -9.88431    -4.71887    3.36411        2  Ir        11.4579        171
  -9.88431     4.71887    3.36411        2  Ir        11.4579        176
   4.09759     0        -10.721          3  O         11.4773        535
   6.48168    -1.57296    9.34378        3  O         11.4801        255
   6.48168     1.57296    9.34378        3  O         11.4801        258
  -0.007646   -6.29183   -9.60866        3  O         11.4854        228
   0.007646   -6.29183    9.60866        3  O         11.4854        230
  -0.007646    6.29183   -9.60866        3  O         11.4854        239
   0.007646    6.29183    9.60866        3  O         11.4854        241
  -7.80653    -1.57296    8.29365        2  Ir        11.4979         44
  -7.80653     1.57296    8.29365        2  Ir        11.4979         46
  -6.59754    -1.57296   -9.28686        3  O         11.4999        245
  -6.59754     1.57296   -9.28686        3  O         11.4999        247
  -1.15621    -4.71887   10.4373         2  Ir        11.5127        101
  -1.15621     4.71887   10.4373         2  Ir        11.5127        110
   5.45373     0         10.1622         2  Ir        11.5331         90
  -4.77095    -9.43774    4.6154         3  O         11.5384        409
  -4.77095     9.43774    4.6154         3  O         11.5384        421
 -10.8498     -3.14592    2.36325        3  O         11.5412        372
 -10.8498      3.14592    2.36325        3  O         11.5412        374
   5.0534     -9.43774   -4.35692        2  Ir        11.5581        124
   5.0534      9.43774   -4.35692        2  Ir        11.5581        136
   2.2218      0         11.3852         3  O         11.6           382
  10.4995     -3.14592   -3.80339        3  O         11.6018        275
  10.4995      3.14592   -3.80339        3  O         11.6018        277
  -4.29829    -7.86479   -7.42728        3  O         11.6402        388
  -4.29829     7.86479   -7.42728        3  O         11.6402        398
   6.52334    -9.43774    2.13746        3  O         11.6702        308
   6.52334     9.43774    2.13746        3  O         11.6702        319
  -2.55679    -9.43774    6.39196        3  O         11.6818        262
  -2.55679     9.43774    6.39196        3  O         11.6818        274
  -6.9115     -7.86479    5.2134         3  O         11.6963        501
  -6.9115      7.86479    5.2134         3  O         11.6963        511
  -4.77859    -9.43774   -4.99326        3  O         11.6978        408
  -4.77859     9.43774   -4.99326        3  O         11.6978        420
   6.39426    -9.43774   -2.69109        3  O         11.7132        578
   6.39426     9.43774   -2.69109        3  O         11.7132        589
  -1.28986    -3.14592  -11.217          2  Ir        11.721          62
  -1.28986     3.14592  -11.217          2  Ir        11.721          68
  -8.00287    -6.29183    5.83843        2  Ir        11.7354        115
  -8.00287     6.29183    5.83843        2  Ir        11.7354        123
  -2.39761    -4.71887  -10.4798         3  O         11.7406        547
  -2.39761     4.71887  -10.4798         3  O         11.7406        556
   6.5157     -6.29183   -7.47121        3  O         11.7414        309
   6.5157      6.29183   -7.47121        3  O         11.7414        317
   4.36235    -1.57296   10.7872         3  O         11.7417        478
   4.36235     1.57296   10.7872         3  O         11.7417        481
  -6.66967    -9.43774   -2.1044         3  O         11.7467        566
  -6.66967     9.43774   -2.1044         3  O         11.7467        577
  -2.14521    -3.14592   11.1254         3  O         11.7589        451
  -2.14521     3.14592   11.1254         3  O         11.7589        457
  10.674      -4.71887   -1.45778        3  O         11.7612        562
  10.674       4.71887   -1.45778        3  O         11.7612        565
   3.17961   -11.0107     2.77742        2  Ir        11.7924        177
   3.17961    11.0107     2.77742        2  Ir        11.7924        190
  -6.54058    -9.43774    2.72414        3  O         11.8013        296
  -6.54058     9.43774    2.72414        3  O         11.8013        307
  -9.89196    -1.57296   -6.24455        2  Ir        11.8034        172
  -9.89196     1.57296   -6.24455        2  Ir        11.8034        174
   8.28533    -6.29183   -5.57995        3  O         11.8055        422
   8.28533     6.29183   -5.57995        3  O         11.8055        430
  -1.40058   -11.0107    -4.04535        2  Ir        11.8136        138
  -1.40058    11.0107    -4.04535        2  Ir        11.8136        151
  -7.62549    -3.14592   -8.46845        2  Ir        11.822          76
  -7.62549     3.14592   -8.46845        2  Ir        11.822          80
  -8.71686    -1.57296   -7.84342        3  O         11.8312        466
  -8.71686     1.57296   -7.84342        3  O         11.8312        468
  -9.08013    -6.29183    4.2545         3  O         11.8379        334
  -9.08013     6.29183    4.2545         3  O         11.8379        341
   3.97615    -9.43774   -5.94085        3  O         11.8395        342
   3.97615     9.43774   -5.94085        3  O         11.8395        354
  -6.66202    -6.29183    7.50426        3  O         11.8441        568
  -6.66202     6.29183    7.50426        3  O         11.8441        576
  -1.1715     -7.86479   -8.78002        2  Ir        11.8455         97
  -1.1715      7.86479   -8.78002        2  Ir        11.8455        111
   9.73449    -6.29183    2.47162        2  Ir        11.8514        166
   9.73449     6.29183    2.47162        2  Ir        11.8514        170
  -8.70922    -7.86479    1.76524        3  O         11.8668        464
  -8.70922     7.86479    1.76524        3  O         11.8668        471
   8.77328    -7.86479    1.5947         3  O         11.8898        400
   8.77328     7.86479    1.5947         3  O         11.8898        407
   4.35471   -11.0107     1.17856        3  O         11.8991        472
   4.35471    11.0107     1.17856        3  O         11.8991        485
   4.09759    -3.14592  -10.721          3  O         11.9007        532
   4.09759     3.14592  -10.721          3  O         11.9007        538
   6.46639    -1.57296   -9.87355        3  O         11.9069        253
   6.46639     1.57296   -9.87355        3  O         11.9069        256
   1.73385   -11.0107     4.21057        3  O         11.9151        432
   1.73385    11.0107     4.21057        3  O         11.9151        445
   5.06105    -9.43774    5.25175        2  Ir        11.9275        125
   5.06105     9.43774    5.25175        2  Ir        11.9275        137
 -10.9729     -4.71887    0.294914       1  Sr        11.9482          1
 -10.9729      4.71887    0.294914       1  Sr        11.9482          4
   5.45373    -3.14592   10.1622         2  Ir        11.9545         87
   5.45373     3.14592   10.1622         2  Ir        11.9545         93
  -3.33708    -9.43774   -6.55035        2  Ir        11.963         152
  -3.33708     9.43774   -6.55035        2  Ir        11.963         164
  -2.52884   -11.0107     3.98299        3  O         11.9789        356
  -2.52884    11.0107     3.98299        3  O         11.9789        369
   8.76564    -1.57296   -8.01397        3  O         11.9806        402
   8.76564     1.57296   -8.01397        3  O         11.9806        404
  11.7817      0         -2.19504        2  Ir        11.9844         74
  -2.38232    -7.86479    8.73757        3  O         11.9948        546
  -2.38232     7.86479    8.73757        3  O         11.9948        560
  -1.28222     0         -1.60835        2  Ir         2.05691        66
  -1.16385    -1.57296    0.828645       2  Ir         2.12495       103
  -1.16385     1.57296    0.828645       2  Ir         2.12495       106
   2.09101    -1.57296   -0.291773       1  Sr         2.6328         11
   2.09101     1.57296   -0.291773       1  Sr         2.6328         14
  -2.15286     0          1.5167         3  O          2.63347       453
  -0.174466   -1.57296   -2.34561        3  O          2.82958       595
  -0.174466    1.57296   -2.34561        3  O          2.82958       597
   2.21416     0          1.77656        3  O          2.83878       381
  -0.027947   -1.57296    2.40897        3  O          2.87717       326
  -0.027947    1.57296    2.40897        3  O          2.87717       328
  -2.38997    -1.57296   -0.871095       3  O          2.99081       551
  -2.38997     1.57296   -0.871095       3  O          2.99081       554
   0          -3.14592    0              3  O          3.14592       232
   0           3.14592    0              3  O          3.14592       237
   0.772646    0          3.33365        2  Ir         3.42202       198
  -1.28222    -3.14592   -1.60835        2  Ir         3.75868        63
  -1.28222     3.14592   -1.60835        2  Ir         3.75868        69
  -2.15286    -3.14592    1.5167         3  O          4.10268       450
  -2.15286     3.14592    1.5167         3  O          4.10268       456
  -2.56443     0         -3.2167         3  O          4.11382       267
   2.21416    -3.14592    1.77656        3  O          4.23738       379
   2.21416     3.14592    1.77656        3  O          4.23738       384
   4.10523     0         -1.1123         3  O          4.25325       536
   3.17961    -1.57296    2.77742        2  Ir         4.50535       183
   3.17961     1.57296    2.77742        2  Ir         4.50535       185
  -3.32943     0          3.05831        2  Ir         4.52088       159
  -1.40058    -1.57296   -4.04535        2  Ir         4.56077       143
  -1.40058     1.57296   -4.04535        2  Ir         4.56077       145
   0.772646   -3.14592    3.33365        2  Ir         4.64833       196
   0.772646    3.14592    3.33365        2  Ir         4.64833       200
  -0.411575    0         -4.7334         3  O          4.75126       492
   4.35471    -1.57296    1.17856        3  O          4.77773       477
   4.35471     1.57296    1.17856        3  O          4.77773       480
   1.73385    -1.57296    4.21057        3  O          4.81761       438
   1.73385     1.57296    4.21057        3  O          4.81761       440
  -0.403929    0          4.87526        3  O          4.89196       493
  -1.16385    -4.71887    0.828645       2  Ir         4.93041       100
  -1.16385     4.71887    0.828645       2  Ir         4.93041       109
  -2.52884    -1.57296    3.98299        3  O          4.97327       362
  -2.52884     1.57296    3.98299        3  O          4.97327       364
  -4.29064    -1.57296    2.18138        3  O          5.06381       393
  -4.29064     1.57296    2.18138        3  O          5.06381       395
   2.09101    -4.71887   -0.291773       1  Sr         5.16964         8
   2.09101     4.71887   -0.291773       1  Sr         5.16964        17
  -2.56443    -3.14592   -3.2167         3  O          5.17883       265
  -2.56443     3.14592   -3.2167         3  O          5.17883       269
  -0.174466   -4.71887   -2.34561        3  O          5.27258       593
  -0.174466    4.71887   -2.34561        3  O          5.27258       599
   4.10523    -3.14592   -1.1123         3  O          5.29027       533
   4.10523     3.14592   -1.1123         3  O          5.29027       539
  -0.027947   -4.71887    2.40897        3  O          5.29827       324
  -0.027947    4.71887    2.40897        3  O          5.29827       330
  -2.38997    -4.71887   -0.871095       3  O          5.36083       548
  -2.38997     4.71887   -0.871095       3  O          5.36083       557
   3.9838      0          3.66782        3  O          5.41512       349
   5.44609     0          0.553525       2  Ir         5.47414        89
  -3.32943    -3.14592    3.05831        2  Ir         5.50774       157
  -3.32943     3.14592    3.05831        2  Ir         5.50774       161
   4.02546    -1.57296   -3.53851        3  O          5.58566       288
   4.02546     1.57296   -3.53851        3  O          5.58566       290
  -0.411575   -3.14592   -4.7334         3  O          5.69836       490
  -0.411575    3.14592   -4.7334         3  O          5.69836       494
  -4.65544    -1.57296   -2.92493        1  Sr         5.71861        25
  -4.65544     1.57296   -2.92493        1  Sr         5.71861        27
   5.24975    -1.57296   -1.9017         2  Ir         5.8009         52
   5.24975     1.57296   -1.9017         2  Ir         5.8009         54
  -0.403929   -3.14592    4.87526        3  O          5.81619       491
  -0.403929    3.14592    4.87526        3  O          5.81619       495
   1.72621    -1.57296   -5.39809        3  O          5.88161       437
   1.72621     1.57296   -5.39809        3  O          5.88161       439
  -1.39293    -1.57296    5.56331        2  Ir         5.94684       144
  -1.39293     1.57296    5.56331        2  Ir         5.94684       146
   3.9838     -3.14592    3.66782        3  O          6.26261       347
   3.9838      3.14592    3.66782        3  O          6.26261       351
   0          -6.29183    0              3  O          6.29183       229
   0           6.29183    0              3  O          6.29183       240
   5.44609    -3.14592    0.553525       2  Ir         6.31372        86
   5.44609     3.14592    0.553525       2  Ir         6.31372        92
   0.764999    0         -6.27501        2  Ir         6.32147       197
   3.17961    -4.71887    2.77742        2  Ir         6.33181       181
   3.17961     4.71887    2.77742        2  Ir         6.33181       187
  -2.53649    -1.57296   -5.62568        3  O          6.36837       361
  -2.53649     1.57296   -5.62568        3  O          6.36837       363
  -1.40058    -4.71887   -4.04535        2  Ir         6.37136       141
  -1.40058     4.71887   -4.04535        2  Ir         6.37136       147
   4.35471    -4.71887    1.17856        3  O          6.52842       475
   4.35471     4.71887    1.17856        3  O          6.52842       483
   1.73385    -4.71887    4.21057        3  O          6.55766       436
   1.73385     4.71887    4.21057        3  O          6.55766       442
  -1.28222    -6.29183   -1.60835        2  Ir         6.61952        60
  -1.28222     6.29183   -1.60835        2  Ir         6.61952        71
  -4.77095     0          4.6154         3  O          6.63806       415
   6.47403    -1.57296   -0.264883       3  O          6.66764       254
   6.47403     1.57296   -0.264883       3  O          6.66764       257
   5.0534      0         -4.35692        2  Ir         6.6723        130
  -2.52884    -4.71887    3.98299        3  O          6.67285       360
  -2.52884     4.71887    3.98299        3  O          6.67285       366
  -4.29064    -4.71887    2.18138        3  O          6.74061       391
  -4.29064     4.71887    2.18138        3  O          6.74061       397
  -6.58989    -1.57296    0.321805       3  O          6.78266       246
  -6.58989     1.57296    0.321805       3  O          6.78266       248
  -2.15286    -6.29183    1.5167         3  O          6.82073       448
  -2.15286     6.29183    1.5167         3  O          6.82073       459
   6.52334     0          2.13746        3  O          6.8646        314
  -2.55679     0          6.39196        3  O          6.88435       268
   2.21416    -6.29183    1.77656        3  O          6.90259       377
   2.21416     6.29183    1.77656        3  O          6.90259       386
  -4.77859     0         -4.99326        3  O          6.91141       414
   6.39426     0         -2.69109        3  O          6.93747       583
  -5.7364     -1.57296    3.61454        2  Ir         6.96027       210
  -5.7364      1.57296    3.61454        2  Ir         6.96027       212
  -6.66967     0         -2.1044         3  O          6.99378       571
   0.764999   -3.14592   -6.27501        2  Ir         7.061         195
   0.764999    3.14592   -6.27501        2  Ir         7.061         199
  -6.54058     0          2.72414        3  O          7.08521       302
   4.02546    -4.71887   -3.53851        3  O          7.14095       286
   4.02546     4.71887   -3.53851        3  O          7.14095       292
   3.97615     0         -5.94085        3  O          7.14867       348
   0.772646   -6.29183    3.33365        2  Ir         7.16221       194
   0.772646    6.29183    3.33365        2  Ir         7.16221       202
  -4.65544    -4.71887   -2.92493        1  Sr         7.24542        23
  -4.65544     4.71887   -2.92493        1  Sr         7.24542        29
   5.06105     0          5.25175        2  Ir         7.2935        131
   5.24975    -4.71887   -1.9017         2  Ir         7.31054        50
   5.24975     4.71887   -1.9017         2  Ir         7.31054        56
  -4.77095    -3.14592    4.6154         3  O          7.34579       413
  -4.77095     3.14592    4.6154         3  O          7.34579       417
  -3.33708     0         -6.55035        2  Ir         7.35141       158
  -0.035594   -1.57296   -7.19969        3  O          7.3696        325
  -0.035594    1.57296   -7.19969        3  O          7.3696        327
   1.72621    -4.71887   -5.39809        3  O          7.37475       435
   1.72621     4.71887   -5.39809        3  O          7.37475       441
   5.0534     -3.14592   -4.35692        2  Ir         7.37675       128
   5.0534      3.14592   -4.35692        2  Ir         7.37675       132
  -1.39293    -4.71887    5.56331        2  Ir         7.42687       142
  -1.39293     4.71887    5.56331        2  Ir         7.42687       148
  -0.16682    -1.57296    7.26305        3  O          7.4333        596
  -0.16682     1.57296    7.26305        3  O          7.4333        598
   4.0331     -1.57296    6.07015        3  O          7.45566       289
   4.0331      1.57296    6.07015        3  O          7.45566       291
  -2.56443    -6.29183   -3.2167         3  O          7.51736       263
  -2.56443     6.29183   -3.2167         3  O          7.51736       271
   6.52334    -3.14592    2.13746        3  O          7.55112       312
   6.52334     3.14592    2.13746        3  O          7.55112       316
  -2.55679    -3.14592    6.39196        3  O          7.56909       266
  -2.55679     3.14592    6.39196        3  O          7.56909       270
  -4.77859    -3.14592   -4.99326        3  O          7.59371       412
  -4.77859     3.14592   -4.99326        3  O          7.59371       416
   4.10523    -6.29183   -1.1123         3  O          7.59455       530
   4.10523     6.29183   -1.1123         3  O          7.59455       541
   6.39426    -3.14592   -2.69109        3  O          7.61743       581
   6.39426     3.14592   -2.69109        3  O          7.61743       585
  -6.66967    -3.14592   -2.1044         3  O          7.66875       569
  -6.66967     3.14592   -2.1044         3  O          7.66875       573
   3.17197    -1.57296   -6.83124        2  Ir         7.69425       182
   3.17197     1.57296   -6.83124        2  Ir         7.69425       184
  -7.61784     0          1.14021        2  Ir         7.7027         79
  -3.32943    -6.29183    3.05831        2  Ir         7.74761       155
  -3.32943     6.29183    3.05831        2  Ir         7.74761       163
  -6.54058    -3.14592    2.72414        3  O          7.75222       300
  -6.54058     3.14592    2.72414        3  O          7.75222       304
  -2.53649    -4.71887   -5.62568        3  O          7.76851       359
  -2.53649     4.71887   -5.62568        3  O          7.76851       365
   3.97615    -3.14592   -5.94085        3  O          7.81026       346
   3.97615     3.14592   -5.94085        3  O          7.81026       350
   6.15243    -1.57296    4.62671        3  O          7.85704       517
   6.15243     1.57296    4.62671        3  O          7.85704       519
  -0.411575   -6.29183   -4.7334         3  O          7.88426       488
  -0.411575    6.29183   -4.7334         3  O          7.88426       496
   5.06105    -3.14592    5.25175        2  Ir         7.94304       129
   5.06105     3.14592    5.25175        2  Ir         7.94304       133
  -0.403929   -6.29183    4.87526        3  O          7.96985       489
  -0.403929    6.29183    4.87526        3  O          7.96985       497
  -1.16385    -7.86479    0.828645       2  Ir         7.9935         98
  -1.16385     7.86479    0.828645       2  Ir         7.9935        112
  -3.33708    -3.14592   -6.55035        2  Ir         7.99625       156
  -3.33708     3.14592   -6.55035        2  Ir         7.99625       160
   6.47403    -4.71887   -0.264883       3  O          8.01567       252
   6.47403     4.71887   -0.264883       3  O          8.01567       259
   6.14478    -1.57296   -4.98195        3  O          8.0655        516
   6.14478     1.57296   -4.98195        3  O          8.0655        518
  -7.81418    -1.57296   -1.31501        2  Ir         8.07867        43
  -7.81418     1.57296   -1.31501        2  Ir         8.07867        45
   7.32752    -1.57296    3.02785        2  Ir         8.08299       221
   7.32752     1.57296    3.02785        2  Ir         8.08299       223
  -1.27457     0          8.00031        2  Ir         8.1012         67
  -6.58989    -4.71887    0.321805       3  O          8.11159       244
  -6.58989     4.71887    0.321805       3  O          8.11159       249
   2.20651     0         -7.83211        3  O          8.13699       380
   2.09101    -7.86479   -0.291773       1  Sr         8.14324         6
   2.09101     7.86479   -0.291773       1  Sr         8.14324        19
  -0.174466   -7.86479   -2.34561        3  O          8.20897       591
  -0.174466    7.86479   -2.34561        3  O          8.20897       601
  -0.027947   -7.86479    2.40897        3  O          8.2255        322
  -0.027947    7.86479    2.40897        3  O          8.2255        332
  -5.7364     -4.71887    3.61454        2  Ir         8.26069       208
  -5.7364      4.71887    3.61454        2  Ir         8.26069       214
  -2.38997    -7.86479   -0.871095       3  O          8.26593       545
  -2.38997     7.86479   -0.871095       3  O          8.26593       559
  -4.64779    -1.57296    6.68373        1  Sr         8.29147        26
  -4.64779     1.57296    6.68373        1  Sr         8.29147        28
   3.9838     -6.29183    3.66782        3  O          8.30124       345
   3.9838      6.29183    3.66782        3  O          8.30124       353
  -7.61784    -3.14592    1.14021        2  Ir         8.32036        77
  -7.61784     3.14592    1.14021        2  Ir         8.32036        81
   5.44609    -6.29183    0.553525       2  Ir         8.33987        84
   5.44609     6.29183    0.553525       2  Ir         8.33987        94
  -6.91914    -1.57296   -4.39526        3  O          8.34668       504
  -6.91914     1.57296   -4.39526        3  O          8.34668       506
  -2.16051     0         -8.09196        3  O          8.37542       452
  -5.74405    -1.57296   -5.99413        2  Ir         8.44972       209
  -5.74405     1.57296   -5.99413        2  Ir         8.44972       211
  -0.035594   -4.71887   -7.19969        3  O          8.6084        323
  -0.035594    4.71887   -7.19969        3  O          8.6084        329
  -0.16682    -4.71887    7.26305        3  O          8.663         594
  -0.16682     4.71887    7.26305        3  O          8.663         600
   4.0331     -4.71887    6.07015        3  O          8.68219       287
   4.0331      4.71887    6.07015        3  O          8.68219       293
  -1.27457    -3.14592    8.00031        2  Ir         8.69059        64
  -1.27457     3.14592    8.00031        2  Ir         8.69059        70
   2.20651    -3.14592   -7.83211        3  O          8.72395       378
   2.20651     3.14592   -7.83211        3  O          8.72395       383
  -4.29829    -1.57296   -7.42728        3  O          8.72433       392
  -4.29829     1.57296   -7.42728        3  O          8.72433       394
  -6.9115     -1.57296    5.2134         3  O          8.79901       505
  -6.9115      1.57296    5.2134         3  O          8.79901       507
  -8.01052     0         -3.77023        2  Ir         8.85342       118
   3.17197    -4.71887   -6.83124        2  Ir         8.88791       180
   3.17197     4.71887   -6.83124        2  Ir         8.88791       186
   0.764999   -6.29183   -6.27501        2  Ir         8.91898       193
   0.764999    6.29183   -6.27501        2  Ir         8.91898       201
   3.17961    -7.86479    2.77742        2  Ir         8.9263        179
   3.17961     7.86479    2.77742        2  Ir         8.9263        189
  -2.16051    -3.14592   -8.09196        3  O          8.94675       449
  -2.16051     3.14592   -8.09196        3  O          8.94675       455
  -1.40058    -7.86479   -4.04535        2  Ir         8.9544        139
  -1.40058     7.86479   -4.04535        2  Ir         8.9544        149
  -8.95869     0         -0.525612       3  O          8.9741        526
  -1.1715     -1.57296   -8.78002        2  Ir         8.99641       102
  -1.1715      1.57296   -8.78002        2  Ir         8.99641       105
  -8.70922    -1.57296    1.76524        3  O          9.02445       467
  -8.70922     1.57296    1.76524        3  O          9.02445       469
   6.15243    -4.71887    4.62671        3  O          9.02921       515
   6.15243     4.71887    4.62671        3  O          9.02921       521
   8.77328    -1.57296    1.5947         3  O          9.05471       403
   8.77328     1.57296    1.5947         3  O          9.05471       405
   4.35471    -7.86479    1.17856        3  O          9.06683       473
   4.35471     7.86479    1.17856        3  O          9.06683       484
   1.73385    -7.86479    4.21057        3  O          9.08791       434
   1.73385     7.86479    4.21057        3  O          9.08791       444
  -4.77095    -6.29183    4.6154         3  O          9.14609       411
  -4.77095     6.29183    4.6154         3  O          9.14609       419
   5.0534     -6.29183   -4.35692        2  Ir         9.17097       126
   5.0534      6.29183   -4.35692        2  Ir         9.17097       134
  -2.52884    -7.86479    3.98299        3  O          9.17137       358
  -2.52884     7.86479    3.98299        3  O          9.17137       368
  -2.38232    -1.57296    8.73757        3  O          9.1921        552
  -2.38232     1.57296    8.73757        3  O          9.1921        555
   6.14478    -4.71887   -4.98195        3  O          9.21118       514
   6.14478     4.71887   -4.98195        3  O          9.21118       520
   8.29298     0          4.02871        3  O          9.21976       427
  -4.29064    -7.86479    2.18138        3  O          9.22079       389
  -4.29064     7.86479    2.18138        3  O          9.22079       399
  -7.81418    -4.71887   -1.31501        2  Ir         9.22271        42
  -7.81418     4.71887   -1.31501        2  Ir         9.22271        47
   7.32752    -4.71887    3.02785        2  Ir         9.22649       219
   7.32752     4.71887    3.02785        2  Ir         9.22649       225
   8.40849    -1.57296   -3.51162        1  Sr         9.24707        35
   8.40849     1.57296   -3.51162        1  Sr         9.24707        37
   6.52334    -6.29183    2.13746        3  O          9.31181       310
   6.52334     6.29183    2.13746        3  O          9.31181       318
  -2.55679    -6.29183    6.39196        3  O          9.32638       264
  -2.55679     6.29183    6.39196        3  O          9.32638       272
  -4.77859    -6.29183   -4.99326        3  O          9.34638       410
  -4.77859     6.29183   -4.99326        3  O          9.34638       418
   6.39426    -6.29183   -2.69109        3  O          9.36566       579
   6.39426     6.29183   -2.69109        3  O          9.36566       587
  -8.01052    -3.14592   -3.77023        2  Ir         9.39574       116
  -8.01052     3.14592   -3.77023        2  Ir         9.39574       120
  -6.66967    -6.29183   -2.1044         3  O          9.40745       567
  -6.66967     6.29183   -2.1044         3  O          9.40745       575
  -4.64779    -4.71887    6.68373        1  Sr         9.40968        24
  -4.64779     4.71887    6.68373        1  Sr         9.40968        30
   6.4019      0          6.91757        3  O          9.42535       584
   0          -9.43774    0              3  O          9.43774       227
   0           9.43774    0              3  O          9.43774       242
   4.11288     0          8.49636        3  O          9.43949       537
  -6.91914    -4.71887   -4.39526        3  O          9.45836       502
  -6.91914     4.71887   -4.39526        3  O          9.45836       508
   5.25739    -1.57296    7.70697        2  Ir         9.46106        53
   5.25739     1.57296    7.70697        2  Ir         9.46106        55
  -6.54058    -6.29183    2.72414        3  O          9.47562       298
  -6.54058     6.29183    2.72414        3  O          9.47562       306
  -6.54823     0         -6.88452        3  O          9.50136       301
  -8.95869    -3.14592   -0.525612       3  O          9.50953       525
  -8.95869     3.14592   -0.525612       3  O          9.50953       527
   4.02546    -7.86479   -3.53851        3  O          9.51736       284
   4.02546     7.86479   -3.53851        3  O          9.51736       294
   3.97615    -6.29183   -5.94085        3  O          9.52316       344
   3.97615     6.29183   -5.94085        3  O          9.52316       352
  -5.74405    -4.71887   -5.99413        2  Ir         9.54942       207
  -5.74405     4.71887   -5.99413        2  Ir         9.54942       213
  -4.65544    -7.86479   -2.92493        1  Sr         9.596          21
  -4.65544     7.86479   -2.92493        1  Sr         9.596          31
  -0.007646    0         -9.60866        3  O          9.60867       234
   0.007646    0          9.60866        3  O          9.60867       235
   4.34706    -1.57296   -8.4301         3  O          9.61446       476
   4.34706     1.57296   -8.4301         3  O          9.61446       479
   5.06105    -6.29183    5.25175        2  Ir         9.63235       127
   5.06105     6.29183    5.25175        2  Ir         9.63235       135
  -9.03847    -1.57296   -2.95182        3  O          9.6375        279
  -9.03847     1.57296   -2.95182        3  O          9.6375        281
   5.24975    -7.86479   -1.9017         2  Ir         9.64527        49
   5.24975     7.86479   -1.9017         2  Ir         9.64527        58
  -1.28222    -9.43774   -1.60835        2  Ir         9.65929        59
  -1.28222     9.43774   -1.60835        2  Ir         9.65929        73
  -3.33708    -6.29183   -6.55035        2  Ir         9.67628       154
  -3.33708     6.29183   -6.55035        2  Ir         9.67628       162
   2.09865    -1.57296    9.31689        1  Sr         9.679          12
   2.09865     1.57296    9.31689        1  Sr         9.679          15
   1.72621    -7.86479   -5.39809        3  O          9.69402       433
   1.72621     7.86479   -5.39809        3  O          9.69402       443
  -1.39293    -7.86479    5.56331        2  Ir         9.73373       140
  -1.39293     7.86479    5.56331        2  Ir         9.73373       150
   8.29298    -3.14592    4.02871        3  O          9.7417        425
   8.29298     3.14592    4.02871        3  O          9.7417        429
  -4.29829    -4.71887   -7.42728        3  O          9.79324       390
  -4.29829     4.71887   -7.42728        3  O          9.79324       396
  -2.15286    -9.43774    1.5167         3  O          9.79828       446
  -2.15286     9.43774    1.5167         3  O          9.79828       460
   2.21416    -9.43774    1.77656        3  O          9.85544       375
   2.21416     9.43774    1.77656        3  O          9.85544       387
  -6.9115     -4.71887    5.2134         3  O          9.85982       503
  -6.9115      4.71887    5.2134         3  O          9.85982       509
  -8.00287     0          5.83843        2  Ir         9.90622       119
   6.5157      0         -7.47121        3  O          9.91329       313
   6.4019     -3.14592    6.91757        3  O          9.9365        582
   6.4019      3.14592    6.91757        3  O          9.9365        586
  -7.61784    -6.29183    1.14021        2  Ir         9.94579        75
  -7.61784     6.29183    1.14021        2  Ir         9.94579        82
   4.11288    -3.14592    8.49636        3  O          9.94991       534
   4.11288     3.14592    8.49636        3  O          9.94991       540
   7.31988    -1.57296   -6.58081        2  Ir         9.96804       220
   7.31988     1.57296   -6.58081        2  Ir         9.96804       222
   8.28533     0         -5.57995        3  O          9.98912       426
  -2.53649    -7.86479   -5.62568        3  O          9.99684       357
  -2.53649     7.86479   -5.62568        3  O          9.99684       367
END
