 # it. E_fermi(eV)  Charge Distance  Partial Chg. D.  Convergence
  0       5.058          0.000         0.0000     0
  1      -6.272         0.1975         6.4707     0
  2      -6.485         0.0920         0.6599     0
  3      -6.036         0.0417         0.0981     0
  4      -5.899         0.0072         0.0649     0
  5      -5.942         0.0054         0.0122     0
  6      -5.996         0.0009         0.0106     0
  7      -6.013         0.0021         0.0017     0
  8      -6.012         0.0033         0.0015     0
  9      -6.012         0.0015         0.0316     0
 10      -6.012         0.0030         0.0327     0
 11      -6.012         0.0015         0.0406     0
 12      -6.012         0.0004         0.0203     0
 13      -6.012         0.0012         0.0026     0
 14      -6.012         0.0030         0.0066     0
 15      -6.011         0.0052         0.0083     0
 16      -6.007         0.0107         0.0027     0
 17      -6.015         0.0001         0.0058     0
 18      -6.015         0.0001         0.0003     0
 19      -6.015         0.0000         0.0005     0
 20      -6.015         0.0001         0.0002     1
