# # comment:                                                     FEFF 9.6.4  
# # Source:
# # Structure
# # Reduced
# # space
# # abc:
# # angles:
# # sites:
# # POT  SCF  30  4.5000   0, screened core-hole, AFOLP (folp(0)= 1.150)
# # Abs   Z= 8 Rmt= 0.948 Rnm= 1.037 K  shell
# # Pot 1 Z=38 Rmt= 1.818 Rnm= 1.857
# # Pot 2 Z=77 Rmt= 1.259 Rnm= 1.415
# # Pot 3 Z= 8 Rmt= 0.950 Rnm= 1.037
# # Gam_ch=1.559E-01 H-L exch Vi= 0.000E+00 Vr= 0.000E+00
# # Mu=-7.404E+00 kf=2.331E+00 Vint=-1.777E+01 Rs_int= 1.556
# FMS rfms= 7.5000
# # PATH  Rmax=-1.000,  Keep_limit= 0.00, Heap_limit 0.00  Pwcrit= 2.50%
#  S02=0.999  Temp=   0.00  Debye_temp=   0.00  Global_sig2= 0.00000
#  Energy zero shift, vr, vi    0.00000E+00   0.00000E+00
#  Curved wave amplitude ratio filter   4.000%
#     file         sig2 tot  cw amp ratio   deg  nlegs   reff  inp sig2
#     0/   0 paths used
#  xsedge+ 50, used to normalize mu           4.7913E-03
#  -----------------------------------------------------------------------
#  omega    e    k    mu    mu0     chi     @#
     528.731     -9.842  -0.800  1.12762E-02  1.37185E-02 -2.44228E-03
     529.194     -9.379  -0.720  1.34750E-02  1.70736E-02 -3.59859E-03
     529.608     -8.964  -0.640  1.64252E-02  2.17962E-02 -5.37106E-03
     529.974     -8.599  -0.560  2.05822E-02  2.87268E-02 -8.14455E-03
     530.291     -8.282  -0.480  2.68349E-02  3.94536E-02 -1.26187E-02
     530.559     -8.013  -0.400  3.70771E-02  5.72601E-02 -2.01831E-02
     530.779     -7.794  -0.320  5.57868E-02  8.97499E-02 -3.39632E-02
     530.949     -7.623  -0.240  9.48110E-02  1.56968E-01 -6.21570E-02
     530.969     -7.604  -0.229  1.03073E-01  1.71154E-01 -6.80811E-02
     531.069     -7.504  -0.162  1.82321E-01  3.07229E-01 -1.24908E-01
     531.169     -7.404   0.000  4.32807E-01  7.33769E-01 -3.00962E-01
     531.269     -7.304   0.162  6.98934E-01  1.15838E+00 -4.59451E-01
     531.369     -7.204   0.229  8.07871E-01  1.29075E+00 -4.82884E-01
     531.469     -7.104   0.281  8.17315E-01  1.34136E+00 -5.24044E-01
     531.569     -7.004   0.324  7.50800E-01  1.36567E+00 -6.14866E-01
     531.663     -6.910   0.360  6.83940E-01  1.37810E+00 -6.94162E-01
     531.778     -6.794   0.400  6.32046E-01  1.38646E+00 -7.54415E-01
     531.907     -6.666   0.440  5.98296E-01  1.39079E+00 -7.92497E-01
     532.047     -6.526   0.480  5.71837E-01  1.39222E+00 -8.20385E-01
     532.199     -6.374   0.520  5.49787E-01  1.39151E+00 -8.41725E-01
     532.364     -6.209   0.560  5.35654E-01  1.38916E+00 -8.53506E-01
     532.540     -6.032   0.600  5.35200E-01  1.38554E+00 -8.50342E-01
     532.729     -5.843   0.640  5.53196E-01  1.38091E+00 -8.27713E-01
     532.931     -5.642   0.680  5.86197E-01  1.37546E+00 -7.89268E-01
     533.144     -5.429   0.720  6.18237E-01  1.36938E+00 -7.51146E-01
     533.370     -5.203   0.760  6.46762E-01  1.36278E+00 -7.16016E-01
     533.607     -4.965   0.800  6.95565E-01  1.35576E+00 -6.60190E-01
     533.857     -4.715   0.840  7.99701E-01  1.34840E+00 -5.48702E-01
     534.119     -4.453   0.880  9.92983E-01  1.34079E+00 -3.47808E-01
     534.394     -4.179   0.920  1.33686E+00  1.33299E+00  3.87291E-03
     534.680     -3.892   0.960  1.96982E+00  1.32505E+00  6.44776E-01
     534.979     -3.594   1.000  2.69674E+00  1.31701E+00  1.37973E+00
     535.290     -3.283   1.040  2.73063E+00  1.30891E+00  1.42172E+00
     535.613     -2.960   1.080  2.19144E+00  1.30081E+00  8.90632E-01
     535.948     -2.624   1.120  1.89334E+00  1.29271E+00  6.00637E-01
     536.296     -2.277   1.160  1.90220E+00  1.28466E+00  6.17543E-01
     536.655     -1.917   1.200  2.19204E+00  1.27668E+00  9.15361E-01
     537.027     -1.545   1.240  2.76082E+00  1.26879E+00  1.49203E+00
     537.411     -1.161   1.280  2.91487E+00  1.26101E+00  1.65386E+00
     537.807     -0.765   1.320  2.79349E+00  1.25335E+00  1.54014E+00
     538.216     -0.357   1.360  2.24228E+00  1.24583E+00  9.96444E-01
     538.636      0.064   1.400  1.39003E+00  1.23846E+00  1.51571E-01
     539.069      0.497   1.440  1.09975E+00  1.23125E+00 -1.31501E-01
     539.514      0.942   1.480  1.14319E+00  1.22421E+00 -8.10216E-02
     539.971      1.399   1.520  1.35129E+00  1.21735E+00  1.33943E-01
     540.441      1.868   1.560  1.59318E+00  1.21065E+00  3.82521E-01
     540.922      2.350   1.600  1.60774E+00  1.20414E+00  4.03599E-01
     541.416      2.844   1.640  1.39576E+00  1.19781E+00  1.97945E-01
     541.922      3.350   1.680  1.24506E+00  1.19168E+00  5.33740E-02
     542.440      3.868   1.720  1.21021E+00  1.18572E+00  2.44814E-02
     542.971      4.398   1.760  1.13039E+00  1.17995E+00 -4.95607E-02
     543.513      4.941   1.800  1.05159E+00  1.17435E+00 -1.22766E-01
     544.068      5.495   1.840  1.02352E+00  1.16894E+00 -1.45422E-01
     544.635      6.062   1.880  1.02788E+00  1.16370E+00 -1.35818E-01
     545.214      6.641   1.920  1.07302E+00  1.15865E+00 -8.56283E-02
     545.805      7.233   1.960  1.16875E+00  1.15374E+00  1.50074E-02
     546.409      7.836   2.000  1.28445E+00  1.14900E+00  1.35450E-01
     547.025      8.452   2.040  1.36675E+00  1.14442E+00  2.22334E-01
     547.652      9.080   2.080  1.40247E+00  1.13999E+00  2.62488E-01
     548.292      9.720   2.120  1.33505E+00  1.13569E+00  1.99363E-01
     548.945     10.372   2.160  1.21248E+00  1.13153E+00  8.09479E-02
     549.609     11.037   2.200  1.15295E+00  1.12751E+00  2.54343E-02
     550.286     11.713   2.240  1.09771E+00  1.12361E+00 -2.59000E-02
     550.975     12.402   2.280  9.98141E-01  1.11980E+00 -1.21660E-01
     551.676     13.103   2.320  8.99610E-01  1.11611E+00 -2.16500E-01
     552.389     13.816   2.360  8.33848E-01  1.11252E+00 -2.78667E-01
     553.114     14.542   2.400  7.91561E-01  1.10900E+00 -3.17441E-01
     553.852     15.279   2.440  7.58491E-01  1.10558E+00 -3.47091E-01
     554.602     16.029   2.480  7.38963E-01  1.10222E+00 -3.63256E-01
     555.364     16.791   2.520  7.39933E-01  1.09891E+00 -3.58982E-01
     556.138     17.565   2.560  7.58457E-01  1.09565E+00 -3.37193E-01
     556.924     18.352   2.600  7.88519E-01  1.09244E+00 -3.03920E-01
     557.723     19.150   2.640  8.28208E-01  1.08927E+00 -2.61058E-01
     558.534     19.961   2.680  8.80009E-01  1.08611E+00 -2.06103E-01
     559.357     20.784   2.720  9.52416E-01  1.08299E+00 -1.30574E-01
     560.192     21.619   2.760  1.04690E+00  1.07985E+00 -3.29503E-02
     561.039     22.467   2.800  1.13815E+00  1.07673E+00  6.14239E-02
     561.899     23.326   2.840  1.21673E+00  1.07358E+00  1.43155E-01
     562.770     24.198   2.880  1.27545E+00  1.07042E+00  2.05026E-01
     563.654     25.082   2.920  1.31829E+00  1.06723E+00  2.51064E-01
     564.550     25.978   2.960  1.35688E+00  1.06401E+00  2.92867E-01
     565.459     26.886   3.000  1.39176E+00  1.06075E+00  3.31016E-01
     566.379     27.807   3.040  1.40864E+00  1.05744E+00  3.51204E-01
     567.312     28.739   3.080  1.38837E+00  1.05409E+00  3.34280E-01
     568.257     29.684   3.120  1.33021E+00  1.05065E+00  2.79561E-01
     569.214     30.641   3.160  1.25162E+00  1.04715E+00  2.04469E-01
     570.183     31.611   3.200  1.17140E+00  1.04359E+00  1.27815E-01
     571.165     32.592   3.240  1.10225E+00  1.03992E+00  6.23282E-02
     572.158     33.586   3.280  1.05102E+00  1.03618E+00  1.48352E-02
     573.164     34.591   3.320  1.01809E+00  1.03236E+00 -1.42750E-02
     574.182     35.609   3.360  1.00055E+00  1.02844E+00 -2.78930E-02
     575.212     36.640   3.400  9.93079E-01  1.02444E+00 -3.13561E-02
     576.255     37.682   3.440  9.88736E-01  1.02033E+00 -3.15887E-02
     577.309     38.737   3.480  9.82705E-01  1.01611E+00 -3.34059E-02
     578.376     39.804   3.520  9.73913E-01  1.01180E+00 -3.78818E-02
     579.455     40.882   3.560  9.63791E-01  1.00738E+00 -4.35867E-02
     580.546     41.974   3.600  9.54270E-01  1.00286E+00 -4.85912E-02
     581.650     43.077   3.640  9.46920E-01  9.98251E-01 -5.13309E-02
     582.765     44.193   3.680  9.42466E-01  9.93546E-01 -5.10798E-02
     583.893     45.320   3.720  9.40067E-01  9.88834E-01 -4.87672E-02
