#  Fermi level (eV):  -6.143
#  Charge transfer :  -0.166
#    Electron counts for each orbital momentum:
#       0      1.826
#       1      4.230
#       2      0.109
#       3      0.000
#  Number of atoms in cluster: 125
#  Lorentzian broadening with HWHH     0.1000 eV
# -----------------------------------------------------------------------
#      e        sDOS           pDOS          dDOS          fDOS    @#
   -30.0000  6.214370E-03  6.161883E-04  1.019187E-04  5.514959E-05
   -29.5500  9.241993E-03  6.683527E-04  1.059269E-04  5.669001E-05
   -29.1000  1.894359E-02  7.901325E-04  1.136465E-04  5.933109E-05
   -28.6500  6.324457E-02  1.531388E-03  1.540455E-04  6.838119E-05
   -28.2000  1.067247E-01  1.922369E-03  2.998750E-04  1.066232E-04
   -27.7500  1.250943E-01  2.760657E-03  3.838110E-04  2.025100E-04
   -27.3000  3.984656E-01  2.756058E-03  6.577263E-04  3.764334E-04
   -26.8500  1.441376E+00  1.622520E-03  2.798828E-04  2.263760E-04
   -26.4000  4.700117E-01  1.084240E-03  1.461536E-04  1.003327E-04
   -25.9500  8.357557E-02  1.061551E-03  1.305214E-04  7.029252E-05
   -25.5000  3.376711E-02  1.117239E-03  1.291779E-04  6.622610E-05
   -25.0500  1.831988E-02  1.202635E-03  1.330231E-04  6.673167E-05
   -24.6000  1.292611E-02  1.439035E-03  1.690164E-04  8.229245E-05
   -24.1500  8.338993E-03  1.429565E-03  1.402279E-04  6.804587E-05
   -23.7000  5.800192E-03  1.521845E-03  1.398382E-04  6.695296E-05
   -23.2500  4.405543E-03  1.665077E-03  1.434583E-04  6.775400E-05
   -22.8000  3.476414E-03  1.836693E-03  1.479919E-04  6.890784E-05
   -22.3500  2.821549E-03  2.041663E-03  1.532159E-04  7.027991E-05
   -21.9000  2.342791E-03  2.288332E-03  1.591772E-04  7.185901E-05
   -21.4500  1.982903E-03  2.589112E-03  1.659735E-04  7.365428E-05
   -21.0000  1.706798E-03  2.962932E-03  1.738633E-04  7.572477E-05
   -20.5500  1.491998E-03  3.438291E-03  1.831385E-04  7.811134E-05
   -20.1000  1.325078E-03  4.062966E-03  1.946913E-04  8.110813E-05
   -19.6500  1.192053E-03  4.902673E-03  2.081756E-04  8.438288E-05
   -19.2000  1.085720E-03  6.077531E-03  2.231216E-04  8.746659E-05
   -18.7500  1.071751E-03  8.244422E-03  2.689540E-04  1.003273E-04
   -18.3000  1.186699E-03  1.120567E-02  2.904577E-04  1.164345E-04
   -17.8500  3.439937E-04 -1.990828E-02 -2.548179E-03 -1.536768E-03
   -17.4000  2.273425E-03  8.448827E-02  8.681054E-04  2.539400E-04
   -16.9500  5.555445E-03  2.414410E-01  2.903630E-03  6.136474E-04
   -16.5000  7.787200E-03  3.182351E-01  4.113206E-03  1.008546E-03
   -16.0500  8.402377E-03  4.476259E-01  5.424861E-03  1.576390E-03
   -15.6000  9.598781E-03  3.657137E-01  6.460402E-03  1.652949E-03
   -15.1500  8.430508E-03  6.514615E-01  8.313229E-03  2.131243E-03
   -14.7000  1.039522E-02  8.072735E-01  6.235242E-03  1.696302E-03
   -14.2500  1.203647E-02  6.539261E-01  7.151251E-03  1.541011E-03
   -13.8000  1.679908E-02  5.462094E-01  7.904542E-03  1.909000E-03
   -13.3500  9.841337E-03  6.820488E-01  8.190403E-03  1.683977E-03
   -12.9000  6.998733E-03  8.719464E-01  5.623858E-03  1.372549E-03
   -12.4500  5.229359E-03  8.964230E-01  3.451192E-03  8.333756E-04
   -12.0000  3.520545E-03  6.665450E-01  2.828497E-03  6.228982E-04
   -11.5500  3.194692E-03  2.067375E-01  3.132802E-03  5.586183E-04
   -11.1000  4.728260E-03  1.401621E-01  4.869037E-03  6.974545E-04
   -10.6500  4.697538E-03  9.700269E-02  7.899884E-03  1.217174E-03
   -10.2000  6.926983E-03  1.170811E-01  2.084860E-02  3.144047E-03
    -9.7500  7.668061E-03  1.836210E-01  3.420346E-02  5.665044E-03
    -9.3000  8.857159E-03  1.745756E-01  2.857768E-02  5.954283E-03
    -8.8500  1.208732E-02  2.355509E-01  2.650742E-02  9.232856E-03
    -8.4000  1.605972E-02  3.061071E-01  1.833393E-02  1.158378E-02
    -7.9500  1.641703E-02  2.830741E-01  9.457839E-03  8.656699E-03
    -7.5000  1.461125E-02  1.506479E-01  7.832340E-03  6.610317E-03
    -7.0500  1.701496E-02  8.332310E-02  7.886770E-03  2.267097E-03
    -6.6000  2.419052E-02  5.359894E-02  9.694463E-03  1.609510E-03
    -6.1500  2.551748E-02  4.191875E-02  1.210662E-02  1.866881E-03
    -5.7000  2.472910E-02  5.925183E-02  2.132982E-02  3.165365E-03
    -5.2500  3.030331E-02  1.618283E-01  3.779154E-02  6.256077E-03
    -4.8000  4.111770E-02  2.507176E-01  3.529721E-02  7.138490E-03
    -4.3500  4.033154E-02  2.413461E-01  3.228133E-02  5.033672E-03
    -3.9000  3.442862E-02  2.474533E-01  3.176554E-02  4.558251E-03
    -3.4500  2.395863E-02  1.556741E-01  1.706870E-02  3.386315E-03
    -3.0000  2.143867E-02  1.156779E-01  1.250776E-02  2.532082E-03
    -2.5500  2.389015E-02  1.159239E-01  1.185039E-02  2.303526E-03
    -2.1000  2.259171E-02  1.240108E-01  1.312683E-02  2.284650E-03
    -1.6500  1.977284E-02  1.242564E-01  1.607367E-02  2.128625E-03
    -1.2000  1.946109E-02  1.225575E-01  1.930218E-02  2.148176E-03
    -0.7500  2.064455E-02  1.220700E-01  2.160408E-02  2.364596E-03
    -0.3000  2.115054E-02  1.266742E-01  2.329345E-02  2.618193E-03
     0.1500  1.641108E-02  1.321201E-01  2.496432E-02  2.899330E-03
     0.6000  1.229560E-02  1.320599E-01  2.750969E-02  3.278268E-03
     1.0500  1.017264E-02  1.275151E-01  3.144564E-02  3.597357E-03
     1.5000  8.759400E-03  1.231608E-01  3.597285E-02  3.956262E-03
     1.9500  7.668674E-03  1.255325E-01  4.062517E-02  4.266174E-03
     2.4000  6.651879E-03  1.100076E-01  4.111744E-02  4.508850E-03
     2.8500  5.625041E-03  8.580013E-02  3.944323E-02  4.787044E-03
     3.3000  5.115817E-03  7.259728E-02  4.033389E-02  5.150778E-03
     3.7500  5.168406E-03  7.040358E-02  4.136197E-02  5.614168E-03
     4.2000  5.428492E-03  6.849158E-02  4.025705E-02  5.909869E-03
     4.6500  5.643487E-03  6.153064E-02  3.910170E-02  6.024182E-03
     5.1000  6.029632E-03  5.477266E-02  3.897296E-02  6.192039E-03
     5.5500  6.530357E-03  4.962254E-02  3.942319E-02  6.436513E-03
     6.0000  6.880699E-03  4.565911E-02  3.981589E-02  6.560449E-03
     6.4500  7.015275E-03  4.277915E-02  4.034400E-02  6.570871E-03
     6.9000  7.101466E-03  4.129084E-02  4.199273E-02  6.700983E-03
     7.3500  7.225270E-03  4.148146E-02  4.533921E-02  7.093302E-03
     7.8000  7.381962E-03  4.319948E-02  5.008252E-02  7.752123E-03
     8.2500  7.558130E-03  4.515117E-02  5.433417E-02  8.452357E-03
     8.7000  7.721574E-03  4.531442E-02  5.623898E-02  8.867774E-03
     9.1500  7.835186E-03  4.490108E-02  5.848190E-02  9.216032E-03
     9.6000  7.967856E-03  4.454026E-02  6.198095E-02  9.528205E-03
    10.0500  8.218034E-03  4.369667E-02  6.431472E-02  9.930734E-03
    10.5000  8.526936E-03  4.199325E-02  6.485332E-02  1.056833E-02
    10.9500  8.724344E-03  4.010772E-02  6.466115E-02  1.137237E-02
    11.4000  8.796299E-03  3.935638E-02  6.489327E-02  1.220092E-02
    11.8500  9.063587E-03  3.997528E-02  6.588892E-02  1.290243E-02
    12.3000  9.726960E-03  4.117174E-02  6.713034E-02  1.346765E-02
    12.7500  1.059290E-02  4.225945E-02  6.889904E-02  1.402266E-02
    13.2000  1.127482E-02  4.260022E-02  7.144262E-02  1.457919E-02
    13.6500  1.160382E-02  4.168261E-02  7.403150E-02  1.501276E-02
    14.1000  1.184193E-02  4.001565E-02  7.617116E-02  1.529064E-02
    14.5500  1.234935E-02  3.872733E-02  7.827533E-02  1.552717E-02
    15.0000  1.326160E-02  3.837200E-02  8.092171E-02  1.577853E-02
