 # it. E_fermi(eV)  Charge Distance  Partial Chg. D.  Convergence
  0       2.083          0.000         0.0000     0
  1      -6.305         0.1776         6.8362     0
  2      -6.683         0.2465         0.4047     0
  3      -6.547         0.0673         0.2817     0
  4      -6.337         0.0101         0.1896     0
  5      -6.337         0.0010         0.0314     0
  6      -6.360         0.0024         0.0059     0
  7      -6.390         0.0017         0.0029     0
  8      -6.394         0.0035         0.0004     0
  9      -6.396         0.0009         0.0013     0
 10      -6.397         0.0002         0.0001     1
