   -30.0000  7.737212E-03  6.106436E-04  9.534455E-05  5.198983E-05
   -29.5500  1.113408E-02  6.429759E-04  9.697923E-05  5.251896E-05
   -29.1000  1.738824E-02  6.781318E-04  9.867054E-05  5.305954E-05
   -28.6500  3.089444E-02  7.164590E-04  1.004218E-04  5.361199E-05
   -28.2000  6.935477E-02  7.583666E-04  1.022367E-04  5.417677E-05
   -27.7500  2.714494E-01  8.043280E-04  1.041191E-04  5.475439E-05
   -27.3000  5.568871E+00  8.549011E-04  1.060733E-04  5.534538E-05
   -26.8500  2.557079E-01  9.107461E-04  1.081041E-04  5.595031E-05
   -26.4000  6.724738E-02  9.726476E-04  1.102167E-04  5.656977E-05
   -25.9500  3.026915E-02  1.041546E-03  1.124168E-04  5.720442E-05
   -25.5000  1.713223E-02  1.118576E-03  1.147110E-04  5.785495E-05
   -25.0500  1.101272E-02  1.205120E-03  1.171064E-04  5.852213E-05
   -24.6000  7.677718E-03  1.302872E-03  1.196113E-04  5.920677E-05
   -24.1500  5.663628E-03  1.413936E-03  1.222346E-04  5.990976E-05
   -23.7000  4.355848E-03  1.540947E-03  1.249870E-04  6.063206E-05
   -23.2500  3.459836E-03  1.687250E-03  1.278805E-04  6.137474E-05
   -22.8000  2.820162E-03  1.857153E-03  1.309289E-04  6.213899E-05
   -22.3500  2.348590E-03  2.056269E-03  1.341486E-04  6.292604E-05
   -21.9000  1.992104E-03  2.292087E-03  1.375589E-04  6.373744E-05
   -21.4500  1.717422E-03  2.574766E-03  1.411831E-04  6.457463E-05
   -21.0000  1.502991E-03  2.918456E-03  1.450499E-04  6.543974E-05
   -20.5500  1.334679E-03  3.343451E-03  1.491950E-04  6.633542E-05
   -20.1000  1.203492E-03  3.879976E-03  1.536649E-04  6.726319E-05
   -19.6500  1.104722E-03  4.575271E-03  1.585219E-04  6.823314E-05
   -19.2000  1.038902E-03  5.508359E-03  1.638549E-04  6.925091E-05
   -18.7500  1.018209E-03  6.826000E-03  1.698028E-04  7.105666E-05
   -18.3000  1.108384E-03  8.861930E-03  1.766216E-04  1.040353E-04
   -17.8500  2.500099E-03  1.318714E-02  1.850405E-04  1.012569E-04
   -17.4000  5.561751E-03  2.942442E-02  2.007443E-04  8.416512E-05
   -16.9500  7.172444E-03  6.576402E-02  2.335941E-04  7.533861E-05
   -16.5000  8.242221E-03  1.348713E-01  2.901558E-04  7.707377E-05
   -16.0500  9.015712E-03  2.598466E-01  3.750136E-04  7.955014E-05
   -15.6000  9.599193E-03  4.715193E-01  4.917112E-04  8.293390E-05
   -15.1500  1.005076E-02  7.730945E-01  6.431034E-04  8.751649E-05
   -14.7000  1.040635E-02  1.053226E+00  8.315421E-04  9.361440E-05
   -14.2500  1.068992E-02  1.131564E+00  1.058989E-03  1.015595E-04
   -13.8000  1.091832E-02  1.012808E+00  1.327091E-03  1.116954E-04
   -13.3500  1.110381E-02  8.342509E-01  1.637233E-03  1.243748E-04
   -12.9000  1.125561E-02  6.752026E-01  1.990580E-03  1.399568E-04
   -12.4500  1.138075E-02  5.519697E-01  2.388103E-03  1.588049E-04
   -12.0000  1.148472E-02  4.595486E-01  2.830607E-03  1.812854E-04
   -11.5500  1.157183E-02  3.899469E-01  3.318746E-03  2.077655E-04
   -11.1000  1.164553E-02  3.366623E-01  3.853041E-03  2.386123E-04
   -10.6500  1.170861E-02  2.950620E-01  4.433890E-03  2.741913E-04
   -10.2000  1.176332E-02  2.619505E-01  5.061580E-03  3.148657E-04
    -9.7500  1.181149E-02  2.351223E-01  5.736296E-03  3.609949E-04
    -9.3000  1.185463E-02  2.130355E-01  6.458127E-03  4.129346E-04
    -8.8500  1.189399E-02  1.945933E-01  7.227068E-03  4.710351E-04
    -8.4000  1.193058E-02  1.790016E-01  8.043037E-03  5.356412E-04
    -7.9500  1.196525E-02  1.656746E-01  8.905866E-03  6.070917E-04
    -7.5000  1.199871E-02  1.541730E-01  9.815316E-03  6.857184E-04
    -7.0500  1.203152E-02  1.441620E-01  1.077107E-02  7.718462E-04
    -6.6000  1.206418E-02  1.353828E-01  1.177275E-02  8.657922E-04
    -6.1500  1.209707E-02  1.276325E-01  1.281994E-02  9.678659E-04
    -5.7000  1.213052E-02  1.207499E-01  1.391204E-02  1.078368E-03
    -5.2500  1.216479E-02  1.146060E-01  1.504852E-02  1.197592E-03
    -4.8000  1.220010E-02  1.090957E-01  1.622873E-02  1.325821E-03
    -4.3500  1.223662E-02  1.041334E-01  1.745197E-02  1.463330E-03
    -3.9000  1.227448E-02  9.964796E-02  1.871749E-02  1.610384E-03
    -3.4500  1.231378E-02  9.558035E-02  2.002446E-02  1.767241E-03
    -3.0000  1.235461E-02  9.188092E-02  2.137202E-02  1.934148E-03
    -2.5500  1.239702E-02  8.850768E-02  2.275924E-02  2.111340E-03
    -2.1000  1.244104E-02  8.542487E-02  2.418514E-02  2.299048E-03
    -1.6500  1.248669E-02  8.260186E-02  2.564870E-02  2.497487E-03
    -1.2000  1.253398E-02  8.001228E-02  2.714883E-02  2.706867E-03
    -0.7500  1.258290E-02  7.763325E-02  2.868441E-02  2.927387E-03
    -0.3000  1.263343E-02  7.544483E-02  3.025426E-02  3.159233E-03
     0.1500  1.268555E-02  7.342959E-02  3.185717E-02  3.402586E-03
     0.6000  1.273923E-02  7.157217E-02  3.349184E-02  3.657613E-03
     1.0500  1.279442E-02  6.985903E-02  3.515698E-02  3.924473E-03
     1.5000  1.285108E-02  6.827815E-02  3.685123E-02  4.203315E-03
     1.9500  1.290917E-02  6.681882E-02  3.857321E-02  4.494278E-03
     2.4000  1.296861E-02  6.547148E-02  4.032146E-02  4.797491E-03
     2.8500  1.302937E-02  6.422750E-02  4.209454E-02  5.113072E-03
     3.3000  1.309138E-02  6.307922E-02  4.389093E-02  5.441131E-03
     3.7500  1.315458E-02  6.201961E-02  4.570908E-02  5.781768E-03
     4.2000  1.321891E-02  6.104237E-02  4.754744E-02  6.135071E-03
     4.6500  1.328429E-02  6.014173E-02  4.940439E-02  6.501121E-03
     5.1000  1.335068E-02  5.931246E-02  5.127832E-02  6.879986E-03
     5.5500  1.341799E-02  5.854975E-02  5.316758E-02  7.271732E-03
     6.0000  1.348617E-02  5.784925E-02  5.507048E-02  7.676407E-03
     6.4500  1.355515E-02  5.720690E-02  5.698532E-02  8.094053E-03
     6.9000  1.362487E-02  5.661900E-02  5.891041E-02  8.524702E-03
     7.3500  1.369524E-02  5.608212E-02  6.084402E-02  8.968378E-03
     7.8000  1.376622E-02  5.559308E-02  6.278438E-02  9.425095E-03
     8.2500  1.383774E-02  5.514895E-02  6.472977E-02  9.894858E-03
     8.7000  1.390972E-02  5.474699E-02  6.667842E-02  1.037766E-02
     9.1500  1.398211E-02  5.438466E-02  6.862860E-02  1.087349E-02
     9.6000  1.405485E-02  5.405959E-02  7.057849E-02  1.138233E-02
    10.0500  1.412786E-02  5.376956E-02  7.252635E-02  1.190415E-02
    10.5000  1.420109E-02  5.351249E-02  7.447044E-02  1.243890E-02
    10.9500  1.427449E-02  5.328644E-02  7.640904E-02  1.298654E-02
    11.4000  1.434798E-02  5.308958E-02  7.834033E-02  1.354701E-02
    11.8500  1.442151E-02  5.292018E-02  8.026264E-02  1.412025E-02
    12.3000  1.449503E-02  5.277659E-02  8.217442E-02  1.470618E-02
    12.7500  1.456848E-02  5.265736E-02  8.407362E-02  1.530472E-02
    13.2000  1.464180E-02  5.256106E-02  8.595876E-02  1.591579E-02
    13.6500  1.471494E-02  5.248623E-02  8.782818E-02  1.653929E-02
    14.1000  1.478784E-02  5.243163E-02  8.968029E-02  1.717511E-02
    14.5500  1.486047E-02  5.239599E-02  9.151348E-02  1.782314E-02
    15.0000  1.493277E-02  5.237820E-02  9.332622E-02  1.848326E-02
