 527.50800  13445856159824067068564602880.00000
 527.53559  13636854251723949596173402112.00000
 527.56319  13827852343623834322805456896.00000
 527.59078  14018850435523719049437511680.00000
 527.61838  14209848527423601577046310912.00000
 527.64597  14400846619323484104655110144.00000
 527.67357  14591844711223366632263909376.00000
 527.70116  14782842803123251358895964160.00000
 527.72876  14973840895023136085528018944.00000
 527.75635  15164838986922233561834586112.00000
 527.78395  15357807995151941548332023808.00000
 527.81154  17328600564340758374875398144.00000
 527.83914  17553155178216978636636946432.00000
 527.86673  17777856136080679575979294720.00000
 527.89433  18265907937786997577820930048.00000
 527.92192  18493958571024999506428035072.00000
 527.94952  18722009204263001435035140096.00000
 527.97711  18968862380118982821079416832.00000
 528.00471  19281809948438255510782738432.00000
 528.03230  19594757516757532598532571136.00000
 528.05990  19907705085076805288235892736.00000
 528.08749  20220652653396077977939214336.00000
 528.11509  20533600221715350667642535936.00000
 528.14268  20846547790034627755392368640.00000
 528.17028  21159495358353900445095690240.00000
 528.19787  21475663456550774655334481920.00000
 528.22546  21801547081748132835226550272.00000
 528.25306  22129840384085696247050010624.00000
 528.28065  25304550624047123804983394304.00000
 528.30825  32394439928453145135868280832.00000
 528.33584  32877979516220650554753286144.00000
 528.36344  33362219730770818741208875008.00000
 528.39103  33877214679278805553453727744.00000
 528.41863  34499552305660540431810691072.00000
 528.44622  35121889932042284106260676608.00000
 528.47382  35744227558424014586571128832.00000
 528.50141  36395324247767180955600551936.00000
 528.52901  37018141905670419959886381056.00000
 528.55660  38086870628839455104371261440.00000
 528.58420  38739270832052009567088803840.00000
 528.61179  39392745037802179554749448192.00000
 528.63939  40047087871904567520443498496.00000
 528.66698  40704131109809542106867302400.00000
 528.69458  41377189822107026856578383872.00000
 528.72217  42052152906968564683350474752.00000
 528.74977  42741783475952285523636125696.00000
 528.77736  43693727501864458025076523008.00000
 528.80496  44681546352709134816917848064.00000
 528.83255  45669365203553820404852195328.00000
 528.86015  46657184054398505992786542592.00000
 528.88774  47665223531657870281367617536.00000
 528.91533  48693652962648485642945691648.00000
 528.94293  49725005888779126397649027072.00000
 528.97052  50756677485344621825158545408.00000
 528.99812  51788404559349391656885420032.00000
 529.02571  52821422460498429021018652672.00000
 529.05331  53884693352303921687842258944.00000
 529.08090  55155998434288002871762878464.00000
 529.10850  56660018450284217520678240256.00000
 529.13609  58167698479691024951358259200.00000
 529.16369  59761974083489652654198489088.00000
 529.19128  61431852755875953473581219840.00000
 529.21888  63152773078537417872166092800.00000
 529.24647  64873693401198899862937010176.00000
 529.27407  66594613723860373057614905344.00000
 529.30166  68315534046521846252292800512.00000
 529.32926  70036454369183328243063717888.00000
 529.35685  72459864196343816682838425600.00000
 529.38445  75275084180085005053570580480.00000
 529.41204  78126276146759451040519553024.00000
 529.43964  80989396231076298135915462656.00000
 529.46723  83862906711773731696360292352.00000
 529.49483  86737849021415520259679453184.00000
 529.52242  89648181112241019357656776704.00000
 529.55002  92751308310760014755764633600.00000
 529.57761  98121108928017822694271614976.00000
 529.60520  104033409508657735548675293184.00000
 529.63280  110025021460781768794223673344.00000
 529.66039  116431758506454856255678709760.00000
 529.68799  123718122987133675670968729600.00000
 529.71558  131087188018277154043358871552.00000
 529.74318  140280968102370239660823674880.00000
 529.77077  155592614270638697013365964800.00000
 529.79837  171616089717499227273435283456.00000
 529.82596  187729052401197884848459481088.00000
 529.85356  210333428832613068163197698048.00000
 529.88115  249842172481143964210170953728.00000
 529.90875  289402588705344532913256923136.00000
 529.93634  328961183127518563060655587328.00000
 529.96394  370329197979904062747148550144.00000
 529.99153  412970055813829528236186402816.00000
 530.01913  455800995663808635627940872192.00000
 530.04672  498602880634238639782922027008.00000
 530.07432  524549676795415539881871409152.00000
 530.10191  550962093155150844776178253824.00000
 530.12951  577988070280930196757514551296.00000
 530.15710  606808562099283443043218227200.00000
 530.18470  636385917571273944231248396288.00000
 530.21229  666069208120225690724687937536.00000
 530.23988  696099080429170751539762954240.00000
 530.26748  730964736654702644737509163008.00000
 530.29507  767194022573808851683540729856.00000
 530.32267  803793850894667643787669405696.00000
 530.35026  840562156851974495722035740672.00000
 530.37786  884393876687213260926191927296.00000
 530.40545  928738167639894518309737988096.00000
 530.43305  973091968295711325552757440512.00000
 530.46064  1025144368339173540463625895936.00000
 530.48824  1079977547504540265836590399488.00000
 530.51583  1132485425473297982001613111296.00000
 530.54343  1187780122331754343025696833536.00000
 530.57102  1254634032866975606213993037824.00000
 530.59862  1330070716410349056956798337024.00000
 530.62621  1408330935594546321111186931712.00000
 530.65381  1487916653863088860992892829696.00000
 530.68140  1570465173348384358378902650880.00000
 530.70900  1676499770584131034379100094464.00000
 530.73659  1786714293434591986169237471232.00000
 530.76419  1904417216963946467497883992064.00000
 530.79178  2020313425552023116132458168320.00000
 530.81938  2131218135494951614808047222784.00000
 530.84697  2258640084749897628276546863104.00000
 530.87457  2392698046283630737968683024384.00000
 530.90216  2527721806520539521149623599104.00000
 530.92975  2664671196981967492621784842240.00000
 530.95735  2820549636671871814869767421952.00000
 530.98494  2982266129830523086551100948480.00000
 531.01254  3135858232877547012459822317568.00000
 531.04013  3294814017793471708164599578624.00000
 531.06773  3483161595105822627460827578368.00000
 531.09532  3671589133111170318953158279168.00000
 531.12292  3864690190659755697516503367680.00000
 531.15051  4046597777377339981204375470080.00000
 531.17811  4203152668676935913353542369280.00000
 531.20570  4360543108211927003868478570496.00000
 531.23330  4513661135467288863311006793728.00000
 531.26089  4631520636796208891088378789888.00000
 531.28849  4751003652288137237546164813824.00000
 531.31608  4871141061359708327544887443456.00000
 531.34368  4936221437173494664051977879552.00000
 531.37127  4980068985841189465136239214592.00000
 531.39887  5022293500221920046768164175872.00000
 531.42646  5056824399236692827803740012544.00000
 531.45406  5076476397338834442959122857984.00000
 531.48165  5078995109614756772009346072576.00000
 531.50925  5032044517117903720776076361728.00000
 531.53684  4960509016296489717395605159936.00000
 531.56444  4889172963909823553928909815808.00000
 531.59203  4821794913172172241357714227200.00000
 531.61962  4756693696561145244996232806400.00000
 531.64722  4709603972562095572022372335616.00000
 531.67481  4662533982683781930627471769600.00000
 531.70241  4615388305630041648407244701696.00000
 531.73000  4564978012825253309998207860736.00000
 531.75760  4515098402252452929831862009856.00000
 531.78519  4474143366289332612301525614592.00000
 531.81279  4445378653976843291268994826240.00000
 531.84038  4416649885566583410430845124608.00000
 531.86798  4387921117156324092542648844288.00000
 531.89557  4358969914364939862321680875520.00000
 531.92317  4327027390436260355627945033728.00000
 531.95076  4265001186309738576871667269632.00000
 531.97836  4195275672930060964208232628224.00000
 532.00595  4116177734032033610594397454336.00000
 532.03355  4033741416644935226101682143232.00000
 532.06114  3951607771811520102525971726336.00000
 532.08874  3863882122431846242936309153792.00000
 532.11633  3776012575671327269823568674816.00000
 532.14393  3692278466441734924458396745728.00000
 532.17152  3619534577574823412723255083008.00000
 532.19912  3548651569440823685961933127680.00000
 532.22671  3468755046845530331333712150528.00000
 532.25431  3388929568664021883151515123712.00000
 532.28190  3302687196844947612903216775168.00000
 532.30949  3222031419835942336248217075712.00000
 532.33709  3147980158493847236943764520960.00000
 532.36468  3073923446962726339901321641984.00000
 532.39228  3010604959495911826756808474624.00000
 532.41987  2972839315940282020319025168384.00000
 532.44747  2943649258101554232030268489728.00000
 532.47506  2919377023688024875332576215040.00000
 532.50266  2896682720676065353907881115648.00000
 532.53025  2876057763558934086269651648512.00000
 532.55785  2854637011434889524292651843584.00000
 532.58544  2832474667848853705460566458368.00000
 532.61304  2810312324262818449578434494464.00000
 532.64063  2795826136298571308502800662528.00000
 532.66823  2806985808000653986844429516800.00000
 532.69582  2809509610850827181542537691136.00000
 532.72342  2812279551062407795241058828288.00000
 532.75101  2815507233262665937574539821056.00000
 532.77861  2818615784038998890971240857600.00000
 532.80620  2821761348899567981956052287488.00000
 532.83380  2824906913760136509990910296064.00000
 532.86139  2828052478620705600975721725952.00000
 532.88899  2831198043481274691960533155840.00000
 532.91658  2837916295767536763429722259456.00000
 532.94418  2848426516065181745470406393856.00000
 532.97177  2860415616047266120557557448704.00000
 532.99936  2872960345927916506049169850368.00000
 533.02696  2885587434119375318049634648064.00000
 533.05455  2898082173963957285271805886464.00000
 533.08215  2910576913808539252493977124864.00000
 533.10974  2923071653653121782666101784576.00000
 533.13734  2935449922837187784399873114112.00000
 533.16493  2947338768524456525784321884160.00000
 533.19253  2930989320396493917822331650048.00000
 533.22012  2907521707641420061240127913984.00000
 533.24772  2884065394956659091347920125952.00000
 533.27531  2860504257892989619956350976000.00000
 533.30291  2837283922240694450750658445312.00000
 533.33050  2814012334707631485874094473216.00000
 533.35810  2790733389533756659827981942784.00000
 533.38569  2768454424419984925217246937088.00000
 533.41329  2752573338373468126274524282880.00000
 533.44088  2737858134012852475999295635456.00000
 533.46848  2711501762676384279968465551360.00000
 533.49607  2668601239487842067443527712768.00000
 533.52367  2625700716299476058254010744832.00000
 533.55126  2582815809317228503176654618624.00000
 533.57886  2540368103439773727887531704320.00000
 533.60645  2497923971483227852556485001216.00000
 533.63405  2455446175390773231519891718144.00000
 533.66164  2418284536173084191150829469696.00000
 533.68923  2385319059813390308288644513792.00000
 533.71683  2360636636543237408217676906496.00000
 533.74442  2336020812480573946385787781120.00000
 533.77202  2330479904478047180986681131008.00000
 533.79961  2338630277180429818385682923520.00000
 533.82721  2346780649882812455784684716032.00000
 533.85480  2355034546325008591644304343040.00000
 533.88240  2363510666150839616072300101632.00000
 533.90999  2372273048340493151364544724992.00000
 533.93759  2383233174101437011232362070016.00000
 533.96518  2395232605812501412905643671552.00000
 533.99278  2408739350055926435314829099008.00000
 534.02037  2422246094299407471244379947008.00000
 534.04797  2436469944068219264312566349824.00000
 534.07556  2451619285542567295933103472640.00000
 534.10316  2467270585394865474835943784448.00000
 534.13075  2482922865277984256075096915968.00000
 534.15835  2498711220386379064091126792192.00000
 534.18594  2514534339083477057130595352576.00000
 534.21354  2529863400518485012780188434432.00000
 534.24113  2543424754619827857735045611520.00000
 534.26873  2549334783489925003907872849920.00000
 534.29632  2552688573431696744972661293056.00000
 534.32391  2556042363373468486037449736192.00000
 534.35151  2559616033854056331895113777152.00000
 534.37910  2563901895591887365656167841792.00000
 534.40670  2560824457136108575014172753920.00000
 534.43429  2552943129059331601052246999040.00000
 534.46189  2545086589083731903302550421504.00000
 534.48948  2537227537257717901138027610112.00000
 534.51708  2528396825666072150966764830720.00000
 534.54467  2518501207833838965095953072128.00000
 534.57227  2508148470430426512535458938880.00000
 534.59986  2497815029108999801542635683840.00000
 534.62746  2487482761490163840237011206144.00000
 534.65505  2477150493871328160406363439104.00000
 534.68265  2467092126042897921450996400128.00000
 534.71024  2457275871410344873069975175168.00000
 534.73784  2442358108091268497841976246272.00000
 534.76543  2421570272403892759308575703040.00000
 534.79303  2400657839288887993687733174272.00000
 534.82062  2379681048819027883634141954048.00000
 534.84822  2358491038567082278604649791488.00000
 534.87581  2341484259262295010757400592384.00000
 534.90341  2326197306330953612642219982848.00000
 534.93100  2310885667175668152954737655808.00000
 534.95860  2295584291396285901687320739840.00000
 534.98619  2280282915616840037075167215616.00000
 535.01378  2264840982326539371857848565760.00000
 535.04138  2249179968650445335664697278464.00000
 535.06897  2233457226548757474756368793600.00000
 535.09657  2223184020104568394598819299328.00000
 535.12416  2213867785946030796315618705408.00000
 535.15176  2205454682335827817627599765504.00000
 535.17935  2197942302699187892174198931456.00000
 535.20695  2198340145793879725719970381824.00000
 535.23454  2198927705015685851323794718720.00000
 535.26214  2199201828280891340836210475008.00000
 535.28973  2199432952238583375554993455104.00000
 535.31733  2199668151365631553874364989440.00000
 535.34492  2199903350492679169243783102464.00000
 535.37252  2199831109875542903831840948224.00000
 535.40011  2199679848414851695532295847936.00000
 535.42771  2199528586954160768707727458304.00000
 535.45530  2205517878629381314428216016896.00000
 535.48290  2213095231425484778537620602880.00000
 535.51049  2221301329913572962303129681920.00000
 535.53809  2225958806155676896337000923136.00000
 535.56568  2229923228760583611259839053824.00000
 535.59328  2233887651365490326182677184512.00000
 535.62087  2237737677621534157701371658240.00000
 535.64847  2241411703015396741653102329856.00000
 535.67606  2245078634907573732790981623808.00000
 535.70365  2248746572933174965101064617984.00000
 535.73125  2253170570374942797295167471616.00000
 535.75884  2257810741085988636614121750528.00000
 535.78644  2262256424820797965101376208896.00000
 535.81403  2270027047964888443915211898880.00000
 535.84163  2283163075737459931608292261888.00000
 535.86922  2294036295095433191225093521408.00000
 535.89682  2298001071277807883842054258688.00000
 535.92441  2301965847460166532385342488576.00000
 535.95201  2305930623642541787952256647168.00000
 535.97960  2309895399824916762044194095104.00000
 536.00720  2313973280403996079791185854464.00000
 536.03479  2318174546038687309461104623616.00000
 536.06239  2322364113770736401185545125888.00000
 536.08998  2326628748964036421341123969024.00000
 536.11758  2331079842718814904594018074624.00000
 536.14517  2334930281119550479008012435456.00000
 536.17277  2338722895788520154540869156864.00000
 536.20036  2343789905081821232757299216384.00000
 536.22796  2350542514711271796579529392128.00000
 536.25555  2360855046724800360065179582464.00000
 536.28315  2371167578738329205025806483456.00000
 536.31074  2381480110751857768511456673792.00000
 536.33834  2391792642765386331997106864128.00000
 536.36593  2402105174778915176957733765120.00000
 536.39352  2412456656070181686278199705600.00000
 536.42112  2423180862459003223846290456576.00000
 536.44871  2433874671941677947731193102336.00000
 536.47631  2444106615331356962502461095936.00000
 536.50390  2453652456860335517296251371520.00000
 536.53150  2463206131442443024418096545792.00000
 536.55909  2473092931191020344927095619584.00000
 536.58669  2483478296437564850016943603712.00000
 536.61428  2478858505618543252195982180352.00000
 536.64188  2471301054684966990747503951872.00000
 536.66947  2463743603751391010774002434048.00000
 536.69707  2456186152817814749325524205568.00000
 536.72466  2448628701884238487877045977088.00000
 536.75226  2441071250950662226428567748608.00000
 536.77985  2433513800017085964980089520128.00000
 536.80745  2426036026689778152728640356352.00000
 536.83504  2418727994627470227687245611008.00000
 536.86264  2411512994421193152738124365824.00000
 536.89023  2403743340151919560987487764480.00000
 536.91783  2395973685882645969236851163136.00000
 536.94542  2388519263873581458225633427456.00000
 536.97302  2381689653274518459271425818624.00000
 537.00061  2369183728593080903900250243072.00000
 537.02821  2354774858312554546788768415744.00000
 537.05580  2340365988032027626727333167104.00000
 537.08339  2325957117751501269615851339776.00000
 537.11099  2311548247470974631029392801792.00000
 537.13858  2297139377190447992442934263808.00000
 537.16618  2282731537679679370609282777088.00000
 537.19377  2268346790997530616568205017088.00000
 537.22137  2253943935516527652162672525312.00000
 537.24896  2239334520477370322782240374784.00000
 537.27656  2224828494982728164031196037120.00000
 537.30415  2210216874179648523351032332288.00000
 537.33175  2195605253376568882670868627456.00000
 537.35934  2181262507821946223080901705728.00000
 537.38694  2170582095382992756728211177472.00000
 537.41453  2164717372141435972991607373824.00000
 537.44213  2161158460551582520139044618240.00000
 537.46972  2157599548961729067286481862656.00000
 537.49732  2154040637371875614433919107072.00000
 537.52491  2150481725782022161581356351488.00000
 537.55251  2146922814192168427253816885248.00000
 537.58010  2143372061947482015030023553024.00000
 537.60770  2139824937954153970667760910336.00000
 537.63529  2136308502999372036070587760640.00000
 537.66289  2132533153746744245384149729280.00000
 537.69048  2128104503248940503947737563136.00000
 537.71808  2124331975063694755674495909888.00000
 537.74567  2120404736508095274041728827392.00000
 537.77326  2115657554804712624854703013888.00000
 537.80086  2113439191726940783570229133312.00000
 537.82845  2112648268856488777078093643776.00000
 537.85605  2110040699513773330050223964160.00000
 537.88364  2104261233597562918184071200768.00000
 537.91124  2098481767681352506317918437376.00000
 537.93883  2092702301765142657401719095296.00000
 537.96643  2086922835848932245535566331904.00000
 537.99402  2081135714222698170007032954880.00000
 538.02162  2075347454331303259635202392064.00000
 538.04921  2069558230293176672171648352256.00000
 538.07681  2063767082464010073967469527040.00000
 538.10440  2057978859711895423452811624448.00000
 538.13200  2052320318069048647395756212224.00000
 538.15959  2046965181267255635576992301056.00000
 538.18719  2040705269661554621654205726720.00000
 538.21478  2035146071919322195953822203904.00000
 538.24238  2030808116702585908539022114816.00000
 538.26997  2026469817533657725781185396736.00000
 538.29757  2021678252048465437967431761920.00000
 538.32516  2015434956571931053377829470208.00000
 538.35276  2009191661095370773090369798144.00000
 538.38035  2002948365618810211327933415424.00000
 538.40794  1996690389471062938721001144320.00000
 538.43554  1990424518861138384943455404032.00000
 538.46313  1984120234739363341437797138432.00000
 538.49073  1977516195259228668941779861504.00000
 538.51832  1970912155779094277920739295232.00000
 538.54592  1964308116298959323949745307648.00000
 538.57351  1957890476639509212336123543552.00000
 538.60111  1951422697561197701740772720640.00000
 538.62870  1945123997935331627346763448320.00000
 538.65630  1938801157795305977750426222592.00000
 538.68389  1932323720313067983204211752960.00000
 538.71149  1925675242779522740508862447616.00000
 538.73908  1919026765245977497813513142272.00000
 538.76668  1913683370960113347770332479488.00000
 538.79427  1909072163203545940002603008000.00000
 538.82187  1904460955446959673411433922560.00000
 538.84946  1899842139849200817421387038720.00000
 538.87706  1895222998490808081487044280320.00000
 538.90465  1890491451707212932336259694592.00000
 538.93225  1885606091291457169750161883136.00000
 538.95984  1880720730875701125689087361024.00000
 538.98744  1875835370459945081628012838912.00000
 539.01503  1870950010044189319041915027456.00000
 539.04263  1865566161723675091434091839488.00000
 539.07022  1860361728388905284442978779136.00000
 539.09781  1854763841238611298344343961600.00000
 539.12541  1848863827466254314868903510016.00000
 539.15300  1842779399299254866173753294848.00000
 539.18060  1836667373512538395047681327104.00000
 539.20819  1830555347725822205396586070016.00000
 539.23579  1825759777879177180635046346752.00000
 539.26338  1821689887710171264719146450944.00000
 539.29098  1817620806637425526603505467392.00000
 539.31857  1813551888109621826984056193024.00000
 539.34617  1809478012721359857687914872832.00000
 539.37376  1805392348092587760600379031552.00000
 539.40136  1801306683463815663512843190272.00000
 539.42895  1797221018835043566425307348992.00000
 539.45655  1793135354206272032287724929024.00000
 539.48414  1789049689577499935200189087744.00000
 539.51174  1784474235786634567020584108032.00000
 539.53933  1779666569210777603621915721728.00000
 539.56693  1775673065113027400331155210240.00000
 539.59452  1771678831973682188887439441920.00000
 539.62212  1767715524255449183427596648448.00000
 539.64971  1763757379675363351476937162752.00000
 539.67731  1759799235095277801001254387712.00000
 539.70490  1756115174278625380104287551488.00000
 539.73250  1753703372600613164419246981120.00000
 539.76009  1751299500458053834278984220672.00000
 539.78768  1748895628315484933989513297920.00000
 539.81528  1746499364335941748168673198080.00000
 539.84287  1744105844730159718319674884096.00000
 539.87047  1741712325124377688470676570112.00000
 539.89806  1739318805518595940096654966784.00000
 539.92566  1736925285912814191722633363456.00000
 539.95325  1734531766307032161873635049472.00000
 539.98085  1731822296939518142002415796224.00000
 540.00844  1729538858987860021976011636736.00000
 540.03604  1727113320289001398667225071616.00000
 540.06363  1724692294613608098172590096384.00000
 540.09123  1722323229476978317348348887040.00000
 540.11882  1720003199160871370557174579200.00000
 540.14642  1717683168844764705240976982016.00000
 540.17401  1715363138528658039924779384832.00000
 540.20161  1713282513155921076725156413440.00000
 540.22920  1711731451573343305660077441024.00000
 540.25680  1710180389990759342145510834176.00000
 540.28439  1708728080822639145221156241408.00000
 540.31199  1707317549660473571884513886208.00000
 540.33958  1705907018498307998547871531008.00000
 540.36718  1704496487336142143736252465152.00000
 540.39477  1703085956173976851874586820608.00000
 540.42237  1701675425011810715587991044096.00000
 540.44996  1700183081779939279126015246336.00000
 540.47755  1697768457516378771891416989696.00000
 540.50515  1695737015449087632102245007360.00000
 540.53274  1693435689396773605360579641344.00000
 540.56034  1691135108078330418812145369088.00000
 540.58793  1688914346112528040413303406592.00000
 540.61553  1686764686405103907427372236800.00000
 540.64312  1684615026697679774441441067008.00000
 540.67072  1682465366990255641455509897216.00000
 540.69831  1680313514254439862077315088384.00000
 540.72591  1677482705689286772610484404224.00000
 540.75350  1674668390297547754481421123584.00000
 540.78110  1671944618567858250862764752896.00000
 540.80869  1669220846838168465769131671552.00000
 540.83629  1666497075108478680675498590208.00000
 540.86388  1663773303378789177056842219520.00000
 540.89148  1661049531649099673438185848832.00000
 540.91907  1658325759919410169819529478144.00000
 540.94667  1655687519731462750805008842752.00000
 540.97426  1653380282910011513444646256640.00000
 541.00186  1651384436819370171491395043328.00000
 541.02945  1649526546081447114822922534912.00000
 541.05705  1647500183277363330536571928576.00000
 541.08464  1645470031061727094492939419648.00000
 541.11224  1643500607885007060788962131968.00000
 541.13983  1641531184708287027084984844288.00000
 541.16742  1639561761531567274855984267264.00000
 541.19502  1637589842514191713358799962112.00000
 541.22261  1634950818642883146021326553088.00000
 541.25021  1629712203120449119069111582720.00000
 541.27780  1624492617888030702610784714752.00000
 541.30540  1619273032655611723202504425472.00000
 541.33299  1614053447423192743794224136192.00000
 541.36059  1608833862190774327335897268224.00000
 541.38818  1603614276958355347927616978944.00000
 541.41578  1598394691725936931469290110976.00000
 541.44337  1593175106493517952061009821696.00000
 541.47097  1588673983071541517033035268096.00000
 541.49856  1584322206025439689732826071040.00000
 541.52616  1579786874876338722638170947584.00000
 541.55375  1575251543727237474068539113472.00000
 541.58135  1570734292564428756375404806144.00000
 541.60894  1566179801676210286828577619968.00000
 541.63654  1561603252239222286490642939904.00000
 541.66413  1557026702802253144976147873792.00000
 541.69173  1552452603415601578964410171392.00000
 541.71932  1547880353179423410531470409728.00000
 541.74692  1543306573227475736323822714880.00000
 541.77451  1540434594274196862444695977984.00000
 541.80211  1537634060308380557796890902528.00000
 541.82970  1534833526342563971674109116416.00000
 541.85729  1532032992376747385551327330304.00000
 541.88489  1529232458410931080903522254848.00000
 541.91248  1526431924445114494780740468736.00000
 541.94008  1523631390479297908657958682624.00000
 541.96767  1520825462114042280046080557056.00000
 541.99527  1517935996330575622659289120768.00000
 542.02286  1515169812056632940212156104704.00000
 542.05046  1512357115936008374040334958592.00000
 542.07805  1509524913026549814813639311360.00000
 542.10565  1506723029546773066626589786112.00000
 542.13324  1503963731944107327768053678080.00000
 542.16084  1501106351264469382536930263040.00000
 542.18843  1498249979209383813236144472064.00000
 542.21603  1495395112623597364547021701120.00000
 542.24362  1492540626576357567457369522176.00000
 542.27122  1489678130549653675765271625728.00000
 542.29881  1487171053471810398334339776512.00000
 542.32641  1485469843899375166429834772480.00000
 542.35400  1483768634326939653050353057792.00000
 542.38160  1482067424754504421145848053760.00000
 542.40919  1480366215182068907766366339072.00000
 542.43679  1478665005609633394386884624384.00000
 542.46438  1476963796037198162482379620352.00000
 542.49197  1475262586464762649102897905664.00000
 542.51957  1473370754820108906474367877120.00000
 542.54716  1471099581310804247137541423104.00000
 542.57476  1468097347674787404807523008512.00000
 542.60235  1464991366032180725033163816960.00000
 542.62995  1461885384389587556057686736896.00000
 542.65754  1458800786752299213699841785856.00000
 542.68514  1455802390246535604339099041792.00000
 542.71273  1452800724092988860948969160704.00000
 542.74033  1449800450003284332330080010240.00000
 542.76792  1446800375610837208236025708544.00000
 542.79552  1443799650667099167747135766528.00000
 542.82311  1440764904090789878534185680896.00000
 542.85071  1437328094859136161514312957952.00000
 542.87830  1432349393493261682245445353472.00000
 542.90590  1427370692127386921501601038336.00000
 542.93349  1422391990761512723707710144512.00000
 542.96109  1417413289395637962963865829376.00000
 542.98868  1412434588029763202220021514240.00000
 543.01628  1407455886663889004426130620416.00000
 543.04387  1402465723852180323287770857472.00000
 543.07147  1397433150956390261615407136768.00000
 543.09906  1391888173723986271481022644224.00000
 543.12666  1386069791692743848410461765632.00000
 543.15425  1380232395123796037294020886528.00000
 543.18184  1374394998554847663227626586112.00000
 543.20944  1368557601985899852111185707008.00000
 543.23703  1362808849148308497525567913984.00000
 543.26463  1357114930920400852116129710080.00000
 543.29222  1351425163694577613104209723392.00000
 543.31982  1345735520717215384053529706496.00000
 543.34741  1340053378805352752910524481536.00000
 543.37501  1334383612552547691695737667584.00000
 543.40260  1328713846299742067530997432320.00000
 543.43020  1322045379011382139715196026880.00000
 543.45779  1314861226411794270769175855104.00000
 543.48539  1307677073812206401823155683328.00000
 543.51298  1300492921212618532877135511552.00000
 543.54058  1293308768613030663931115339776.00000
 543.56817  1286124616013442794985095168000.00000
 543.59577  1278937238833981135624148615168.00000
 543.62336  1271720926719548103217568022528.00000
 543.65096  1264551334242266928250099859456.00000
 543.67855  1257415818084337183402210885632.00000
 543.70615  1250440311008491680914447794176.00000
 543.73374  1243578261853472799239704674304.00000
 543.76134  1236716212698454339777426620416.00000
 543.78893  1229855146197558933285943377920.00000
 543.81653  1223064444532072639344920231936.00000
 543.84412  1216298939031007262874456293376.00000
 543.87171  1209535372427747556380221898752.00000
 543.89931  1202785907071573546483067125760.00000
 543.92690  1196075574316640551741071294464.00000
 543.95450  1189365241561707416261587107840.00000
 543.98209  1182654908806774421519591276544.00000
 544.00969  1177430281984012156304239886336.00000
 544.03728  1172913651165161678471853768704.00000
 544.06488  1168397020346310919164490940416.00000
 544.09247  1163880389527478877943079370752.00000
 544.12007  1159363758708628259373204897792.00000
 544.14766  1154847127889777640803330424832.00000
 544.17526  1150536863467888551737113444352.00000
 544.20285  1146415531096945269207021387776.00000
 544.23045  1142986461385382229335991123968.00000
 544.25804  1139557391673819330202449215488.00000
 544.28564  1136335041428378159124261634048.00000
 544.31323  1133248848680768707711169724416.00000
 544.34083  1130162655933159256298077814784.00000
 544.36842  1127077281976589414398097883136.00000
 544.39602  1124025358789981317393777950720.00000
 544.42361  1121004709437082502848288129024.00000
 544.45121  1117985539351141749043381665792.00000
 544.47880  1114993099252102743705423708160.00000
 544.50640  1112010968420090673663928434688.00000
 544.53399  1109028837588090707046431719424.00000
 544.56158  1106046706756078355529959735296.00000
 544.58918  1103526285888277310980667473920.00000
 544.61677  1102318740134714375391340920832.00000
 544.64437  1101111194381151299064526012416.00000
 544.67196  1099903648627588363475199459328.00000
 544.69956  1098696102874025287148384550912.00000
 544.72715  1097488557120462492296546353152.00000
 544.75475  1096581496450333561886697586688.00000
 544.78234  1095933827189537015322210467840.00000
 544.80994  1095938105261467689888505659392.00000
 544.83753  1095942383333398223717312495616.00000
 544.86513  1095983858822455999352803426304.00000
 544.89272  1096188320691806740790055534592.00000
 544.92032  1096392782561157341489819287552.00000
 544.94791  1096597244430508082927071395840.00000
 544.97551  1096811761507357578165403779072.00000
 545.00310  1097032726346270531915991744512.00000
 545.03070  1097245591571590443325217308672.00000
 545.05829  1097469038599337701725765107712.00000
 545.08589  1097695995684353974360646615040.00000
 545.11348  1097922952769370528470504833024.00000
 545.14108  1098149909854386801105386340352.00000
 545.16867  1098376866939403214477756203008.00000
 545.19627  1098737097497661316554771398656.00000
 545.22386  1099322321216741452308113522688.00000
 545.25145  1099907544935821588061455646720.00000
 545.27905  1100492768654901583077309415424.00000
 545.30664  1101077992373981859568139894784.00000
 545.33424  1101724160864772983074660024320.00000
 545.36183  1102706108149717387841810464768.00000
 545.38943  1103747873336986038315765465088.00000
 545.41702  1104830294880571381122106130432.00000
 545.44462  1105912716424156442453470085120.00000
 545.47221  1106978183140795011069112221696.00000
 545.49981  1108003639026924999845015977984.00000
 545.52740  1109029094913059210745570394112.00000
 545.55500  1110054550799193421646124810240.00000
 545.58259  1111084764973025673994722869248.00000
 545.61019  1112114006123792733220225679360.00000
 545.63778  1113076625711539573911560650752.00000
 545.66538  1114037286271242857247517179904.00000
 545.69297  1114997886268180758194150178816.00000
 545.72057  1115958486265118659140783177728.00000
 545.74816  1116919086262056700824904531968.00000
 545.77576  1117879686258994601771537530880.00000
 545.80335  1118824222515029022862657716224.00000
 545.83095  1119456634335774053290003660800.00000
 545.85854  1120089046156519083717349605376.00000
 545.88614  1120721457977264114144695549952.00000
 545.91373  1121353869798009144572041494528.00000
 545.94132  1122012384780362546073661603840.00000
 545.96892  1122743137169378042760547794944.00000
 545.99651  1123442675341819677682201264128.00000
 546.02411  1124131439859822201431662788608.00000
 546.05170  1124820204377825006656101023744.00000
 546.07930  1125505464129216503095224172544.00000
 546.10689  1125870392908881272402515853312.00000
 546.13449  1126235321688546041709807534080.00000
 546.16208  1126600250468210951754587570176.00000
 546.18968  1126965309653674185637733859328.00000
 546.21727  1127332858500766016156567863296.00000
 546.24487  1127674042914710753292673089536.00000
 546.27246  1127961348287333863896805015552.00000
 546.30006  1128248494158323228625288036352.00000
 546.32765  1128535599983883137852461023232.00000
 546.35525  1128822705809443047079634010112.00000
 546.38284  1129109811635002815569318641664.00000
 546.41044  1129396917460562724796491628544.00000
 546.43803  1129651520035631170940504637440.00000
 546.46563  1129826943769277339861575008256.00000
 546.49322  1130002367502923930995110445056.00000
 546.52082  1130177791236570522128645881856.00000
 546.54841  1130353214970217253999669673984.00000
 546.57601  1130207005420110368319123488768.00000
 546.60360  1130099380961775016217866665984.00000
 546.63119  1130072074678078027199061950464.00000
 546.65879  1130044768394381178917745590272.00000
 546.68638  1130017462110684330636429230080.00000
 546.71398  1129945371259432429889651736576.00000
 546.74157  1129740987610997761212283879424.00000
 546.76917  1129536603962563092534916022272.00000
 546.79676  1129331703779547421657914146816.00000
 546.82436  1129128206071248537490028494848.00000
 546.85195  1128927124554237097071114977280.00000
 546.87955  1128731172161619281409472462848.00000
 546.90714  1128521539447079658209027293184.00000
 546.93474  1128312003772267035018068492288.00000
 546.96233  1128102531046532558622029774848.00000
 546.98993  1127893058320797378538549280768.00000
 547.01752  1127683585595062198455068786688.00000
 547.04512  1127474112869326877634099937280.00000
 547.07271  1127286775339398287612444672000.00000
 547.10031  1127302583364790995789188956160.00000
 547.12790  1127318391390183844703421595648.00000
 547.15550  1127334199415576693617654235136.00000
 547.18309  1127273422808875333579190566912.00000
 547.21069  1126874081318194325548466962432.00000
 547.23828  1126405524314680314903438295040.00000
 547.26587  1125901698501332378968764973056.00000
 547.29347  1125397872687984443034091651072.00000
 547.32106  1124894046874636507099418329088.00000
 547.34866  1124394675236532252152587878400.00000
 547.37625  1123964922746903679632238706688.00000
 547.40385  1123535170257275107111889534976.00000
 547.43144  1123105280522120133312312770560.00000
 547.45904  1122673422860578713272049467392.00000
 547.48663  1122246933371870584744972386304.00000
 547.51423  1121830715061635898600404811776.00000
 547.54182  1121421547647985554581572550656.00000
 547.56942  1121019405103435251949682819072.00000
 547.59701  1120618288869451364300767625216.00000
 547.62461  1120217194758981107656626798592.00000
 547.65220  1119816100648510991749974327296.00000
 547.67980  1119415006538040875843321856000.00000
 547.70739  1119013912427570759936669384704.00000
 547.73499  1118689048566750381667644342272.00000
 547.76258  1118449934927434585020576038912.00000
 547.79018  1118210821288118647636019380224.00000
 547.81777  1117971707648802710251462721536.00000
 547.84537  1117683991505970137476857069568.00000
 547.87296  1117282291948210718416041934848.00000
 547.90056  1116752347566758152896310673408.00000
 547.92815  1116222403185307839176393097216.00000
 547.95574  1115692458803855414394150191104.00000
 547.98334  1115162514422402848874418929664.00000
 548.01093  1114660834720383134092243238912.00000
 548.03853  1114202220572569058840311496704.00000
 548.06612  1113743954266278738814155358208.00000
 548.09372  1113285817090577027012690444288.00000
 548.12131  1112820366445312304296159608832.00000
 548.14891  1112358412166684617719431561216.00000
 548.17650  1111896457888057212617680224256.00000
 548.20410  1111447452855870216586290790400.00000
 548.23169  1111015034895972394214906396672.00000
 548.25929  1110583521848772767506151505920.00000
 548.28688  1110152132020000398859011358720.00000
 548.31448  1109720742191227748736894500864.00000
 548.34207  1109289352362455098614777643008.00000
 548.36967  1108857962533684418817497759744.00000
 548.39726  1108385362524088406770645467136.00000
 548.42486  1107852993839834888276579188736.00000
 548.45245  1107320625155581369782512910336.00000
 548.48005  1106866196607723810199825285120.00000
 548.50764  1106547916849069637912372445184.00000
 548.53524  1106208970572198104109483556864.00000
 548.56283  1105866147098466971225694404608.00000
 548.59043  1105523323624735556866928541696.00000
 548.61802  1105180500151004423983139389440.00000
 548.64561  1104837676677273009624373526528.00000
 548.67321  1104508597800569461195789041664.00000
 548.70080  1104207054729542921102230028288.00000
 548.72840  1103906372473290239324920479744.00000
 548.75599  1103605690217037557547610931200.00000
 548.78359  1103299797007307124494309523456.00000
 548.81118  1102989563798879778205826285568.00000
 548.83878  1102679330590452572654831403008.00000
 548.86637  1102369097382026493003743363072.00000
 548.89397  1102085156276281211809999880192.00000
 548.92156  1101803539008204517362915868672.00000
 548.94916  1101521208578992683132735455232.00000
 548.97675  1101238878149780708165066686464.00000
 549.00435  1100956547720568873934886273024.00000
 549.03194  1100674217291357039704705859584.00000
 549.05954  1100391886862145205474525446144.00000
 549.08713  1100036977821080794940626173952.00000
 549.11473  1099671652690755711396514627584.00000
 549.14232  1099360896579455531510726131712.00000
 549.16992  1099176534309984763922471714816.00000
 549.19751  1099132035810938852654933082112.00000
 549.22511  1099135843715468065258956914688.00000
 549.25270  1099139651619997418600469102592.00000
 549.28030  1099143459524526631204492935168.00000
 549.30789  1099147267429055984546005123072.00000
 549.33548  1099151075333585197150028955648.00000
 549.36308  1099164282316004856074847911936.00000
 549.39067  1099180493188303167749166727168.00000
 549.41827  1099196704060601338685997187072.00000
 549.44586  1099210601042634849874276777984.00000
 549.47346  1099224319475671214135321821184.00000
 549.50105  1099238037908707719133855219712.00000
 549.52865  1099251756341744224132388618240.00000
 549.55624  1099265474774780588393433661440.00000
 549.58384  1099306404337534459111347847168.00000
 549.61143  1099348294062509776200840249344.00000
 549.63903  1099388925495592708278333734912.00000
 549.66662  1099429556928675358880850509824.00000
 549.69422  1099470188361758290958343995392.00000
 549.72181  1099510819794841223035837480960.00000
 549.74941  1099551451227924155113330966528.00000
 549.77700  1099468011518024683041469759488.00000
 549.80460  1099371702449503568038983630848.00000
 549.83219  1099399110242770312693326807040.00000
 549.85979  1099495473324244862431506989056.00000
 549.88738  1099688644096183260845143228416.00000
 549.91498  1099881814868121377783802757120.00000
 549.94257  1100074985640059635459950641152.00000
 549.97017  1100268156411997893136098525184.00000
 549.99776  1100461327183936150812246409216.00000
 550.02535  1100654497955874408488394293248.00000
 550.05295  1100858676366539748627439419392.00000
 550.08054  1101065042120080584355463823360.00000
 550.10814  1101271407873621701558464937984.00000
 550.13573  1101470787243219438285883441152.00000
 550.16333  1101677903914584701882024853504.00000
 550.19092  1101885020585949824740677910528.00000
 550.21852  1102092137257315088336819322880.00000
 550.24611  1102299253928680211195472379904.00000
 550.27371  1102525027426579235555044753408.00000
 550.30130  1102767140496293149118186913792.00000
 550.32890  1103008582607434542755044392960.00000
 550.35649  1103250024718575936391901872128.00000
 550.38409  1103491466829717330028759351296.00000
 550.41168  1103732908940858864403105185792.00000
 550.43928  1103974351052000117302474309632.00000
 550.46687  1104034926422234472945876467712.00000
 550.49447  1103916565757873258926822129664.00000
 550.52206  1103873406928406942638751612928.00000
 550.54966  1103843283110252496403759628288.00000
 550.57725  1103797979337581645587204276224.00000
 550.60485  1103752675564911076245625634816.00000
 550.63244  1103707371792240225429070282752.00000
 550.66004  1103662068019569374612514930688.00000
 550.68763  1103616764246898664533447933952.00000
 550.71522  1103571460474227954454380937216.00000
 550.74282  1103549758505189590661525929984.00000
 550.77041  1103559584829293841772082888704.00000
 550.79801  1103569411153397952145151492096.00000
 550.82560  1103579415014284653158962561024.00000
 550.85320  1103595688108268832475408498688.00000
 550.88079  1103615223134977467280558915584.00000
 550.90839  1103634758161686102085709332480.00000
 550.93598  1103654293188394877628348104704.00000
 550.96358  1103673828215103793908475232256.00000
 550.99117  1103699775705645903677025681408.00000
 551.01877  1103728779140963210078623629312.00000
 551.04636  1103758927215380133703959183360.00000
 551.07396  1103789075289797057329294737408.00000
 551.10155  1103819223364213980954630291456.00000
 551.12915  1103849371438630904579965845504.00000
 551.15674  1103879519513047968942789754880.00000
 551.18434  1103836227675533376852479442944.00000
 551.21193  1103716982686052396709418369024.00000
 551.23953  1103538481062481337492627783680.00000
 551.26712  1103374021999338858616199315456.00000
 551.29472  1103211585575144144917835546624.00000
 551.32231  1103049149150949431219471777792.00000
 551.34990  1102886712726754717521108008960.00000
 551.37750  1102724276302560003822744240128.00000
 551.40509  1102561839878365290124380471296.00000
 551.43269  1102399498538219149136561700864.00000
 551.46028  1102265759442195396408649973760.00000
 551.48788  1102151458985393286959822012416.00000
 551.51547  1102043115563137413575084081152.00000
 551.54307  1101939180119966076878035353600.00000
 551.57066  1101841213757398404224815988736.00000
 551.59826  1101744995575666007028212432896.00000
 551.62585  1101648777393933469094120521728.00000
 551.65345  1101552559212200931160028610560.00000
 551.68104  1101456341030468533963425054720.00000
 551.70864  1101347202426601528375203856384.00000
 551.73623  1101217466735191654376780333056.00000
 551.76383  1101088263064879140005381931008.00000
 551.79142  1100959143526056811163272871936.00000
 551.81902  1100830023987234341583675457536.00000
 551.84661  1100700904448412012741566398464.00000
 551.87421  1100571784909589683899457339392.00000
 551.90180  1100537049915394861930788159488.00000
 551.92940  1100623442292552490793272606720.00000
 551.95699  1100672927573099882821787320320.00000
 551.98459  1100800162756936768456985935872.00000
 552.01218  1100927397940773654092184551424.00000
 552.03977  1101054633124610539727383166976.00000
 552.06737  1101181868308447425362581782528.00000
 552.09496  1101309103492284451735268753408.00000
 552.12256  1101436338676121337370467368960.00000
 552.15015  1101563847829744842181378572288.00000
 552.17775  1101698248076314729842816843776.00000
 552.20534  1101845806199136773816591581184.00000
 552.23294  1101996371667371355315210551296.00000
 552.26053  1102148091949604312612668964864.00000
 552.28813  1102300944473214897088481984512.00000
 552.31572  1102455099486323470700008964096.00000
 552.34332  1102609254499432044311535943680.00000
 552.37091  1102763409512540617923062923264.00000
 552.39851  1102917564525649332272078258176.00000
 552.42610  1103071719538758046621093593088.00000
 552.45370  1103202179830771780471727587328.00000
 552.48129  1103321220731808812380857565184.00000
 552.50889  1103439485579073920041991798784.00000
 552.53648  1103557750426339027703126032384.00000
 552.56408  1103676015273604135364260265984.00000
 552.59167  1103794280120869243025394499584.00000
 552.61927  1103912544968134350686528733184.00000
 552.64686  1104293482380237718969162661888.00000
 552.67446  1104816896137248200690587664384.00000
 552.70205  1105430131111947477549351698432.00000
 552.72964  1106077165577797851745693466624.00000
 552.75724  1106724200043647944467058524160.00000
 552.78483  1107371234509498037188423581696.00000
 552.81243  1108018268975348270647276994560.00000
 552.84002  1108665303441198504106130407424.00000
 552.86762  1109312337907048596827495464960.00000
 552.89521  1109960348706195317919678726144.00000
 552.92281  1110626049067628470890471096320.00000
 552.95040  1111304679335514431341874642944.00000
 552.97800  1111983004821309321176567250944.00000
 553.00559  1112661538970848470383145779200.00000
 553.03319  1113333369995795817305303154688.00000
 553.06078  1114003077082062423801884311552.00000
 553.08838  1114672784168328748823488757760.00000
 553.11597  1115342491254595214582581559296.00000
 553.14357  1116012198340861680341674360832.00000
 553.17116  1116681905427125472088488411136.00000
 553.19876  1117356249168104586028962021376.00000
 553.22635  1118035257216124788299402313728.00000
 553.25395  1118714183889358380237376716800.00000
 553.28154  1119393108603191601259364745216.00000
 553.30914  1120072033317024681543864418304.00000
 553.33673  1120750958030857902565852446720.00000
 553.36433  1121429882744690982850352119808.00000
 553.39192  1122387590504475826972046393344.00000
 553.41951  1123664625766399974659021864960.00000
 553.44711  1125254964549298913447721828352.00000
 553.47470  1126845303332197430023956725760.00000
 553.50230  1128435642115096228075168333824.00000
 553.52989  1130025980897995026126379941888.00000
 553.55749  1131616319680893683440103194624.00000
 553.58508  1133206658463792481491314802688.00000
 553.61268  1134797255348577443809209614336.00000
 553.64027  1136388660604603138828241207296.00000
 553.66787  1137994667779922120377647497216.00000
 553.69546  1139626128802501608398865301504.00000
 553.72306  1141258834950435525073817305088.00000
 553.75065  1142891541098369582486257664000.00000
 553.77825  1144518540844773037290909859840.00000
 553.80584  1146141191824282697169243209728.00000
 553.83344  1147763842803792638522553270272.00000
 553.86103  1149386493783302298400886620160.00000
 553.88863  1151009144762811958279219970048.00000
 553.91622  1152631795742321758895041675264.00000
 553.94382  1154254446721831559510863380480.00000
 553.97141  1155905814763634695876030496768.00000
 553.99901  1157561780770078066141023961088.00000
 554.02660  1159219244838895209494431662080.00000
 554.05420  1160876708907712352847839363072.00000
 554.08179  1162534172976529496201247064064.00000
 554.10938  1164191637045346639554654765056.00000
 554.13698  1165875195954049754449735319552.00000
 554.16457  1168226690938966500132723359744.00000
 554.19217  1171086702316769982734143586304.00000
 554.21976  1174023590405999789323459756032.00000
 554.24736  1176960478495229595912775925760.00000
 554.27495  1179897366584459402502092095488.00000
 554.30255  1182834254673689209091408265216.00000
 554.33014  1185771142762918874943236079616.00000
 554.35774  1188708086513649826416797155328.00000
 554.38533  1191645858425484656483376300032.00000
 554.41293  1194583630337319486549955444736.00000
 554.44052  1197569194245972879956479311872.00000
 554.46812  1200570895956178256937982361600.00000
 554.49571  1203572597666383774656973766656.00000
 554.52331  1206573772083965296713299656704.00000
 554.55090  1209572804063066645536817807360.00000
 554.57850  1212571836042168416572801024000.00000
 554.60609  1215570868021269906133807529984.00000
 554.63369  1218569900000359151533327122432.00000
 554.66128  1221568931979460781831821983744.00000
 554.68888  1224567963958562271392828489728.00000
 554.71647  1227566995937663760953834995712.00000
 554.74407  1230597173911512386904327716864.00000
 554.77166  1233634839941720787368550596608.00000
 554.79925  1236675504278393782093523976192.00000
 554.82685  1239716168615066495343520645120.00000
 554.85444  1242756832951739490068494024704.00000
 554.88204  1245797497288412344055979048960.00000
 554.90963  1248951124053361432881430265856.00000
 554.93723  1252929977571523394950173556736.00000
 554.96482  1257364369186392018030688206848.00000
 554.99242  1261798760801260781848691212288.00000
 555.02001  1266233152416129545666694217728.00000
 555.04761  1270667544030998450222185578496.00000
 555.07520  1275101935645867073302700228608.00000
 555.10280  1279536327260717400509728686080.00000
 555.13039  1283971159465024834906617806848.00000
 555.15799  1288406532179304536007872872448.00000
 555.18558  1292841904893584518584104648704.00000
 555.21318  1297356483801143777117983473664.00000
 555.24077  1301896816750141548633513787392.00000
 555.26837  1306437149699139038674067390464.00000
 555.29596  1310978155756065622339845357568.00000
 555.32356  1315528280034982990610253742080.00000
 555.35115  1320078683007425792174972731392.00000
 555.37875  1324629085979868875214668431360.00000
 555.40634  1329179488952311958254364131328.00000
 555.43393  1333729891924754759819083120640.00000
 555.46153  1338280294897197561383802109952.00000
 555.48912  1342830697869640644423497809920.00000
 555.51672  1347399352357927777320961048576.00000
 555.54431  1352001574266857224430996684800.00000
 555.57191  1356606353244317189092147200000.00000
 555.59950  1361211795835808047457181368320.00000
 555.62710  1365817238427317483170678439936.00000
 555.65469  1370422681018827200359152222208.00000
 555.68229  1375133501824386072521977364480.00000
 555.70988  1380102890963823500436074135552.00000
 555.73748  1385655503507800405883221966848.00000
 555.76507  1391208116051777874280323219456.00000
 555.79267  1396760728595755342677424472064.00000
 555.82026  1402313341139732529599549014016.00000
 555.84786  1407865953683709997996650266624.00000
 555.87545  1413418566227687184918774808576.00000
 555.90305  1418971884870218547184564961280.00000
 555.93064  1424526261285604058731970035712.00000
 555.95824  1430080637700989851754351820800.00000
 555.98583  1435682283239022955682093596672.00000
 556.01343  1441366724166900510287091204096.00000
 556.04102  1447051165094777501942135390208.00000
 556.06862  1452735606022631412649089302528.00000
 556.09621  1458434513100711466019403595776.00000
 556.12380  1464143252803298089315149545472.00000
 556.15140  1469851992505884712610895495168.00000
 556.17899  1475560732208471617381618155520.00000
 556.20659  1481269471911058240677364105216.00000
 556.23418  1486978211613644863973110054912.00000
 556.26178  1492686951316231768743832715264.00000
 556.28937  1498395691018818392039578664960.00000
 556.31697  1504128942074127760317355130880.00000
 556.34456  1509899348074209533480212103168.00000
 556.37216  1515667757559773875894946365440.00000
 556.39975  1521435883022006132430549811200.00000
 556.42735  1527204008484238951916106678272.00000
 556.45494  1533005161183732730787616784384.00000
 556.48254  1538957684263559429882107658240.00000
 556.51013  1544793210213551748979923877888.00000
 556.53773  1550519921895800847460808523776.00000
 556.56532  1556246633578073589839736864768.00000
 556.59292  1561973345260346332218665205760.00000
 556.62051  1567700056942619356072570257408.00000
 556.64811  1573426768624891816976521887744.00000
 556.67570  1579153480307164840830426939392.00000
 556.70330  1584881148330754158749020061696.00000
 556.73089  1590608903277269982882425733120.00000
 556.75849  1596346271889596200040018214912.00000
 556.78608  1602120417433270038178700460032.00000
 556.81367  1607945498158247621769404874752.00000
 556.84127  1613770578883225205360109289472.00000
 556.86886  1619595659608202788950813704192.00000
 556.89646  1625433165741339327885631029248.00000
 556.92405  1631278853879497395689450635264.00000
 556.95165  1637124542017655463493270241280.00000
 556.97924  1642970230155813812772066557952.00000
 557.00684  1648815918293947955202865758208.00000
 557.03443  1654661606432106023006685364224.00000
 557.06203  1660507294570264090810504970240.00000
 557.08962  1666352982708422158614324576256.00000
 557.11722  1672198602272658985949828481024.00000
 557.14481  1678035594606991840738281521152.00000
 557.17241  1683868996024791757442896625664.00000
 557.20000  1689698597510357743600318545920.00000
 557.22760  1695528198995923166807787044864.00000
 557.25519  1701399395293674494323356336128.00000
 557.28279  1707388599800233560811235180544.00000
 557.31038  1712897036210865268220669984768.00000
 557.33798  1716964085779404217348066902016.00000
 557.36557  1721001974345053966973221732352.00000
 557.39317  1725039862910703435123399852032.00000
 557.42076  1729077751476352903273577971712.00000
 557.44836  1733115640042002652898732802048.00000
 557.47595  1737153528607652121048910921728.00000
 557.50354  1741185868678481523818987782144.00000
 557.53114  1745217989268887651030713499648.00000
 557.55873  1749248619844190791594854580224.00000
 557.58633  1753277236482126084458980311040.00000
 557.61392  1757192656183229760872514584576.00000
 557.64152  1761095945774829777521641259008.00000
 557.66911  1764999235366430357120721354752.00000
 557.69671  1768900589840353139174389317632.00000
 557.72430  1772802296998742298784463585280.00000
 557.75190  1776704004157131458394537852928.00000
 557.77949  1780605711315520618004612120576.00000
 557.80709  1784507418473909777614686388224.00000
 557.83468  1788409125632298937224760655872.00000
 557.86228  1792310832790688378309811634176.00000
 557.88987  1796212539949077537919885901824.00000
 557.91747  1800114247107466697529960169472.00000
 557.94506  1803978536996688846197685747712.00000
 557.97266  1807676250144210321523544686592.00000
 558.00025  1811371202677706939278005633024.00000
 558.02785  1815064741913619245298924650496.00000
 558.05544  1818758281149531832794820378624.00000
 558.08304  1822343597918095513989601558528.00000
 558.11063  1825604002824648200964177657856.00000
 558.13823  1828002107025776934693308989440.00000
 558.16582  1828817740633366824051995049984.00000
 558.19341  1829633374240956994885657821184.00000
 558.22101  1830449007848546884244343881728.00000
 558.24860  1831264641456136773603029942272.00000
 558.27620  1832080275063726944436692713472.00000
 558.30379  1832890859478677404292611047424.00000
 558.33139  1833698196533755087909170446336.00000
 558.35898  1834502995921065791798242181120.00000
 558.38658  1835239131130085223248481484800.00000
 558.41417  1835959795828237998857373351936.00000
 558.44177  1836499479766445299137851162624.00000
 558.46936  1837039163704650347618515288064.00000
 558.49696  1837578847642857647898993098752.00000
 558.52455  1838107610706658289104512352256.00000
 558.55215  1838623781929411637159846215680.00000
 558.57974  1839139953152164985215180079104.00000
 558.60734  1839656124374918051795537231872.00000
 558.63493  1840172295597671399850871095296.00000
 558.66253  1840688466820424466431228248064.00000
 558.69012  1841204638043178095961538822144.00000
 558.71772  1841720809265931162541895974912.00000
 558.74531  1842236980488684510597229838336.00000
 558.77291  1842753151711437858652563701760.00000
 558.80050  1843205657185772840776967913472.00000
 558.82810  1843652280114427402038389243904.00000
 558.85569  1844097931727057091548065824768.00000
 558.88328  1844529069674137349804859064320.00000
 558.91088  1844662960064415747190011461632.00000
 558.93847  1844542170529253744792123211776.00000
 558.96607  1844190519547887916002526101504.00000
 558.99366  1843297632445483981990730399744.00000
 559.02126  1842340426692424487646336647168.00000
 559.04885  1841383220939364993301942894592.00000
 559.07645  1840426015186305498957549142016.00000
 559.10404  1839468809433246004613155389440.00000
 559.13164  1838511824336385088218028048384.00000
 559.15923  1837554899987062113824074104832.00000
 559.18683  1836578808513092609809359831040.00000
 559.21442  1835531121271695014303610437632.00000
 559.24202  1834483434030297418797861044224.00000
 559.26961  1833329924714301080654305034240.00000
 559.29721  1832153095257487773413696077824.00000
 559.32480  1830976265800675029123040542720.00000
 559.35240  1829795316036464210945131937792.00000
 559.37999  1828585592743118752842776576000.00000
 559.40759  1827375869449773857690374635520.00000
 559.43518  1826166146156433466137600065536.00000
 559.46278  1824956422863088008035244703744.00000
 559.49037  1823746699569743112882842763264.00000
 559.51796  1822536976276397654780487401472.00000
 559.54556  1821327252983052478153108750336.00000
 559.57315  1820117529689707301525730099200.00000
 559.60075  1818907806396361843423374737408.00000
 559.62834  1817708157646691991739653160960.00000
 559.65594  1816542254884666851768477417472.00000
 559.68353  1815376304475112722871527407616.00000
 559.71113  1814210334402777600155371700224.00000
 559.73872  1812783905594183601657229606912.00000
 559.76632  1811295311088286192067388899328.00000
 559.79391  1809829524217325847751243595776.00000
 559.82151  1808401273318360303861437038592.00000
 559.84910  1807123548144692880665556811776.00000
 559.87670  1805845822971031086969210798080.00000
 559.90429  1804568097797363663773330571264.00000
 559.93189  1803290372623696240577450344448.00000
 559.95948  1802013755449121029350613843968.00000
 559.98708  1800738298158418979351796121600.00000
 560.01467  1799462840867717210827955109888.00000
 560.04227  1798199412524095249960002387968.00000
 560.06986  1796936592661093863579757576192.00000
 560.09746  1795666415815026838007797776384.00000
 560.12505  1794344848716957393102254899200.00000
 560.15265  1793023281618887948196712022016.00000
 560.18024  1791701714520819066241122566144.00000
 560.20783  1790373893340326209785551650816.00000
 560.23543  1789035957450476270384733749248.00000
 560.26302  1787698021560626330983915847680.00000
 560.29062  1786360085670776391583097946112.00000
 560.31821  1785022149780926733657256755200.00000
 560.34581  1783684213891077075731415564288.00000
 560.37340  1782346278001227136330597662720.00000
 560.40100  1781008342111382826429313974272.00000
 560.42859  1779670406221532887028496072704.00000
 560.45619  1778332470331683229102654881792.00000
 560.48378  1776996212917377092412629843968.00000
 560.51138  1775684255722236984348448391168.00000
 560.53897  1774372152635331634173048782848.00000
 560.56657  1773048667460890974143064834048.00000
 560.59416  1771615421459174850133019852800.00000
 560.62176  1770231789849763909696749568000.00000
 560.64935  1768891320861110174080735117312.00000
 560.67695  1767555971170009890785893285888.00000
 560.70454  1766364757303795132965763153920.00000
 560.73214  1765173543437580375145633021952.00000
 560.75973  1763982329571365335850526179328.00000
 560.78733  1762791115705150859505372758016.00000
 560.81492  1761600278830751116792604655616.00000
 560.84252  1760409539544575572618961223680.00000
 560.87011  1759225148916927899233375223808.00000
 560.89770  1758059049376190145405885874176.00000
 560.92530  1756892949835452673053373235200.00000
 560.95289  1755726850294715200700860596224.00000
 560.98049  1754505425285472097788202319872.00000
 561.00808  1753281691217357194738255527936.00000
 561.03568  1752057957149242010213332025344.00000
 561.06327  1750833096715932557887462703104.00000
 561.09087  1749603658872744555878159482880.00000
 561.11846  1748374221029556272393879552000.00000
 561.14606  1747144783186368270384576331776.00000
 561.17365  1745915345343179986900296400896.00000
 561.20125  1744685907499991703416016470016.00000
 561.22884  1743456469656803419931736539136.00000
 561.25644  1742227031813615136447456608256.00000
 561.28403  1740997593970427415913130098688.00000
 561.31163  1739768156127239132428850167808.00000
 561.33922  1738538718284050848944570236928.00000
 561.36682  1737308246347945671466881646592.00000
 561.39441  1736076582016319774661955026944.00000
 561.42201  1734843826983454393707232493568.00000
 561.44960  1733624965217118913625436717056.00000
 561.47720  1732377552379702398107307212800.00000
 561.50479  1731086725538631336733110697984.00000
 561.53239  1729795898697559993883937472512.00000
 561.55998  1728400258673224830203608432640.00000
 561.58757  1726868004372023181549984808960.00000
 561.61517  1725335750070821251421384474624.00000
 561.64276  1723803495769619321292784140288.00000
 561.67036  1722270837895841431683843751936.00000
 561.69795  1720737977004163928076236881920.00000
 561.72555  1719205875243285816829651451904.00000
 561.75314  1717681233227596050723623665664.00000
 561.78074  1716156591211906003142619168768.00000
 561.80833  1714631949196222429486079016960.00000
 561.83593  1713085812099871735103591809024.00000
 561.86352  1711506891684574740618302980096.00000
 561.89112  1709927971269277464658037440512.00000
 561.91871  1708349050853980470172748611584.00000
 561.94631  1706766710455545374261116928000.00000
 561.97390  1705182716689981919384083365888.00000
 562.00150  1703598722924418183032073093120.00000
 562.02909  1702014729158854446680062820352.00000
 562.05669  1700430735393290710328052547584.00000
 562.08428  1698846741627726973976042274816.00000
 562.11188  1697262747862163519099008712704.00000
 562.13947  1695678754096599501272021729280.00000
 562.16707  1694094760331035764920011456512.00000
 562.19466  1692510766565472028568001183744.00000
 562.22226  1690926772799908292215990910976.00000
 562.24985  1689333086058703572964600709120.00000
 562.27744  1687728276942094444180562509824.00000
 562.30504  1686099697917753963405830520832.00000
 562.33263  1684423588890405187238592774144.00000
 562.36023  1682537145974027871258257915904.00000
 562.38782  1680599932482131815682180907008.00000
 562.41542  1678662718990235760106103898112.00000
 562.44301  1676438048553546786588457959424.00000
 562.47061  1673840551905758188320380157952.00000
 562.49820  1671243055257969590052302356480.00000
 562.52580  1668645516261854725650451005440.00000
 562.55339  1666047369636784316243811237888.00000
 562.58099  1663449223011714188312148180992.00000
 562.60858  1660850105257936282030054572032.00000
 562.63618  1658250120917539146846338809856.00000
 562.66377  1655650136577142574612576468992.00000
 562.69137  1653050152236746002378814128128.00000
 562.71896  1650440261909510129821247602688.00000
 562.74656  1647812836498154831879222591488.00000
 562.77415  1645185411086810792936266006528.00000
 562.80175  1642557985675455494994240995328.00000
 562.82934  1639927618584061819024952000512.00000
 562.85694  1637296007810137697259637178368.00000
 562.88453  1634664397036213575494322356224.00000
 562.91213  1632032786262289453729007534080.00000
 562.93972  1629401175488365613438669422592.00000
 562.96731  1626769564714441210198377889792.00000
 562.99491  1624137953940517369908039778304.00000
 563.02250  1621506343166593248142724956160.00000
 563.05010  1618874732392669126377410134016.00000
 563.07769  1616243121618745286087072022528.00000
 563.10529  1613611510844821164321757200384.00000
 563.13288  1610979900070897042556442378240.00000
 563.16048  1608318535557423695540040761344.00000
 563.18807  1605605968673847329921995636736.00000
 563.21567  1602772358877826021411455500288.00000
 563.24326  1599794088752720856098164178944.00000
 563.27086  1596772737730641275583509561344.00000
 563.29845  1593751386708549310169879674880.00000
 563.32605  1590730035686457344756249788416.00000
 563.35364  1587356046122804385999954640896.00000
 563.38124  1583955198295733414773257142272.00000
 563.40883  1580554359220001788882495471616.00000
 563.43643  1577153801851042642868865859584.00000
 563.46402  1573753244482083778330212958208.00000
 563.49162  1570350054999095911257831636992.00000
 563.51921  1566944163194320254792730935296.00000
 563.54681  1563538271389544879802606944256.00000
 563.57440  1560132379584769786287459663872.00000
 563.60199  1556726487779994129822358962176.00000
 563.62959  1553326680740820045468941680640.00000
 563.65718  1549927617292062989018548142080.00000
 563.68478  1546528553843306214043131314176.00000
 563.71237  1543128762414346747019765219328.00000
 563.73997  1539726975011112371873409662976.00000
 563.76756  1536325187607878559677007527936.00000
 563.79516  1532923400204644184530651971584.00000
 563.82275  1529521612801410090859273125888.00000
 563.85035  1526119825398175997187894280192.00000
 563.87794  1522718037994941903516515434496.00000
 563.90554  1519316250591707809845136588800.00000
 563.93313  1515914463188473997648734453760.00000
 563.96073  1512512675785239622502378897408.00000
 563.98832  1509110888382005528831000051712.00000
 564.01592  1505709100978771435159621206016.00000
 564.04351  1502306270201685089052868476928.00000
 564.07111  1498885437600427932431669002240.00000
 564.09870  1495409361291433465334019915776.00000
 564.12630  1491955973696279910710681534464.00000
 564.15389  1488582082012728034968509349888.00000
 564.18149  1485208190329176440701313875968.00000
 564.20908  1481834298645624564959141691392.00000
 564.23668  1478466324201365695717575753728.00000
 564.26427  1475334215297913909048730714112.00000
 564.29186  1472202106394462122379885674496.00000
 564.31946  1469070496736818570627647537152.00000
 564.34705  1465939278960639688457634971648.00000
 564.37465  1462807977400579832097017954304.00000
 564.40224  1459673199003107575403806457856.00000
 564.42984  1456538420605634755760641540096.00000
 564.45743  1453403642208162499067430043648.00000
 564.48503  1450268863810689679424265125888.00000
 564.51262  1447134085413217422731053629440.00000
 564.54022  1444030500450965765209953665024.00000
 564.56781  1440928553426773885336114167808.00000
 564.59541  1437826606402582286937251381248.00000
 564.62300  1434724067510967893593532923904.00000
 564.65060  1431620117825069708642258780160.00000
 564.67819  1428516168139184190064936615936.00000
 564.70579  1425412218453286286588639182848.00000
 564.73338  1422308268767388101637365039104.00000
 564.76098  1419204319081489916686090895360.00000
 564.78857  1416100369395591731734816751616.00000
 564.81617  1412996419709693546783542607872.00000
 564.84376  1409892470023795361832268464128.00000
 564.87136  1406788520337897176880994320384.00000
 564.89895  1403684570651999273404696887296.00000
 564.92655  1400580620966100806978446032896.00000
 564.95414  1397476671280202903502148599808.00000
 564.98173  1394378489666347303980121456640.00000
 565.00933  1391328314569747996209934499840.00000
 565.03692  1388388593646153558811926855680.00000
 565.06452  1385609529972614439190648586240.00000
 565.09211  1382830466299075601044347027456.00000
 565.11971  1380051402625536762898045468672.00000
 565.14730  1377272338951997924751743909888.00000
 565.17490  1374811013640699729333008203776.00000
 565.20249  1372495899449351785605396168704.00000
 565.23009  1370181359022472721967762898944.00000
 565.25768  1367867120155971966587549777920.00000
 565.28528  1365553065074804348565688680448.00000
 565.31287  1363241052864692540034766602240.00000
 565.34047  1360929040654581294453797945344.00000
 565.36806  1358617028444469485922875867136.00000
 565.39566  1356305016234357677391953788928.00000
 565.42325  1353993004024245868861031710720.00000
 565.45085  1351708277184488681414120701952.00000
 565.47844  1349440958987902784272626352128.00000
 565.50604  1347173640791316324181178580992.00000
 565.53363  1344906379114322534387664551936.00000
 565.56123  1342640087809463029268752629760.00000
 565.58882  1340373908874523560820967735296.00000
 565.61642  1338107729939584092373182840832.00000
 565.64401  1335841551004653912599629398016.00000
 565.67160  1333575372069714444151844503552.00000
 565.69920  1331309193134775257179036319744.00000
 565.72679  1329043014199835507256274714624.00000
 565.75439  1326776835264896038808489820160.00000
 565.78198  1324510656329956570360704925696.00000
 565.80958  1322244477395017101912920031232.00000
 565.83717  1319978298460077633465135136768.00000
 565.86477  1317712119525138165017350242304.00000
 565.89236  1315445940590198696569565347840.00000
 565.91996  1313249524243314080929265221632.00000
 565.94755  1311095506660864615964697690112.00000
 565.97515  1309171395822482343300817747968.00000
 566.00274  1307247284984099789161961095168.00000
 566.03034  1305323174145717235023104442368.00000
 566.05793  1303399063307334680884247789568.00000
 566.08553  1301474952468952126745391136768.00000
 566.11312  1299881481006659289361963548672.00000
 566.14072  1298335811934180859685648728064.00000
 566.16831  1296790642620540186802687836160.00000
 566.19591  1295245473306899795394703654912.00000
 566.22350  1293706788787375370715711668224.00000
 566.25110  1292170348255683000000978092032.00000
 566.27869  1290633907723990910761221226496.00000
 566.30629  1289097467192298821521464360960.00000
 566.33388  1287561026660606732281707495424.00000
 566.36147  1286024586128914643041950629888.00000
 566.38907  1284523718462781106108378382336.00000
 566.41666  1283031756712736670573507117056.00000
 566.44426  1281539794962692235038635851776.00000
 566.47185  1280048510884008811873938964480.00000
 566.49945  1278562160623212992336779804672.00000
 566.52704  1277075810362417172799620644864.00000
 566.55464  1275589460101621071787484774400.00000
 566.58223  1274103109840825252250325614592.00000
 566.60983  1272616759580035343687677378560.00000
 566.63742  1271130409319239524150518218752.00000
 566.66502  1269644059058443423138382348288.00000
 566.69261  1268157708797647322126246477824.00000
 566.72021  1266671358536851502589087318016.00000
 566.74780  1265185008276055683051928158208.00000
 566.77540  1263698658015259582039792287744.00000
 566.80299  1262212307754463621765144772608.00000
 566.83059  1260725957493667661490497257472.00000
 566.85818  1259313528311899428624942497792.00000
 566.88578  1257972422230469118851622633472.00000
 566.91337  1256771815830284872576749535232.00000
 566.94097  1255571209430100767039364792320.00000
 566.96856  1254370603029916661501980049408.00000
 566.99616  1253169996629732415227106951168.00000
 567.02375  1251969390229548168952233852928.00000
 567.05134  1250937341701358601688703827968.00000
 567.07894  1250005169181204616166401638400.00000
 567.10653  1249073295562859221797564317696.00000
 567.13413  1248141421944509886779053047808.00000
 567.16172  1247219118537412835805988126720.00000
 567.18932  1246297511186285551278748598272.00000
 567.21691  1245375903835158548226485780480.00000
 567.24451  1244454296484031263699246252032.00000
 567.27210  1243532689132904260646983434240.00000
 567.29970  1242611081781776976119743905792.00000
 567.32729  1241709489867253918167161896960.00000
 567.35489  1240823999346808812932467523584.00000
 567.38248  1239938508826363848435261505536.00000
 567.41008  1239053200156449607857677008896.00000
 567.43767  1238174544957173896426029056000.00000
 567.46527  1237297097567850505375829721088.00000
 567.49286  1236419650178527114325630386176.00000
 567.52046  1235542202789203582537942695936.00000
 567.54805  1234664755399883850662440599552.00000
 567.57565  1233787308010560178137264553984.00000
 567.60324  1232909860621236787087065219072.00000
 567.63084  1232032413231913396036865884160.00000
 567.65843  1231154965842590004986666549248.00000
 567.68603  1230277518453266613936467214336.00000
 567.71362  1229400071063942941411291168768.00000
 567.74121  1228522623674619550361091833856.00000
 567.76881  1227645176285296018573404143616.00000
 567.79640  1226801000058334467143315226624.00000
 567.82400  1226005066029089047588882087936.00000
 567.85159  1225354058885856249143021797376.00000
 567.87919  1224703469769099905006412234752.00000
 567.90678  1224052880652343560869802672128.00000
 567.93438  1223402291535587216733193109504.00000
 567.96197  1222751702418830872596583546880.00000
 567.98957  1222101113302074528459973984256.00000
 568.01716  1221641381118190954614722920448.00000
 568.04476  1221192419987937269646083751936.00000
 568.07235  1220743458857685414264793202688.00000
 568.09995  1220299733881441973308238069760.00000
 568.12754  1219858398803399776275361955840.00000
 568.15514  1219417063725357438504997486592.00000
 568.18273  1218975728647315241472121372672.00000
 568.21033  1218534393569273044439245258752.00000
 568.23792  1218093058491230988143857500160.00000
 568.26552  1217651723413188650373493030912.00000
 568.29311  1217235472029166256216390762496.00000
 568.32071  1216822845516584908788932280320.00000
 568.34830  1216410219004003561361473798144.00000
 568.37589  1215999144744173373415500021760.00000
 568.40349  1215594569866041120666574389248.00000
 568.43108  1215189994987909008655137112064.00000
 568.45868  1214785420109776755906211479552.00000
 568.48627  1214380845231644643894774202368.00000
 568.51387  1213976270353514079995708833792.00000
 568.54146  1213571695475381827246783201280.00000
 568.56906  1213167120597249715235345924096.00000
 568.59665  1212762545719117603223908646912.00000
 568.62425  1212357970840985350474983014400.00000
 568.65184  1211953395962853097726057381888.00000
 568.67944  1211548821084720985714620104704.00000
 568.70703  1211144246206588873703182827520.00000
 568.73463  1210739671328456761691745550336.00000
 568.76222  1210384357584902651666988269568.00000
 568.78982  1210085180821954402415133327360.00000
 568.81741  1209863461887074192294645071872.00000
 568.84501  1209642096702357272654405173248.00000
 568.87260  1209420731517640353014165274624.00000
 568.90020  1209199366332923433373925376000.00000
 568.92779  1208978001148206372996197122048.00000
 568.95539  1208756635963489312618468868096.00000
 568.98298  1208656366108050448882505613312.00000
 569.01058  1208580526400024506961034739712.00000
 569.03817  1208504716543072867150601388032.00000
 569.06576  1208433719908374413095238369280.00000
 569.09336  1208362723273675959039875350528.00000
 569.12095  1208291726638977786459489042432.00000
 569.14855  1208220730004279332404126023680.00000
 569.17614  1208149733369581019086251360256.00000
 569.20374  1208078736734882705768376696832.00000
 569.23133  1208007740100184392450502033408.00000
 569.25893  1207953800072100226373387288576.00000
 569.28652  1207905293076326735249737252864.00000
 569.31412  1207856786080553244126087217152.00000
 569.34171  1207808851801119417890016067584.00000
 569.36931  1207766866972420005005438746624.00000
 569.39690  1207724929179185621889034747904.00000
 569.42450  1207682991385951098035142393856.00000
 569.45209  1207641053592716574181250039808.00000
 569.47969  1207599115799482331802334396416.00000
 569.50728  1207557178006247807948442042368.00000
 569.53488  1207515240213013424832038043648.00000
 569.56247  1207473302419779041715634044928.00000
 569.59007  1207431364626544517861741690880.00000
 569.61766  1207389426833309994007849336832.00000
 569.64526  1207347489040075470153956982784.00000
 569.67285  1207305551246840946300064628736.00000
 569.70045  1207263613453606563183660630016.00000
 569.72804  1207260263753648890838394077184.00000
 569.75563  1207288443629695868464558768128.00000
 569.78323  1207379365098610177432306581504.00000
 569.81082  1207470496912812500802886172672.00000
 569.83842  1207561697113993051484515729408.00000
 569.86601  1207652897315173602166145286144.00000
 569.89361  1207744097516354012110286487552.00000
 569.92120  1207835297717534562791916044288.00000
 569.94880  1207951124230209638199149461504.00000
 569.97639  1208142110771301682570860691456.00000
 570.00399  1208333097312394289892525342720.00000
 570.03158  1208526726028342138936422825984.00000
 570.05918  1208720678476708776177385340928.00000
 570.08677  1208914630925075554155836211200.00000
 570.11437  1209108583373442332134287081472.00000
 570.14196  1209302535821809110112737951744.00000
 570.16956  1209496488270175747353700466688.00000
 570.19715  1209690440718542384594662981632.00000
 570.22475  1209887590299644422836965081088.00000
 570.25234  1210100130462591621477506744320.00000
 570.27994  1210312670625538820118048407552.00000
 570.30753  1210525210788486018758590070784.00000
 570.33513  1210740147177327467979643813888.00000
 570.36272  1210957245360285293353484943360.00000
 570.39032  1211174343543243259464814428160.00000
 570.41791  1211391441726201225576143912960.00000
 570.44550  1211608539909158206525054910464.00000
 570.47310  1211825638092116031898896039936.00000
 570.50069  1212042736275073857272737169408.00000
 570.52829  1212259834458031823384066654208.00000
 570.55588  1212476932640989789495396139008.00000
 570.58348  1212694030823947614869237268480.00000
 570.61107  1212911129006905580980566753280.00000
 570.63867  1213128227189863406354407882752.00000
 570.66626  1213345325372821372465737367552.00000
 570.69386  1213568195894735858122771922944.00000
 570.72145  1213826582169179295426749136896.00000
 570.74905  1214105839352867249906746654720.00000
 570.77664  1214401400759134592461673857024.00000
 570.80424  1214696963084165673135248506880.00000
 570.83183  1214992525743234789882892124160.00000
 570.85943  1215288088402304047368024096768.00000
 570.88702  1215583651061373304853156069376.00000
 570.91462  1215879213720442562338288041984.00000
 570.94221  1216193094019448250611751976960.00000
 570.96981  1216558451923405415678386110464.00000
 570.99740  1216924461193165096334363983872.00000
 571.02500  1217291958717225299502375632896.00000
 571.05259  1217659456241285784145363992576.00000
 571.08019  1218026953765345987313375641600.00000
 571.10778  1218394451289406471956364001280.00000
 571.13537  1218761948813466675124375650304.00000
 571.16297  1219129446337527159767364009984.00000
 571.19056  1219496943861587362935375659008.00000
 571.21816  1219866983758680297965440991232.00000
 571.24575  1220248079884623699193567903744.00000
 571.27335  1220629176010567100421694816256.00000
 571.30094  1221010272136510360912333373440.00000
 571.32854  1221392831041849132555597512704.00000
 571.35613  1221776693674516013516052234240.00000
 571.38373  1222160556307183035213995311104.00000
 571.41132  1222544418939848227324589768704.00000
 571.43892  1222928281572515249022532845568.00000
 571.46651  1223312144205182129982987567104.00000
 571.49411  1223696006837849151680930643968.00000
 571.52170  1224079869470516032641385365504.00000
 571.54930  1224463732103182913601840087040.00000
 571.57689  1224847594735849794562294808576.00000
 571.60449  1225231457368516675522749530112.00000
 571.63208  1225615320001183697220692606976.00000
 571.65968  1225999182633850578181147328512.00000
 571.68727  1226387132076255079800208621568.00000
 571.71487  1226797401713577532998486589440.00000
 571.74246  1227202604073097127004628582400.00000
 571.77006  1227606404110057284674598731776.00000
 571.79765  1228010542074137678316769902592.00000
 571.82524  1228414546643478487989183578112.00000
 571.85284  1228818551212819156924108898304.00000
 571.88043  1229222555782159825859034218496.00000
 571.90803  1229626560351498946681587630080.00000
 571.93562  1230030550058884284100210851840.00000
 571.96322  1230463303931592958971001962496.00000
 571.99081  1230903514570919523630375239680.00000
 572.01841  1231344782528880267741192257536.00000
 572.04600  1231786050486840871114520920064.00000
 572.07360  1232227318444801474487849582592.00000
 572.10119  1232668586402762077861178245120.00000
 572.12879  1233109854360722681234506907648.00000
 572.15638  1233551122318683566082812280832.00000
 572.18398  1233992390276644169456140943360.00000
 572.21157  1234433658234604772829469605888.00000
 572.23917  1234877331409153188889989480448.00000
 572.26676  1235321890527717803488924663808.00000
 572.29436  1235766449646282277350371491840.00000
 572.32195  1236211136925952363789392281600.00000
 572.34955  1236656684949124170429245685760.00000
 572.37714  1237102251945302274260519092224.00000
 572.40474  1237547818941480378091792498688.00000
 572.43233  1237993385937658341185577549824.00000
 572.45992  1238438952933836304279362600960.00000
 572.48752  1238884519930014408110636007424.00000
 572.51511  1239330086926192371204421058560.00000
 572.54271  1239775653922370334298206109696.00000
 572.57030  1240221220918548438129479516160.00000
 572.59790  1240666787914726541960752922624.00000
 572.62549  1241112354910904645792026329088.00000
 572.65309  1241557921907082608885811380224.00000
 572.68068  1242003488903260571979596431360.00000
 572.70828  1242453800190670917969186390016.00000
 572.73587  1242898529316599791633230200832.00000
 572.76347  1243307686046426464048096739328.00000
 572.79106  1243713869766296683647244173312.00000
 572.81866  1244119733459172950873600950272.00000
 572.84625  1244525398587965174553438584832.00000
 572.87385  1244931063716755709383415955456.00000
 572.90144  1245336728845547933063253590016.00000
 572.92904  1245742315593978783513270288384.00000
 572.95663  1246147784746998274763750637568.00000
 572.98423  1246530992764940395464393490432.00000
 573.01182  1246912413903512281252060200960.00000
 573.03942  1247293883108847334302909726720.00000
 573.06701  1247675352314182387353759252480.00000
 573.09461  1248056821519517440404608778240.00000
 573.12220  1248438290724852493455458304000.00000
 573.14979  1248819759930187546506307829760.00000
 573.17739  1249201229135522599557157355520.00000
 573.20498  1249582698340857652608006881280.00000
 573.23258  1249964167546192705658856407040.00000
 573.26017  1250334394834889690463080546304.00000
 573.28777  1250702477605133791569710678016.00000
 573.31536  1251070560375376344563968901120.00000
 573.34296  1251438487607593050632190164992.00000
 573.37055  1251805465462433069599276662784.00000
 573.39815  1252172443317273088566363160576.00000
 573.42574  1252539421172112966795961303040.00000
 573.45334  1252906399026952845025559445504.00000
 573.48093  1253273376881792863992645943296.00000
 573.50853  1253640354736632882959732441088.00000
 573.53612  1254007332591472620451842228224.00000
 573.56372  1254374310446312639418928726016.00000
 573.59131  1254741288301152658386015223808.00000
 573.61891  1255108266155992536615613366272.00000
 573.64650  1255475244010832414845211508736.00000
 573.67410  1255842221865672293074809651200.00000
 573.70169  1256209199720512171304407793664.00000
 573.72929  1256564059413984191788909330432.00000
 573.75688  1256894236795878937515429724160.00000
 573.78448  1257169889070565662241106952192.00000
 573.81207  1257440293748636384270145814528.00000
 573.83966  1257707438553750524497022156800.00000
 573.86726  1257974203390539168881617928192.00000
 573.89485  1258240968227328094741190410240.00000
 573.92245  1258507733064116739125786181632.00000
 573.95004  1258774290246977232148436615168.00000
 573.97764  1259040647069019388599529897984.00000
 574.00523  1259255122235576931948467060736.00000
 574.03283  1259430876837349348768019906560.00000
 574.06042  1259606562568532655065666682880.00000
 574.08802  1259782248299715961363313459200.00000
 574.11561  1259957934030899267660960235520.00000
 574.14321  1260133619762082573958607011840.00000
 574.17080  1260309305493265880256253788160.00000
 574.19840  1260484991224449186553900564480.00000
 574.22599  1260660676955632492851547340800.00000
 574.25359  1260836362686815799149194117120.00000
 574.28118  1260997949730260381913443205120.00000
 574.30878  1261146201978321736644897538048.00000
 574.33637  1261294454226383232113840226304.00000
 574.36397  1261442669880538279176178761728.00000
 574.39156  1261588467417005074893162676224.00000
 574.41916  1261733782802876757541763678208.00000
 574.44675  1261879098188748580927853035520.00000
 574.47435  1262024413574620545051430748160.00000
 574.50194  1262169728960492086962543394816.00000
 574.52953  1262315044346363910348632752128.00000
 574.55713  1262460359732235592997233754112.00000
 574.58472  1262605675118107416383323111424.00000
 574.61232  1262750990503979099031924113408.00000
 574.63991  1262896305889850922418013470720.00000
 574.66751  1263041621275722745804102828032.00000
 574.69510  1263186936661594428452703830016.00000
 574.72270  1263332252047466392576281542656.00000
 574.75029  1263463631350712577434090209280.00000
 574.77789  1263580017289784820606175281152.00000
 574.80548  1263610001166935164349264691200.00000
 574.83308  1263632823883789981601989918720.00000
 574.86067  1263646630633373179419184594944.00000
 574.88827  1263658363145514735711840894976.00000
 574.91586  1263669822702191632265909370880.00000
 574.94346  1263681282258868669557466202112.00000
 574.97105  1263692645258775582942005559296.00000
 574.99865  1263703577358081461439638274048.00000
 575.02624  1263714509457386776987317567488.00000
 575.05384  1263624255536124464766683971584.00000
 575.08143  1263506307821855388578802040832.00000
 575.10903  1263388360107586312390920110080.00000
 575.13662  1263270412393317236203038179328.00000
 575.16422  1263152464679048160015156248576.00000
 575.19181  1263034516964779083827274317824.00000
 575.21940  1262916569250510007639392387072.00000
 575.24700  1262798621536241353663975522304.00000
 575.27459  1262680673821972277476093591552.00000
 575.30219  1262562726107703201288211660800.00000
 575.32978  1262422336512225049164986187776.00000
 575.35738  1262273086606915476026879377408.00000
 575.38497  1262123836701605902888772567040.00000
 575.41257  1261974246239851767492234969088.00000
 575.44016  1261821471877510737886481219584.00000
 575.46776  1261668582941869183418119487488.00000
 575.49535  1261515694006227910424734466048.00000
 575.52295  1261362805070586355956372733952.00000
 575.55054  1261209916134944801488011001856.00000
 575.57814  1261057027199303528494625980416.00000
 575.60573  1260904138263662114763752603648.00000
 575.63333  1260751249328020560295390871552.00000
 575.66092  1260598360392379146564517494784.00000
 575.68852  1260445471456737592096155762688.00000
 575.71611  1260292582521096319102770741248.00000
 575.74371  1260139693585455327584362430464.00000
 575.77130  1259986804649814054590977409024.00000
 575.79890  1259812418867397534162586959872.00000
 575.82649  1259611943105819283226896629760.00000
 575.85409  1259328146477221587227861057536.00000
 575.88168  1259044349848624031966313840640.00000
 575.90927  1258754606270102233622811508736.00000
 575.93687  1258461289809271696662070296576.00000
 575.96446  1258167697109519949662154391552.00000
 575.99206  1257874104409768202662238486528.00000
 576.01965  1257580311048541185667231645696.00000
 576.04725  1257286243207636051397623939072.00000
 576.07484  1256992175366730917128016232448.00000
 576.10244  1256624687453380184791337402368.00000
 576.13003  1256210189590326613358720057344.00000
 576.15763  1255795691727273041926102712320.00000
 576.18522  1255381193864221440818322341888.00000
 576.21282  1254966696001168010123193352192.00000
 576.24041  1254552198138114579428064362496.00000
 576.26801  1254137700275061007995447017472.00000
 576.29560  1253723202412007718037806383104.00000
 576.32320  1253308704548954146605189038080.00000
 576.35079  1252894206685900856647548403712.00000
 576.37839  1252467436779457422087925268480.00000
 576.40598  1252029399363671096894068621312.00000
 576.43358  1251591361947884771700211974144.00000
 576.46117  1251153271860325988000849723392.00000
 576.48877  1250712695295001852119273701376.00000
 576.51636  1250271692004767108790115893248.00000
 576.54395  1249830688714532365460958085120.00000
 576.57155  1249389685424297622131800276992.00000
 576.59914  1248948682134062878802642468864.00000
 576.62674  1248507678843828276210973016064.00000
 576.65433  1248066675553593532881815207936.00000
 576.68193  1247625672263358930290145755136.00000
 576.70952  1247184668973125875810848210944.00000
 576.73712  1246743665682891132481690402816.00000
 576.76471  1246302662392656529890020950016.00000
 576.79231  1245861659102421786560863141888.00000
 576.81990  1245420655812186902494216978432.00000
 576.84750  1244966642769268231878733725696.00000
 576.87509  1244499042341032234465313685504.00000
 576.90269  1243951002463627767319055302656.00000
 576.93028  1243396989429595416555723685888.00000
 576.95788  1242842976395563065792392069120.00000
 576.98547  1242283993627320115431412334592.00000
 577.01307  1241724747460323816631005347840.00000
 577.04066  1241165433656957344276459552768.00000
 577.06826  1240606069355817136163947282432.00000
 577.09585  1240046490437937743645057744896.00000
 577.12345  1239486911520058210388679852032.00000
 577.15104  1238923891352242198216246820864.00000
 577.17864  1238301884403267605713416880128.00000
 577.20623  1237675508003007611243503550464.00000
 577.23382  1237049131602747476036101865472.00000
 577.26142  1236422755202487481566188535808.00000
 577.28901  1235796378802227487096275206144.00000
 577.31661  1235170002401967351888873521152.00000
 577.34420  1234543626001707498156448546816.00000
 577.37180  1233917249601447503686535217152.00000
 577.39939  1233290873201187509216621887488.00000
 577.42699  1232664496800927655484196913152.00000
 577.45458  1232030018766452595897436995584.00000
 577.48218  1231394162648173537500887777280.00000
 577.50977  1230758306529894479104338558976.00000
 577.53737  1230122110323288514517130018816.00000
 577.56496  1229484684300748586131558236160.00000
 577.59256  1228847258278208657745986453504.00000
 577.62015  1228209832255668447885437960192.00000
 577.64775  1227572406233128378762377822208.00000
 577.67534  1226934980210590842914108080128.00000
 577.70294  1226297554188050773791047942144.00000
 577.73053  1225660128165510704667987804160.00000
 577.75813  1225022702142970635544927666176.00000
 577.78572  1224385276120430566421867528192.00000
 577.81332  1223747850097890356561319034880.00000
 577.84091  1223110424075350428175747252224.00000
 577.86851  1222472998052810218315198758912.00000
 577.89610  1221835572030270289929626976256.00000
 577.92369  1221183425258983826606727888896.00000
 577.95129  1220512610799172181633097793536.00000
 577.97888  1219805724215497949320583315456.00000
 578.00648  1219098837631823717008068837376.00000
 578.03407  1218391951048149484695554359296.00000
 578.06167  1217684006801576065791210553344.00000
 578.08926  1216975908703694487276182568960.00000
 578.11686  1216267853316589295118170718208.00000
 578.14445  1215559793822931107412877246464.00000
 578.17205  1214851730595399689462140108800.00000
 578.19964  1214143667367868271511402971136.00000
 578.22724  1213433233185639810831921184768.00000
 578.25483  1212717649270976768737122713600.00000
 578.28243  1212000997711093360716452724736.00000
 578.31002  1211284346151209811958294380544.00000
 578.33762  1210567694591326263200136036352.00000
 578.36521  1209851043031442714441977692160.00000
 578.39281  1209134391471559165683819347968.00000
 578.42040  1208417739911675757663149359104.00000
 578.44800  1207701088351792208904991014912.00000
 578.47559  1206984436791908660146832670720.00000
 578.50319  1206267785232025111388674326528.00000
 578.53078  1205552895500208893210088439808.00000
 578.55838  1204838583515670691819875729408.00000
 578.58597  1204124271531132490429663019008.00000
 578.61356  1203409887852981735945551216640.00000
 578.64116  1202694938766433173787040022528.00000
 578.66875  1201979983661446613771321606144.00000
 578.69635  1201265028556460335230579900416.00000
 578.72394  1200550073451473775214861484032.00000
 578.75154  1199835118346487496674119778304.00000
 578.77913  1199120163241501077395889717248.00000
 578.80673  1198405208136514658117659656192.00000
 578.83432  1197690253031528238839429595136.00000
 578.86192  1196975297926541819561199534080.00000
 578.88951  1196260342821555259545481117696.00000
 578.91711  1195545387716568840267251056640.00000
 578.94470  1194830432611582420989020995584.00000
 578.97230  1194115477506596142448279289856.00000
 578.99989  1193392841024078417634273525760.00000
 579.02749  1192665124743331612560342384640.00000
 579.05508  1191928925445143566521691275264.00000
 579.08268  1191192726146958898182760693760.00000
 579.11027  1190456526848770852144109584384.00000
 579.13787  1189720745788920408835239182336.00000
 579.16546  1188985848237793376011812864000.00000
 579.19306  1188251095047338879332783226880.00000
 579.22065  1187516456200551288328832417792.00000
 579.24825  1186781912483083720127150030848.00000
 579.27584  1186047368765616151925467643904.00000
 579.30343  1185312997079532409270764044288.00000
 579.33103  1184588499217167087865918652416.00000
 579.35862  1183888006398908161780860583936.00000
 579.38622  1183187513580649376433290870784.00000
 579.41381  1182487020762390591085721157632.00000
 579.44141  1181786527944131665000663089152.00000
 579.46900  1181086035125872879653093376000.00000
 579.49660  1180385542307614094305523662848.00000
 579.52419  1179685049489355168220465594368.00000
 579.55179  1178984556671096242135407525888.00000
 579.57938  1178284063852840412275093274624.00000
 579.60698  1177585445268154749583844442112.00000
 579.63457  1176893604761585173719609769984.00000
 579.66217  1176201764255015597855375097856.00000
 579.68976  1175509923748445881253652070400.00000
 579.71736  1174817990962143926086210158592.00000
 579.74495  1174125947366398798195706560512.00000
 579.77255  1173433903770653388830226251776.00000
 579.80014  1172741860174908260939722653696.00000
 579.82774  1172049816579163133049219055616.00000
 579.85533  1171357772983417723683738746880.00000
 579.88293  1170665729387672595793235148800.00000
 579.91052  1169973685791927327165243195392.00000
 579.93812  1169281642196182058537251241984.00000
 579.96571  1168589598600436789909259288576.00000
 579.99330  1167897555004691521281267335168.00000
 580.02090  1167205511408949208140530843648.00000
 580.04849  1166513467813203798775050534912.00000
 580.07609  1165820836008227944034522365952.00000
 580.10368  1165125602911097687409426432000.00000
 580.13128  1164443761461896701366373449728.00000
 580.15887  1163769915454606218655843745792.00000
 580.18647  1163096069447316017420290752512.00000
 580.21406  1162422223440025534709761048576.00000
 580.24166  1161749242993870853474732736512.00000
 580.26925  1161078155759525537892217651200.00000
 580.29685  1160407257526142502699964301312.00000
 580.32444  1159736609414593180834394537984.00000
 580.35204  1159065987150993990149841354752.00000
 580.37963  1158396033126895259731103842304.00000
 580.40723  1157727325344823692859684159488.00000
 580.43482  1157071881939534921107184287744.00000
 580.46242  1156449972337961292469282799616.00000
 580.49001  1155828062736387945306358022144.00000
 580.51761  1155206153134814316668456534016.00000
 580.54520  1154584243533243221305345441792.00000
 580.57280  1153962333931669874142420664320.00000
 580.60039  1153340424330096245504519176192.00000
 580.62798  1152718514728522757604106043392.00000
 580.65558  1152096605126949128966204555264.00000
 580.68317  1151474695525375641065791422464.00000
 580.71077  1150854815868031414814241718272.00000
 580.73836  1150242615430037820617137324032.00000
 580.76596  1149630414992044367157521285120.00000
 580.79355  1149018214554051054435393601536.00000
 580.82115  1148406092657196214265330008064.00000
 580.84874  1147793982219460847450969866240.00000
 580.87634  1147181871781725480636609724416.00000
 580.90393  1146569761343990113822249582592.00000
 580.93153  1145957650906254606270401085440.00000
 580.95912  1145345540468519380193529298944.00000
 580.98672  1144733430030786546653959553024.00000
 581.01431  1144121319593051039102111055872.00000
 581.04191  1143509209155315672287750914048.00000
 581.06950  1142897098717580305473390772224.00000
 581.09710  1142284988279845079396518985728.00000
 581.12469  1141672877842109571844670488576.00000
 581.15229  1141060767404374205030310346752.00000
 581.17988  1140449331407838194588398387200.00000
 581.20748  1139841033978756278760928968704.00000
 581.23507  1139260722809010231928132993024.00000
 581.26267  1138695162086112098025738338304.00000
 581.29026  1138129601363214104860832038912.00000
 581.31785  1137564040640316252433414094848.00000
 581.34545  1136998479917418259268507795456.00000
 581.37304  1136437103484381901970582011904.00000
 581.40064  1135876237937526812397979828224.00000
 581.42823  1135315728781970451827099959296.00000
 581.45583  1134755238189671353875427229696.00000
 581.48342  1134195677116967714840075304960.00000
 581.51102  1133637908371996816118164488192.00000
 581.53861  1133080139627023665596439986176.00000
 581.56621  1132567900177039637965988429824.00000
 581.59380  1132062030237038227403992727552.00000
 581.62140  1131556160297036957579485380608.00000
 581.64899  1131050290357035687754978033664.00000
 581.67659  1130544420417034277192982331392.00000
 581.70418  1130038550477033007368474984448.00000
 581.73178  1129532680537031737543967637504.00000
 581.75937  1129026810597030326981971935232.00000
 581.78697  1128520940657029197894952943616.00000
 581.81456  1128015070717027787332957241344.00000
 581.84216  1127516908512875285772259819520.00000
 581.86975  1127020638349908965446872203264.00000
 581.89735  1126524368186942926596461297664.00000
 581.92494  1126028214138501247412226490368.00000
 581.95254  1125532628147644969082626768896.00000
 581.98013  1125037042156786720428190072832.00000
 582.00772  1124541456165928471773753376768.00000
 582.03532  1124045870175070363856805036032.00000
 582.06291  1123550284184211974464879984640.00000
 582.09051  1123054698193354007285419999232.00000
 582.11810  1122559112202495617893494947840.00000
 582.14570  1122063526211637509976546607104.00000
 582.17329  1121567940220779261322109911040.00000
 582.20089  1121072354229921012667673214976.00000
 582.22848  1120576768239062764013236518912.00000
 582.25608  1120081182248204515358799822848.00000
 582.28367  1119585596257346266704363126784.00000
 582.31127  1119099561117388267415582801920.00000
 582.33886  1118628798570731910003406405632.00000
 582.36646  1118204119175417423939896344576.00000
 582.39405  1117779439780103078613874638848.00000
 582.42165  1117354760384788733287852933120.00000
 582.44924  1116930080989476076811691491328.00000
 582.47684  1082148252210588026566227263488.00000
 582.50443  1081738755673673267165897162752.00000
 582.53203  1079131536857788459768015224832.00000
 582.55962  1078722556242065137006899363840.00000
 582.58722  1078313575626341814245783502848.00000
 582.61481  1077907721621573458834283823104.00000
 582.64241  1077502083773821944498516656128.00000
 582.67000  1077096445926070289425261133824.00000
