 # it. E_fermi(eV)  Charge Distance  Partial Chg. D.  Convergence
  0       3.394          0.000         0.0000     0
  1      -7.370         0.1805         6.6021     0
  2      -7.693         0.1892         0.5233     0
  3      -7.196         0.0613         0.2954     0
  4      -7.026         0.0155         0.2245     0
  5      -7.026         0.0226         0.0590     0
  6      -7.135         0.0036         0.0861     0
  7      -7.135         0.0047         0.0357     0
  8      -7.180         0.0015         0.0450     0
  9      -7.180         0.0041         0.0064     0
 10      -7.180         0.0012         0.0089     0
 11      -7.180         0.0004         0.0014     0
 12      -7.180         0.0000         0.0002     0
 13      -7.180         0.0002         0.0005     0
 14      -7.180         0.0000         0.0004     0
 15      -7.180         0.0000         0.0000     1
