ATOMS
  *       x           y           z    ipot  Atom      Distance    Number
**********-  **********  **********  ******  ******  **********  ********
   0           0           0              0  O          0               0
  -1.55133    -1.09202     0.027093       2  Ir         1.89734       196
   1.47677     1.18831    -0.115561       2  Ir         1.89902       183
   4.39028    -8.8256      1.7797         1  Sr        10.0166         61
  -1.79599     9.14958    -3.66242        2  Ir        10.0177        165
   9.77191     1.56542     1.65369        1  Sr        10.0337         66
  -9.13559     1.62649     3.81782        2  Ir        10.0339         86
   1.36618     6.79477     7.25787        2  Ir        10.0355        135
   3.8303      9.29899    -0.098923       2  Ir        10.0574        202
  -3.73481    -9.16144     1.86698        3  O         10.0681        441
  -1.09377    -3.94792     9.19934        1  Sr        10.0703         26
   9.03677     4.14469     1.61659        3  O         10.0725        421
  -1.38206     3.77466    -9.23699        3  O         10.0737        249
  -3.53787     1.73457    -9.27872        3  O         10.0807        285
   4.29958     1.24358     9.06465        1  Sr        10.1094         35
   9.24707     4.09147    -0.250947       2  Ir        10.1149        205
  -3.78419     1.54907     9.25583        3  O         10.1188        266
   7.43471    -3.66893    -5.83581        3  O         10.1387        275
  -9.32164    -3.99519     0.16248        2  Ir        10.143         174
  -9.87862    -1.43978    -1.80092        1  Sr        10.1441         39
  -9.15158    -3.95391     2.019          3  O         10.1716        438
   6.2679     -6.1342      5.16047        1  Sr        10.1757         16
   9.25896     2.02147    -3.72096        3  O         10.1814        222
   3.62        9.35222     1.76862        3  O         10.1831        418
  -1.89971     9.27276     3.76183        2  Ir        10.1855         76
  -4.49698     8.95124    -1.92693        1  Sr        10.201          44
  -9.16042    -4.14899    -1.72158        3  O         10.2025        390
  -4.96426     8.24445     3.392          3  O         10.2039        228
  -3.70711    -8.78055     3.65712        2  Ir        10.2086         87
   1.8789     -3.47296    -9.43074        3  O         10.224         289
   2.09524    -9.23142    -3.8647         2  Ir        10.2247        149
  -1.92582     3.87242     9.28103        3  O         10.2392        307
  -8.72658    -4.01588    -3.56932        2  Ir        10.248         141
  -3.74365    -9.35652    -1.87361        3  O         10.2504        393
  -4.15685    -0.921119   -9.34042        1  Sr        10.2651          4
  -7.16591    -6.44096    -3.54508        2  Ir        10.2666        158
   9.14438     4.18264    -2.12534        3  O         10.2777        437
   3.72761     9.39017    -1.97332        3  O         10.2939        434
   1.76326     6.79231    -7.53839        2  Ir        10.2991        134
   1.49353    -8.67001     5.35685        3  O         10.3003        288
   4.03471    -1.43287    -9.38902        3  O         10.3192        253
   7.06787     6.80197     3.39642        2  Ir        10.3806        100
  -7.26963    -6.31777     3.87918        2  Ir        10.3831         68
   8.92212     4.05722     3.46645        2  Ir        10.3962         84
   0.023424  -10.399      -0.017339       3  O         10.3991        477
  -0.023424   10.399       0.017339       3  O         10.3991        480
  -7.07463    -1.2717      7.55089        2  Ir        10.4251        103
  -6.12517     6.45666    -5.43623        1  Sr        10.4287         23
   3.7472     -6.48723     7.25551        2  Ir        10.4292        115
  -8.79217     1.55462    -5.39708        3  O         10.433         261
   1.2365      4.27038    -9.4751         1  Sr        10.4663         13
   6.79466    -3.61227     7.09718        2  Ir        10.4683        137
  -3.30981    -9.22341    -3.72134        2  Ir        10.4821        144
   9.27067    -3.17805    -3.72963        3  O         10.486         221
  -9.12387    -3.57303     3.80915        2  Ir        10.5129         85
   3.47924     3.86441     9.13767        3  O         10.5136        314
  -3.52616    -3.46495    -9.28739        3  O         10.5212        283
   3.60907     9.14156    -3.80578        2  Ir        10.5393        170
   3.50535     9.26475     3.61848        2  Ir        10.5459         81
   7.93016     0.123306    6.95084        3  O         10.5459        354
   5.84586     8.22843     3.10529        3  O         10.5605        238
   9.04269    -1.43842     5.26389        3  O         10.5616        258
   9.78362    -3.6341      1.64502        1  Sr        10.5656         65
  -6.96793     7.24502    -3.28222        3  O         10.5743        209
   0.31306    -7.59401    -7.36142        3  O         10.581         324
   7.46516     6.35911    -3.98204        2  Ir        10.5841        157
  -6.68926     3.92536    -7.2367         2  Ir        10.6078        104
   9.02584     3.93404    -3.9578         2  Ir        10.6116        173
  -0.084018   -7.59156     7.43484        3  O         10.6262        325
  -3.77248    -3.65045     9.24716        3  O         10.6333        264
   7.18003     1.58479    -7.69042        2  Ir        10.6399        138
   0.274021   -0.10396    10.6658         3  O         10.6698        366
  -3.6418      6.80032    -7.39504        2  Ir        10.6861        126
  -1.79085     8.97663     5.56794        3  O         10.714         251
  -1.54045     9.06948    -5.50657        3  O         10.7215        308
  -9.89033     3.75974    -1.79225        1  Sr        10.7316         40
   2.04137    -8.86043    -5.70113        3  O         10.7321        268
  10.0708      0.386158    3.69943        3  O         10.7357        389
  -0.684976   -9.14989    -5.6056         1  Sr        10.7523         24
   4.14428    -6.48969    -7.54075        2  Ir        10.7775        114
  -0.715937   -9.99685     3.9688         3  O         10.7797        377
   4.31129    -3.95593     9.05598        1  Sr        10.7818         33
 -10.8101      0.016022    0.28671        3  O         10.8139        471
  10.8101     -0.016022   -0.28671        3  O         10.8139        486
  -0.342283    0.399723  -10.8101         3  O         10.8229        380
  -7.88793     0.144882   -7.41536        3  O         10.8272        338
  -4.03888     6.80278     7.40123        2  Ir        10.8337        127
 -10.139      -0.090395   -3.84379        3  O         10.8435        356
   0.277925    8.00453    -7.33542        3  O         10.8608        330
   4.023       3.76665    -9.38035        3  O         10.8795        255
   0.827706    9.47236     5.32983        1  Sr        10.9004         15
  -6.91037    -6.52105    -5.38922        3  O         10.9234        298
  -8.78046    -3.64489    -5.40575        3  O         10.9364        260
  -0.119154    8.00699     7.46085        3  O         10.9449        331
  -3.36369    -8.85242    -5.55777        3  O         10.9804        262
  -3.91153    -8.662       5.50021        3  O         10.981         282
   9.29309    -1.34557    -5.81062        3  O         11.0424        316
  -9.34001     1.74504     5.6609         3  O         11.0601        281
   6.86345     6.92052     5.2395         3  O         11.0658        297
  -4.16856     4.27839    -9.33175        1  Sr        11.0799          6
  -7.08634     3.92782     7.55956        2  Ir        11.0811        105
   3.61421     8.96862     5.42459        3  O         11.0871        257
  -6.41984    -8.80958     2.06641        1  Sr        11.0947         53
  -8.28501     0.14734     7.3809         3  O         11.0969        339
   0.647676   10.2926     -4.11316        3  O         11.1029        369
   9.03097     3.76109     5.27256        3  O         11.1132        259
   9.0602     -6.25433     1.59925        3  O         11.1248        419
   8.02172    -7.71425    -0.394571       3  O         11.1361        466
 -10.3459     -2.14657     3.51802        3  O         11.1365        223
   1.67474     1.17007    10.9489         2  Ir        11.1379        153
   7.19174    -3.61473    -7.69909        2  Ir        11.1384        136
   6.31313     8.93522    -2.21364        1  Sr        11.1622         52
  -1.47921    -1.12873   -11.0518         2  Ir        11.2073         72
   9.27049    -6.30756    -0.268286       2  Ir        11.216         203
   7.98658     7.8843     -0.368563       3  O         11.2287        469
  -8.19345    -7.69021     0.035494       3  O         11.2371        454
  -9.18385     6.25004    -1.70425        3  O         11.2388        392
   9.1678     -6.21639    -2.14268        3  O         11.282         435
  -7.16077    -6.6139      5.68529        3  O         11.2846        240
  -1.11719     6.45111     9.21668        1  Sr        11.3054         30
   0.694523  -10.5054     -4.14783        3  O         11.316         362
  -9.34506     6.40384     0.179819       2  Ir        11.3301        176
  -6.93279    -8.35353    -3.30823        3  O         11.3485        206
   3.86461     9.06147    -5.64992        3  O         11.3564        315
 -10.3576      3.05295     3.52669        3  O         11.3595        224
   1.25992    -6.12864    -9.49244        1  Sr        11.369           9
  -2.16964    -1.247      11.1165         2  Ir        11.3947        163
  -9.175       6.44512     2.03634        3  O         11.3959        440
  -8.75001     6.38315    -3.55198        2  Ir        11.3984        143
  -8.22859     7.90833     0.061502       3  O         11.4129        457
  -6.77541    -1.41684    -9.10231        3  O         11.4353        241
  -9.3283     -3.45448     5.65223        3  O         11.4411        280
   8.32724     0.120848   -7.84543        3  O         11.4415        353
   1.60915     6.74057     9.12115        3  O         11.4551        274
  -9.95899    -0.91065     5.5992         1  Sr        11.4613          1
  -1.35864    -6.62437    -9.25433        3  O         11.4617        245
  -6.51053     1.2596      9.35136        1  Sr        11.4639         22
   1.40132    -8.80377     7.23186        2  Ir        11.4791        129
  -1.90239    -6.52661     9.26369        3  O         11.4905        303
   8.94554    -6.34181     3.44912        2  Ir        11.4951         82
   7.02592     1.53304     8.96912        3  O         11.496         278
   3.23542    -1.25501    10.9731         2  Ir        11.5088        168
   6.90525    -9.21873    -0.276255       2  Ir        11.5214        186
  -0.762785   10.8012      4.00347        3  O         11.5445        383
   2.07161     1.60801   -11.2652         2  Ir        11.5664         94
   7.41129     6.7301     -5.81847        3  O         11.5791        279
  -1.52791   -11.4911      0.009754       2  Ir        11.5922        194
   9.28138     3.85394    -5.80195        3  O         11.6043        317
  -6.97982     9.31502     0.187787       2  Ir        11.6414        193
  -5.092      -7.586      -7.21807        3  O         11.6437        318
   9.14054    -1.29573     7.12083        2  Ir        11.6591        120
  -1.6306    -11.3999     -1.86464        3  O         11.6659        426
   1.45334    11.5873     -0.098222       2  Ir        11.6785        185
   4.68912   -10.0049      3.82544        3  O         11.6927        384
   7.07531    -9.17746     1.58027        3  O         11.6954        450
  -9.03514     1.60882    -7.26035        2  Ir        11.7019        121
  -5.38163   -10.391       0.126016       3  O         11.7026        472
   5.38163    10.391      -0.126016       3  O         11.7026        485
   7.94187    -5.07621     6.94217        3  O         11.7062        352
  -1.94823     2.03995    11.362          3  O         11.7069        214
   1.61456    11.4335     -1.98229        3  O         11.7159        401
  -1.73821   -11.4378      1.87729        3  O         11.7205        410
  -3.33345     1.61602   -11.1218         2  Ir        11.7225         89
  -5.42848    10.407       0.160694       3  O         11.7389        476
   5.42848   -10.407      -0.160694       3  O         11.7389        481
   6.65327    -0.937141   -9.62713        1  Sr        11.7399         17
   1.79839    -8.80623    -7.5644         2  Ir        11.7475        128
  10.1017      1.23311    -5.87497        1  Sr        11.7508         38
   3.50267    -6.53462     9.12033        3  O         11.7537        310
  -3.73032     1.17808    11.0923         2  Ir        11.7619        147
  10.0825     -4.81336     3.69076        3  O         11.7663        388
   1.68645    -4.02945    10.9402         2  Ir        11.78          151
  -6.66584    -6.47367    -7.25404        2  Ir        11.7883        101
  -1.29592     9.11686    -7.37139        2  Ir        11.7955        112
   0.861301   -2.16505   -11.565          3  O         11.7974        230
   7.10301    -8.79657     3.37041        2  Ir        11.798          97
   4.72008    -9.1579     -5.74895        1  Sr        11.7982         31
   5.32104    -7.59957     7.29149        3  O         11.7997        332
   7.91845     5.32282     6.95951        3  O         11.8097        355
   9.04926    -6.46499    -3.97514        2  Ir        11.8105        171
   0.26231     5.09555    10.6744         3  O         11.8312        368
   1.85547     6.92607    -9.41341        3  O         11.8332        293
  -0.330571   -4.79979   -10.8188         3  O         11.8403        378
  11.2743     -2.17861     2.9446         3  O         11.8544        239
  -1.49092     4.07079   -11.0431         2  Ir        11.8636         74
  -4.57735     9.48037     5.47319        1  Sr        11.8653          8
   1.6234     11.6286      1.7583         3  O         11.8723        449
  -1.693       9.11932     7.42488        2  Ir        11.881         113
  -7.0825      9.40619    -1.68661        3  O         11.8947        425
   0.285733   -5.30347    10.6571         3  O         11.9072        364
   3.45682     2.03194    11.2187         3  O         11.9137        219
   3.92585    -1.13674   -11.1951         2  Ir        11.9179         78
  -4.14514    -6.12063    -9.34909        1  Sr        11.9185          2
  -5.12713     8.01254    -7.19206        3  O         11.9254        323
   4.28787     6.4431      9.07332        1  Sr        11.9258         37
   7.06646    -9.37254    -2.16032        3  O         11.9351        402
   6.77124     6.78676     7.11452        2  Ir        11.9384        140
  -1.93652    -3.15957    11.3533         3  O         11.9428        212
  -7.87622    -5.05463    -7.42403        3  O         11.9457        337
   5.67908    -0.111971   10.5224         3  O         11.9577        372
  -6.78712     3.78267    -9.09364        3  O         11.9611        243
  -5.13104    -0.095949   10.8091         3  O         11.9655        360
   7.03763    -3.66647     8.96045        3  O         11.9692        276
   0.84959     3.03447   -11.5563         3  O         11.9782        232
 -10.7984     -5.18349     0.27804        3  O         11.9813        470
  10.7984      5.18349    -0.27804        3  O         11.9813        487
  -7.19011     9.36824     2.05533        3  O         11.9869        409
   9.7602      6.76493     1.66236        1  Sr        11.9912         67
 -10.1507      5.10912    -3.83512        3  O         11.9937        357
  -7.31916    -1.31908     9.41571        3  O         11.9986        300
  -1.65402    -1.00085    -1.8473         3  O          2.67395       428
   1.64682     1.22958     1.74096        3  O          2.69348       447
  -1.03821     1.58144     1.9404         1  Sr         2.70997        59
   0.931498   -1.4558     -2.08763        1  Sr         2.71021        46
   1.63798     1.0345     -1.99962        3  O          2.78418       399
  -1.76163    -1.0388      1.89463        3  O          2.78784       412
   2.60495    -2.50672    -0.242547       3  O          3.62329       463
   2.59324     2.69279    -0.233877       3  O          3.74576       464
  -2.80011    -2.49871    -0.099192       3  O          3.7542        459
  -2.81182     2.7008     -0.090522       3  O          3.89986       460
   0.464223   -2.16259     3.23131        3  O          3.91582       231
   3.85372    -1.10004    -0.116262       2  Ir         4.00934       200
  -0.739361    0.40218     3.98614        3  O          4.07403       381
  -3.92829     1.19632     0.027794       2  Ir         4.10651       179
   3.64343    -1.04681     1.75128        3  O          4.17581       416
   0.6711     -0.106418   -4.1305         3  O          4.18601       365
   1.67453     1.61047     3.53111        2  Ir         4.22686        95
  -1.02649    -3.61808     1.93173        1  Sr         4.22797        58
  -1.77256    -1.24945    -3.67976        2  Ir         4.27127       162
   1.48848    -4.01121    -0.12423        2  Ir         4.28028       182
  -1.55116     2.03749    -3.43425        3  O          4.28387       213
  -3.76708     1.04251    -1.85627        3  O          4.32706       395
  -1.87628    -1.12627     3.7445         2  Ir         4.33707        73
   3.75104    -1.00886    -1.99066        3  O          4.36472       432
   0.919787    3.74372    -2.07896        1  Sr         4.3799         47
  -3.75823     1.23759     1.88432        3  O          4.38253       443
  -1.56305     4.10749     0.035763       2  Ir         4.39498       197
   0.452511    3.03692     3.23998        3  O          4.46376       233
   2.07182     1.16761    -3.84736        2  Ir         4.52304       152
   1.65854    -3.96993     1.73229        3  O          4.6381        446
  -1.66573     4.19866    -1.83863        3  O          4.87689       429
  -1.77334     4.16072     1.9033         3  O          4.90702       413
   1.64969    -4.16502    -2.00829        3  O          4.90939       398
  -1.53944    -3.16202    -3.44292        3  O          4.92158       211
   4.36685     1.57343     1.79704        1  Sr         4.97739        63
  -4.47356    -1.44779    -1.94427        1  Sr         5.08812        42
  -3.33324     1.17562    -3.704          2  Ir         5.11979       146
   3.52877    -1.13428     3.60114        2  Ir         5.16789        79
   0.011712   -5.19951    -0.008669       3  O          5.19954       478
  -0.011712    5.19951     0.008669       3  O          5.19954       479
   1.68624    -3.58905     3.52244        2  Ir         5.30398        93
  -5.40506     0.008011    0.143355       3  O          5.40696       474
   5.40506    -0.008011   -0.143355       3  O          5.40696       483
   3.63249    -1.25746    -3.82312        2  Ir         5.42148       167
   0.85113    -0.926673    5.31249        1  Sr         5.45946        12
  -3.73053     1.61848     3.67446        2  Ir         5.48069        90
  -3.91658    -4.0032      0.019125       2  Ir         5.6005        178
   3.84201     4.09948    -0.107592       2  Ir         5.61946       201
   3.8539      2.02948    -3.5776         3  O          5.63654       218
  -1.78428     3.95006    -3.67109        2  Ir         5.6801        164
  -3.74652    -3.96192     1.87565        3  O          5.7664        442
  -0.7084      1.24914    -5.58826        1  Sr         5.76982        27
   3.63171     4.15271     1.75995        3  O          5.79066       417
   1.47011     1.72901     5.37419        3  O          5.83375       292
  -1.888       4.07325     3.75317        2  Ir         5.85168        75
  -1.51702    -1.32955    -5.52391        3  O          5.8807        304
  -3.75537    -4.157      -1.86494        3  O          5.90436       394
   2.08353    -4.0319     -3.85603        2  Ir         5.95536       150
   3.73932     4.19065    -1.98199        3  O          5.95587       433
   4.37856    -3.62609     1.78837        1  Sr         5.95975        62
  -1.76743    -1.4224      5.55061        3  O          5.99635       248
   4.6657      0.394169    3.84278        3  O          6.05731       386
   3.86561    -3.17003    -3.58627        3  O          6.15252       217
  -4.48527     3.75173    -1.9356         1  Sr         6.15952        43
  -4.73396    -0.098407   -3.98714        3  O          6.1901        359
   2.01794     1.5386     -5.68379        3  O          6.22453       271
  -0.727649   -4.79733     3.97747        3  O          6.27408       379
  -3.71882    -3.58104     3.66579        2  Ir         6.33178        88
  -4.94083    -2.15458     3.37466        3  O          6.35943       226
  -3.32152    -4.02389    -3.71267        2  Ir         6.40376       145
   3.51706     4.06523     3.60981        2  Ir         6.47507        80
  -1.53962    -6.29154     0.018424       2  Ir         6.47721       195
   1.46505     6.38782    -0.106891       2  Ir         6.55455       184
   1.48182    -3.4705      5.36552        3  O          6.55965       290
   3.62078     3.94205    -3.81445        2  Ir         6.57266       169
   0.659388    5.0931     -4.12183        3  O          6.58513       367
   3.63763    -1.43041     5.40725        3  O          6.67209       254
  -3.38712     1.54661    -5.54043        3  O          6.6754        265
  -1.64231    -6.20036    -1.85597        3  O          6.6773        427
  -4.95255     3.04494     3.38333        3  O          6.72654       227
   1.62627     6.23401    -1.99096        3  O          6.74326       400
  -1.74992    -6.23831     1.88596        3  O          6.74801       411
   0.682812   -5.30593    -4.13917        3  O          6.76401       363
   1.63511     6.42909     1.74963        3  O          6.86062       448
   6.33656    -1.46381    -2.23098        1  Sr         6.87546        50
   0.839418    4.27284     5.32116        1  Sr         6.8758         14
  -0.696688   -3.95038    -5.59693        1  Sr         6.88596        25
  -1.52874     3.86996    -5.51524        3  O          6.9088        306
  -0.751073    5.60169     3.99481        3  O          6.9211        382
  -1.77914     3.77711     5.55927        3  O          6.95252       250
  -6.44326     1.58945     2.08375        1  Sr         6.95586        55
   5.86928    -2.1706      3.08795        3  O          6.97821       236
   6.88182     1.1803     -0.258916       2  Ir         6.9871        188
  -3.93495     1.73703     5.51755        3  O          6.99603       286
   3.88803    -1.33756    -5.66726        3  O          7.00169       311
   0.94321    -6.65531    -2.0963         1  Sr         7.04111        45
  -6.95639    -1.08401     0.170448       2  Ir         7.04241       191
   2.02965    -3.66092    -5.69246        3  O          7.06583       269
  -1.04992     6.78095     1.94906        1  Sr         7.1332         60
  -4.55393    -0.918661    5.45585        1  Sr         7.16578         5
   5.85757     3.02891     3.09662        3  O          7.28522       237
  -7.05908    -0.992839   -1.70395        3  O          7.32938       423
   7.05188     1.22157     1.59761        3  O          7.33305       452
   3.86543    -6.29955    -0.124931       2  Ir         7.39199       199
  -6.14442     0.410191    4.12949        3  O          7.4145        375
   6.07616    -0.114429   -4.27385        3  O          7.42957       371
   7.04304     1.02649    -2.14298        3  O          7.43306       404
   3.65514    -6.24632     1.74261        3  O          7.44401       415
  -3.3754     -3.65291    -5.5491         3  O          7.45182       263
  -5.39335    -5.1915      0.134686       3  O          7.48719       473
   5.39335     5.1915     -0.134686       3  O          7.48719       484
  -3.94        6.39583     0.036464       2  Ir         7.5121        180
   4.69666     1.24112    -5.73161        1  Sr         7.51335        34
  -5.41677     5.20753     0.152024       3  O          7.51551       475
   5.41677    -5.20753    -0.152024       3  O          7.51551       482
  -7.16669    -1.03079     2.03799        3  O          7.52179       407
  -3.77879     6.24202    -1.8476         3  O          7.527         396
   3.62592     3.7691      5.41592        3  O          7.52898       256
   3.76275    -6.20838    -1.99933        3  O          7.52991       431
   2.5251      0.131317    7.09419        3  O          7.53133       349
   1.37789     1.59526     7.2492         2  Ir         7.54946       133
  -1.86457    -6.32578     3.73583        2  Ir         7.57948        71
  -3.92324    -3.46249     5.50887        3  O          7.59792       284
  -1.27249    -1.28216    -7.38873        2  Ir         7.60635       108
  -1.76085    -6.44897    -3.68843        2  Ir         7.63507       161
  -6.43155    -3.61006     2.07508        1  Sr         7.66181        54
   6.32484     3.7357     -2.22231        1  Sr         7.67449        51
  -3.76994     6.4371      1.89299        3  O          7.69625       444
  -1.66957    -1.27971     7.40754        2  Ir         7.70043       109
   2.06011     6.36712    -3.83869        2  Ir         7.71491       154
   4.67741    -4.80534     3.83411        3  O          7.72463       385
   0.301348   -2.3945     -7.35276        3  O          7.7387        326
  -2.87995     0.139328    7.23755        3  O          7.79074       343
  -0.09573    -2.39204     7.44351        3  O          7.81901       327
   1.66281     6.80998     3.53978        2  Ir         7.85308        96
   0.289637    2.80501    -7.34408        3  O          7.86687       328
   3.87632     3.86195    -5.65859        3  O          7.87148       313
   1.77497     1.5928     -7.54706        2  Ir         7.9149        132
  -2.48287     0.136871   -7.55872        3  O          7.95723       342
  -6.95621     2.0455     -3.29089        3  O          7.9626        208
  -0.107442    2.80747     7.45218        3  O          7.9642        329
   6.89353    -4.01922    -0.267585       2  Ir         7.98414       187
   7.07958     1.60245     3.38775        2  Ir         8.01032        99
  -4.74567     5.10111    -3.97847        3  O          8.02315       361
   0.475935   -7.3621      3.22264        3  O          8.05062       229
  -3.34495     6.37514    -3.69534        2  Ir         8.09238       148
  -6.9681      4.1155      0.179118       2  Ir         8.09468       192
   3.54049    -6.3338      3.59247        2  Ir         8.09678        77
  -7.17762    -1.24144    -3.53641        2  Ir         8.09726       159
   2.61666    -7.70624    -0.251216       3  O          8.14224       462
  -4.72225    -5.29792    -3.99581        3  O          8.14457       358
   0.862841   -6.12619     5.30382        1  Sr         8.14894        10
  -1.56287     7.237      -3.42558        3  O          8.1579        215
   6.25619    -0.934684    5.16914        1  Sr         8.16906        18
  -2.7884     -7.69822    -0.107861       3  O          8.18837       458
   1.3896     -3.60426     7.24053        2  Ir         8.20652       131
   4.65398     5.59368     3.85145        3  O          8.23301       387
   2.92218     0.12886    -7.70207        3  O          8.23879       348
  -4.46185    -6.6473     -1.95294        1  Sr         8.24067        41
   4.35514     6.77294     1.80571        1  Sr         8.25231        64
   7.06359    -3.97795     1.58894        3  O          8.26094       451
   3.73549    -1.28772     7.26418        2  Ir         8.26924       117
  -6.11346     1.25715    -5.4449         1  Sr         8.28262        21
   2.58153     7.89231    -0.225208       3  O          8.30683       465
  -4.56564     4.28085     5.46452        1  Sr         8.30853         7
  -6.9445     -3.15401    -3.29956        3  O          8.31029       207
  -7.28134    -1.11826     3.88785        2  Ir         8.32969        69
   3.6442     -6.45698    -3.83179        2  Ir         8.34598       166
  -2.82353     7.90032    -0.081853       3  O          8.39012       461
  -3.63009     1.60081    -7.40371        2  Ir         8.3997        124
  -7.07079     4.20667    -1.69528        3  O          8.40037       424
   8.01001    -2.51473    -0.385902       3  O          8.40434       467
   4.70837    -3.95839    -5.74028        1  Sr         8.41358        32
   7.99829     2.68478    -0.377232       3  O          8.4453        468
  -1.28421     3.91735    -7.38006        2  Ir         8.45341       110
   7.05475    -4.17303    -2.15165        3  O          8.47427       403
  -7.1784      4.16873     2.04666        3  O          8.54965       408
   7.47688     1.1596     -3.99071        2  Ir         8.55419       156
  -1.68128     3.91981     7.4162         2  Ir         8.55522       111
  -0.720112    6.44865    -5.57959        1  Sr         8.55777        29
   1.78668    -3.60672    -7.55573        2  Ir         8.56094       130
  -4.02717     1.60327     7.39256        2  Ir         8.56962       125
  -8.20517    -2.4907      0.044163       3  O          8.57498       455
  -3.74224     6.81799     3.68313        2  Ir         8.60551        91
   7.0913     -3.59706     3.37908        2  Ir         8.63965        98
  -8.21688     2.70882     0.052832       3  O          8.65203       456
   4.13256    -1.29018    -7.53208        2  Ir         8.68763       116
  -1.50531    -6.52906    -5.53258        3  O          8.68931       302
  -6.13271    -4.78932     4.12082        3  O          8.80505       374
   6.87516     1.721       5.23083        3  O          8.8086        296
  -1.75572    -6.62191     5.54193        3  O          8.81166       246
   0.440799    8.23644     3.24864        3  O          8.86493       234
  -6.92208    -1.32154    -5.38055        3  O          8.86634       299
   1.45839     6.92853     5.38286        3  O          8.89419       294
   3.84219     7.22899    -3.56894        3  O          8.93074       220
  -7.18933     3.95807    -3.52774        2  Ir         8.93296       160
   6.06445     5.08509    -4.26518        3  O          8.9904        373
  -3.61837    -3.5987     -7.41238        2  Ir         8.99926       122
   2.00623     6.73811    -5.67512        3  O          9.03516       273
   3.72377     3.9118      7.27285        2  Ir         9.05886       119
   2.53682    -5.0682      7.08552        3  O          9.07341       347
  -1.01478    -8.81759     1.92306        1  Sr         9.08173        57
  -6.10175    -3.94237    -5.45357        1  Sr         9.08378        20
  -4.01545    -3.59625     7.38389        2  Ir         9.14214       123
   6.08787    -5.31394    -4.28252        3  O          9.1455        370
  -5.10371    -2.38649    -7.2094         3  O          9.14979       319
   6.24448     4.26483     5.17781        1  Sr         9.16471        19
  -1.52773    -8.36154    -3.45159        3  O          9.17403       210
  -7.29305     4.08126     3.89652        2  Ir         9.22107        70
   0.908075    8.94323    -2.07029        1  Sr         9.22454        48
   2.51339     5.33083     7.10286        3  O          9.2296        351
   9.04848    -1.05482     1.60792        3  O          9.25057       420
  -7.17248    -1.41439     5.69396        3  O          9.2664        242
  -5.11542     2.81302    -7.20073        3  O          9.26991       321
  -2.86824    -5.06019     7.22888        3  O          9.27842       341
   3.64934    -6.62992     5.39858        3  O          9.29614       252
  -6.15613     5.60971     4.13816        3  O          9.30006       376
   6.88687    -3.47851     5.22217        3  O          9.31666       295
   9.25878    -1.10805    -0.259617       2  Ir         9.32846       204
   1.50019    -9.21072    -0.1329         2  Ir         9.33304       181
   5.30933    -2.40006     7.30016        3  O          9.34032       334
  -1.10548     1.25159     9.20801        1  Sr         9.3582         28
  -3.39883     6.74612    -5.53176        3  O          9.36283       267
  -4.54222    -6.11818     5.44718        1  Sr         9.36673         3
  -6.94468    -6.28353     0.161779       2  Ir         9.36683       190
   6.87011     6.37981    -0.250246       2  Ir         9.37886       189
   1.62086     1.54106     9.11248        3  O          9.38293       272
  -9.17214     1.05052    -1.71291        3  O          9.38966       391
   7.48859    -4.03991    -3.99938        2  Ir         9.40186       155
  -9.33335     1.20433     0.171149       2  Ir         9.41229       175
   4.12085     3.90934    -7.52341        2  Ir         9.42688       118
  -2.47116    -5.06264    -7.56739        3  O          9.43411       340
  -1.57476     9.307       0.044432       2  Ir         9.43939       198
   5.29762     2.79946     7.30882        3  O          9.45096       336
  -2.89167     5.33884     7.24622        3  O          9.45371       345
  -1.37035    -1.42486    -9.24566        3  O          9.45464       247
   9.15609    -1.01687    -2.13401        3  O          9.45632       436
  -9.16329     1.2456      2.02767        3  O          9.46725       439
  -4.92912    -7.35409     3.36599        3  O          9.47147       225
   6.34827    -6.66332    -2.23965        1  Sr         9.47187        49
   1.67025    -9.16945     1.72362        3  O          9.47837       445
   3.89974    -6.53708    -5.67593        3  O          9.49513       309
  -8.73829     1.18363    -3.56065        2  Ir         9.50984       142
  -7.04737    -6.19235    -1.71262        3  O          9.53644       422
   7.423       1.53059    -5.82714        3  O          9.56029       277
  -1.9141     -1.32709     9.27236        3  O          9.56042       305
  -2.49459     5.33638    -7.55005        3  O          9.57618       344
  -6.93379     3.87798    -5.37188        3  O          9.59027       301
  -6.45497     6.78896     2.09242        1  Sr         9.59869        56
   1.24821    -0.92913    -9.48377        1  Sr         9.61058        11
   1.69795    -8.78856     3.51377        2  Ir         9.61605        92
   7.03132     6.226      -2.13431        3  O          9.63109       405
   8.93383    -1.14229     3.45779        2  Ir         9.64751        83
   7.04017     6.42108     1.60628        3  O          9.66304       453
  -5.50079    -2.38403     7.58687        3  O          9.66968       320
   2.93389    -5.07065    -7.71074        3  O          9.68374       346
  -7.15498    -6.2303      2.02932        3  O          9.70198       406
  -3.94666     6.93654     5.52621        3  O          9.70725       287
  -1.78505     9.36023     1.91197        3  O          9.71885       414
  -1.67745     9.39818    -1.82996        3  O          9.72051       430
   1.6614     -9.36453    -2.01696        3  O          9.72228       397
   5.70641    -2.40251    -7.49611        3  O          9.72249       333
   1.86718     1.72656    -9.42208        3  O          9.75925       291
  -5.5125      2.81548     7.59553        3  O          9.7983        322
   2.91047     5.32837    -7.6934         3  O          9.80055       350
   4.68495     6.44064    -5.72294        1  Sr         9.80727        36
   5.69469     2.797      -7.48744        3  O          9.814         335
   3.49096    -1.3351      9.129          3  O          9.86448       312
   3.87732    -8.36955    -3.59494        3  O          9.89983       216
  -1.26078    -6.48168    -7.3974         2  Ir         9.91581       106
   5.88099    -7.37012     3.07928        3  O          9.919         235
  -7.1842      3.78513     5.70263        3  O          9.92269       244
  -6.67755    -1.27415    -7.24537        2  Ir         9.93522       102
   1.63258    -3.65846     9.10381        3  O          9.9463        270
   9.03755    -1.26547    -3.96647        2  Ir         9.95046       172
   6.78295     1.58724     7.10585        2  Ir         9.95092       139
  -1.65786    -6.47922     7.39887        2  Ir         9.97357       107
  -3.90487    -9.20271     0.010455       2  Ir         9.9969        177
END
