# comment:                                                         FEFF 9.6.4
# Source:
# Structure
# Reduced
# space
# abc:
# angles:
# sites:
# POT  SCF  30  4.5000   0, screened core-hole, AFOLP (folp(0)= 1.150)
# Abs   Z= 8 Rmt= 1.026 Rnm= 1.073 K  shell
# Pot 1 Z=38 Rmt= 1.737 Rnm= 1.797
# Pot 2 Z=77 Rmt= 1.385 Rnm= 1.462
# Pot 3 Z= 8 Rmt= 1.017 Rnm= 1.068
# Gam_ch=1.559E-01 H-L exch Vi= 0.000E+00 Vr= 0.000E+00
# Mu=-6.756E+00 kf=2.254E+00 Vint=-1.736E+01 Rs_int= 1.609
#  -----------------------------------------------------------------------
#   0.99893E+00  0.13043E+01  0.88272E+00 -0.2482610E+00  0.1950825E+02 method to calculate xsect
#   1.5586000E-01 100  11
#       em              xsnorm            xsec  
 -0.919391944E+01  0.77930E-01  0.76137E-02 -0.88461E-02  0.77187E-02
 -0.873062538E+01  0.77930E-01  0.74634E-02 -0.82378E-02  0.75562E-02
 -0.831609912E+01  0.77930E-01  0.73414E-02 -0.77487E-02  0.74247E-02
 -0.795034065E+01  0.77930E-01  0.72422E-02 -0.73545E-02  0.73183E-02
 -0.763334998E+01  0.77930E-01  0.71620E-02 -0.70381E-02  0.72325E-02
 -0.736512711E+01  0.77930E-01  0.70980E-02 -0.67869E-02  0.71641E-02
 -0.714567203E+01  0.77930E-01  0.70480E-02 -0.65916E-02  0.71108E-02
 -0.697498474E+01  0.77930E-01  0.70105E-02 -0.64458E-02  0.70709E-02
 -0.695552966E+01  0.77930E-01  0.70063E-02 -0.64296E-02  0.70664E-02
 -0.685552966E+01  0.77930E-01  0.69850E-02 -0.63468E-02  0.70437E-02
 -0.675552966E+01  0.77930E-01  0.69641E-02 -0.62657E-02  0.70215E-02
 -0.665552966E+01  0.77930E-01  0.69436E-02 -0.61862E-02  0.69997E-02
 -0.655552966E+01  0.77930E-01  0.69234E-02 -0.61083E-02  0.69782E-02
 -0.645552966E+01  0.77930E-01  0.69036E-02 -0.60319E-02  0.69572E-02
 -0.635552966E+01  0.77930E-01  0.68841E-02 -0.59570E-02  0.69366E-02
 -0.626175573E+01  0.77930E-01  0.68662E-02 -0.58880E-02  0.69176E-02
 -0.614593222E+01  0.77930E-01  0.68445E-02 -0.58045E-02  0.68945E-02
 -0.601791675E+01  0.77930E-01  0.68209E-02 -0.57144E-02  0.68696E-02
 -0.587770934E+01  0.77930E-01  0.67958E-02 -0.56182E-02  0.68430E-02
 -0.572530998E+01  0.77930E-01  0.67691E-02 -0.55164E-02  0.68148E-02
 -0.556071867E+01  0.77930E-01  0.67411E-02 -0.54096E-02  0.67851E-02
 -0.538393541E+01  0.77930E-01  0.67118E-02 -0.52984E-02  0.67542E-02
 -0.519496020E+01  0.77930E-01  0.66814E-02 -0.51834E-02  0.67222E-02
 -0.499379305E+01  0.77930E-01  0.66502E-02 -0.50652E-02  0.66892E-02
 -0.478043394E+01  0.77930E-01  0.66181E-02 -0.49443E-02  0.66554E-02
 -0.455488289E+01  0.77930E-01  0.65853E-02 -0.48212E-02  0.66209E-02
 -0.431713988E+01  0.77930E-01  0.65520E-02 -0.46965E-02  0.65859E-02
 -0.406720493E+01  0.77930E-01  0.65183E-02 -0.45706E-02  0.65505E-02
 -0.380507803E+01  0.77930E-01  0.64843E-02 -0.44441E-02  0.65148E-02
 -0.353075918E+01  0.77930E-01  0.64501E-02 -0.43173E-02  0.64790E-02
 -0.324424838E+01  0.77930E-01  0.64159E-02 -0.41907E-02  0.64431E-02
 -0.294554563E+01  0.77930E-01  0.63817E-02 -0.40647E-02  0.64073E-02
 -0.263465093E+01  0.77930E-01  0.63476E-02 -0.39396E-02  0.63716E-02
 -0.231156429E+01  0.77930E-01  0.63136E-02 -0.38157E-02  0.63362E-02
 -0.197628569E+01  0.77930E-01  0.62800E-02 -0.36933E-02  0.63011E-02
 -0.162881515E+01  0.77930E-01  0.62467E-02 -0.35727E-02  0.62664E-02
 -0.126915266E+01  0.77930E-01  0.62139E-02 -0.34542E-02  0.62322E-02
 -0.897298216E+00  0.77930E-01  0.61814E-02 -0.33379E-02  0.61985E-02
 -0.513251826E+00  0.77930E-01  0.61495E-02 -0.32240E-02  0.61653E-02
 -0.117013487E+00  0.77930E-01  0.61181E-02 -0.31126E-02  0.61327E-02
  0.291416801E+00  0.77930E-01  0.60873E-02 -0.30040E-02  0.61008E-02
  0.712039038E+00  0.77930E-01  0.60571E-02 -0.28983E-02  0.60695E-02
  0.114485322E+01  0.77930E-01  0.60275E-02 -0.27955E-02  0.60388E-02
  0.158985936E+01  0.77930E-01  0.59986E-02 -0.26957E-02  0.60089E-02
  0.204705744E+01  0.77930E-01  0.59703E-02 -0.25990E-02  0.59797E-02
  0.251644747E+01  0.77930E-01  0.59426E-02 -0.25055E-02  0.59511E-02
  0.299802946E+01  0.77930E-01  0.59156E-02 -0.24151E-02  0.59233E-02
  0.349180339E+01  0.77930E-01  0.58892E-02 -0.23279E-02  0.58961E-02
  0.399776927E+01  0.77930E-01  0.58635E-02 -0.22440E-02  0.58697E-02
  0.451592709E+01  0.77930E-01  0.58384E-02 -0.21633E-02  0.58438E-02
  0.504627687E+01  0.77930E-01  0.58138E-02 -0.20858E-02  0.58187E-02
  0.558881860E+01  0.77930E-01  0.57899E-02 -0.20115E-02  0.57941E-02
  0.614355227E+01  0.77930E-01  0.57665E-02 -0.19404E-02  0.57702E-02
  0.671047790E+01  0.77930E-01  0.57436E-02 -0.18724E-02  0.57468E-02
  0.728959547E+01  0.77930E-01  0.57212E-02 -0.18076E-02  0.57240E-02
  0.788090499E+01  0.77930E-01  0.56993E-02 -0.17458E-02  0.57017E-02
  0.848440646E+01  0.77930E-01  0.56778E-02 -0.16871E-02  0.56798E-02
  0.910009988E+01  0.77930E-01  0.56568E-02 -0.16314E-02  0.56584E-02
  0.972798525E+01  0.77930E-01  0.56360E-02 -0.15786E-02  0.56374E-02
  0.103680626E+02  0.77930E-01  0.56157E-02 -0.15287E-02  0.56168E-02
  0.110203318E+02  0.77930E-01  0.55956E-02 -0.14816E-02  0.55964E-02
  0.116847930E+02  0.77930E-01  0.55757E-02 -0.14373E-02  0.55764E-02
  0.123614462E+02  0.77930E-01  0.55561E-02 -0.13957E-02  0.55566E-02
  0.130502913E+02  0.77930E-01  0.55366E-02 -0.13567E-02  0.55370E-02
  0.137513284E+02  0.77930E-01  0.55173E-02 -0.13203E-02  0.55176E-02
  0.144645574E+02  0.77930E-01  0.54981E-02 -0.12863E-02  0.54983E-02
  0.151899784E+02  0.77930E-01  0.54789E-02 -0.12548E-02  0.54790E-02
  0.159275913E+02  0.77930E-01  0.54597E-02 -0.12256E-02  0.54598E-02
  0.166773961E+02  0.77930E-01  0.54405E-02 -0.11988E-02  0.54406E-02
  0.174393929E+02  0.77930E-01  0.54212E-02 -0.11741E-02  0.54214E-02
  0.182135817E+02  0.77930E-01  0.54019E-02 -0.11515E-02  0.54020E-02
  0.189999624E+02  0.77930E-01  0.53824E-02 -0.11310E-02  0.53826E-02
  0.197985350E+02  0.77930E-01  0.53627E-02 -0.11124E-02  0.53630E-02
  0.206092996E+02  0.77930E-01  0.53428E-02 -0.10957E-02  0.53432E-02
  0.214322562E+02  0.77930E-01  0.53227E-02 -0.10809E-02  0.53232E-02
  0.222674047E+02  0.77930E-01  0.53023E-02 -0.10677E-02  0.53029E-02
  0.231147451E+02  0.77930E-01  0.52817E-02 -0.10563E-02  0.52824E-02
  0.239742775E+02  0.77930E-01  0.52607E-02 -0.10464E-02  0.52616E-02
  0.248460019E+02  0.77930E-01  0.52394E-02 -0.10380E-02  0.52404E-02
  0.257299182E+02  0.77930E-01  0.52177E-02 -0.10310E-02  0.52189E-02
  0.266260264E+02  0.77930E-01  0.51957E-02 -0.10253E-02  0.51970E-02
  0.275343266E+02  0.77930E-01  0.51732E-02 -0.10209E-02  0.51747E-02
  0.284548188E+02  0.77930E-01  0.51504E-02 -0.10177E-02  0.51521E-02
  0.293875028E+02  0.77930E-01  0.51271E-02 -0.10156E-02  0.51290E-02
  0.303323789E+02  0.77930E-01  0.51034E-02 -0.10146E-02  0.51055E-02
  0.312894469E+02  0.77930E-01  0.50793E-02 -0.10145E-02  0.50816E-02
  0.322587068E+02  0.77930E-01  0.50548E-02 -0.10153E-02  0.50572E-02
  0.332401587E+02  0.77930E-01  0.50299E-02 -0.10169E-02  0.50324E-02
  0.342338025E+02  0.77930E-01  0.50045E-02 -0.10193E-02  0.50072E-02
  0.352396383E+02  0.77930E-01  0.49787E-02 -0.10223E-02  0.49816E-02
  0.362576660E+02  0.77930E-01  0.49524E-02 -0.10260E-02  0.49555E-02
  0.372878857E+02  0.77930E-01  0.49258E-02 -0.10302E-02  0.49290E-02
  0.383302974E+02  0.77930E-01  0.48988E-02 -0.10349E-02  0.49021E-02
  0.393849009E+02  0.77930E-01  0.48713E-02 -0.10401E-02  0.48749E-02
  0.404516965E+02  0.77930E-01  0.48436E-02 -0.10457E-02  0.48472E-02
  0.415306839E+02  0.77930E-01  0.48154E-02 -0.10515E-02  0.48192E-02
  0.426218634E+02  0.77930E-01  0.47870E-02 -0.10577E-02  0.47908E-02
  0.437252347E+02  0.77930E-01  0.47582E-02 -0.10641E-02  0.47622E-02
  0.448407981E+02  0.77930E-01  0.47291E-02 -0.10707E-02  0.47332E-02
  0.459685533E+02  0.77930E-01  0.46998E-02 -0.10774E-02  0.47039E-02
 -0.675552966E+01  0.50000E-02  0.69642E-02 -0.62804E-02  0.69637E-02
 -0.675552966E+01  0.10000E-01  0.69642E-02 -0.62794E-02  0.69677E-02
 -0.675552966E+01  0.12628E-01  0.69642E-02 -0.62789E-02  0.69698E-02
 -0.675552966E+01  0.18839E-01  0.69642E-02 -0.62777E-02  0.69747E-02
 -0.675552966E+01  0.28105E-01  0.69642E-02 -0.62758E-02  0.69820E-02
 -0.675552966E+01  0.41928E-01  0.69642E-02 -0.62731E-02  0.69930E-02
 -0.675552966E+01  0.62549E-01  0.69641E-02 -0.62689E-02  0.70093E-02
 -0.675552966E+01  0.93311E-01  0.69641E-02 -0.62625E-02  0.70337E-02
 -0.675552966E+01  0.13920E+00  0.69639E-02 -0.62527E-02  0.70699E-02
 -0.675552966E+01  0.20767E+00  0.69635E-02 -0.62375E-02  0.71238E-02
 -0.675552966E+01  0.30980E+00  0.69627E-02 -0.62135E-02  0.72037E-02
 -0.675552966E+01  0.46217E+00  0.69608E-02 -0.61746E-02  0.73220E-02
 -0.675552966E+01  0.68948E+00  0.69566E-02 -0.61100E-02  0.74959E-02
 -0.675552966E+01  0.10286E+01  0.69474E-02 -0.59996E-02  0.77487E-02
 -0.675552966E+01  0.15345E+01  0.69272E-02 -0.58054E-02  0.81083E-02
