 # it. E_fermi(eV)  Charge Distance  Partial Chg. D.  Convergence
  0       2.662          0.000         0.0000     0
  1      -7.765         0.1470         6.7723     0
  2      -7.987         0.2244         0.4596     0
  3      -7.433         0.0544         0.2348     0
  4      -7.302         0.0148         0.1907     0
  5      -7.354         0.0104         0.0171     0
  6      -7.406         0.0082         0.0110     0
  7      -7.457         0.0016         0.0097     0
  8      -7.453         0.0014         0.0013     0
  9      -7.453         0.0013         0.0071     0
 10      -7.453         0.0025         0.0054     0
 11      -7.453         0.0033         0.0062     0
 12      -7.452         0.0053         0.0038     0
 13      -7.446         0.0072         0.0024     0
 14      -7.446         0.0110         0.0156     0
 15      -7.444         0.0587         0.0143     0
 16      -7.393         0.0720         0.0249     0
 17      -7.457         0.0010         0.0306     0
 18      -7.455         0.0005         0.0012     0
 19      -7.455         0.0003         0.0015     0
 20      -7.455         0.0024         0.0002     0
 21      -7.455         0.0081         0.0030     0
 22      -7.451         0.0110         0.0022     0
 23      -7.451         0.0308         0.0156     0
 24      -7.434         0.0482         0.0074     0
 25      -7.476         0.0221         0.0197     0
 26      -7.455         0.0011         0.0090     0
 27      -7.455         0.0001         0.0013     0
 28      -7.455         0.0034         0.0001     0
 29      -7.453         0.0071         0.0005     0
 30      -7.453         0.0189         0.0094     0
