ATOMS
  *       x           y           z    ipot  Atom      Distance    Number
**********-  **********  **********  ******  ******  **********  ********
   0           0           0              0  O          0               0
  -1.13692    -1.52845    -0.241641       2  Ir         1.92019        79
   8.73766     2.2826     -4.36337        3  O         10.0297        469
   1.42217    -5.70811    -8.1253         3  O         10.0312        351
   9.78205    -1.8406      1.27776        3  O         10.0354        255
  -6.43826    -1.64362    -7.52255        2  Ir        10.037         156
  -2.60559     5.97296    -7.68147        2  Ir        10.0732        144
  -4.00631     4.69893    -7.96461        3  O         10.078         349
   7.77699    -4.06865     4.97432        3  O         10.0886        274
   7.60281     6.51834     1.25337        3  O         10.0927        291
  -8.44989     1.1549      5.41305        3  O         10.1013        258
   7.80723     6.39979    -0.589715       2  Ir        10.1123        103
   1.99197    -4.56474     8.80184        3  O         10.1132        393
  -6.83534    -1.64116     7.27372        2  Ir        10.1154        157
  -0.823507    6.83483    -7.41172        3  O         10.1157        221
   2.7573      1.13642    -9.66992        3  O         10.1194        270
   7.77953     6.0189     -2.37986        3  O         10.1199        451
   2.40961    -9.57163    -2.26251        3  O         10.1263        444
  -1.22059     6.83728     7.38455        3  O         10.1375        222
  -0.789375    3.46778    -9.50137        3  O         10.1452        301
  -9.23134     3.88668     1.62173        1  Sr        10.1466          3
  -6.61393     1.64578     7.51924        3  O         10.1485        213
   9.78785    -1.457      -2.37821        3  O         10.1775        414
  -8.68115    -3.99042     3.54111        2  Ir        10.1895        120
  -8.43277     0.648341   -5.69905        3  O         10.1986        382
   4.35936     8.95004    -2.21752        3  O         10.1992        413
   8.74937    -2.91691    -4.37204        3  O         10.2066        468
  -6.20514    -3.55619    -7.2857         3  O         10.2094        210
   2.79947     5.96494    -7.82483        2  Ir        10.2296        150
  -1.19816     8.66976     5.30356        3  O         10.2337        303
  -2.99545    -9.56362    -2.11916        3  O         10.2434        439
   6.62035    -7.7723     -0.906854       3  O         10.2499        239
   6.02527     7.59679     3.33136        3  O         10.2525        327
   6.58522     7.82625    -0.880846       3  O         10.266         242
   6.40673     4.68536     6.54495        3  O         10.2876        362
   4.45142     8.70913     3.29538        2  Ir        10.321         117
  -3.26438    -9.19794     3.38908        2  Ir        10.3317        123
  -1.02149    -6.85115    -7.67457        2  Ir        10.3383        160
   7.5106      6.38458     3.12838        2  Ir        10.3421        135
   9.66148     3.65504    -0.519681       2  Ir        10.3428         88
  -4.14299     3.35201     8.87453        1  Sr        10.3517         42
  -8.58228    -4.39737    -3.82366        2  Ir        10.3737        176
   8.65781     4.92064     2.97337        3  O         10.3928        344
   0.023424  -10.399      -0.017339       3  O         10.3991        370
  -0.023424   10.399       0.017339       3  O         10.3991        373
   7.81916     0.759877    6.81942        2  Ir        10.4029        154
   9.77034     3.35891     1.28643        3  O         10.4114        256
   4.08161     3.79093     8.82814        3  O         10.4387        433
   9.8799     -1.69791     3.13469        2  Ir        10.5034        118
  -6.44997     3.55589    -7.51387        2  Ir        10.5216        158
   0.042673   -4.35256    -9.58306        1  Sr        10.5253         23
  -8.43564     6.04293    -1.94979        3  O         10.5584        438
   7.60947     5.97763    -4.23638        2  Ir        10.5633        192
   3.98649    -6.8567      6.97834        2  Ir        10.5643        169
   6.0604     -8.00175     3.30535        3  O         10.568         324
  -8.40794     6.42382    -0.15965        2  Ir        10.5823         91
  -3.98289    -5.7001     -7.98195        3  O         10.5861        345
   1.64744     8.54105    -6.05642        1  Sr        10.5992         50
  -3.41308    -4.55673     8.94519        3  O         10.6033        386
  -6.84705     3.55835     7.28239        2  Ir        10.6102        159
  -6.60222    -3.55374     7.51057        3  O         10.6126        211
   8.68123    -5.47839     2.95603        3  O         10.6824        342
  -2.63604    -4.05509    -9.53524        3  O         10.6917        261
   2.23955    -9.6129     -4.11904        2  Ir        10.6953        184
   6.81552    -0.516609   -8.25999        3  O         10.7213        359
   9.77613     3.74251    -2.36954        3  O         10.7328        415
 -10.0708     -0.386158   -3.69943        3  O         10.7357        470
  -0.938084    8.996      -5.8161         3  O         10.7534        427
   1.96855     5.83429     8.81917        3  O         10.756         397
  -6.30801    -6.59453    -5.69875        3  O         10.7589        416
   0.715937    9.99685    -3.9688         3  O         10.7797        482
   5.12964    -9.22778    -2.20643        1  Sr        10.7858         67
   4.18447     6.82927     7.24119        3  O         10.7974        228
   6.43015    -5.71367     6.52761        3  O         10.7983        358
   4.56966     8.89681    -4.08506        2  Ir        10.8038        207
  -8.43818    -4.04462     5.40438        3  O         10.806         257
 -10.8101      0.016022    0.28671        3  O         10.8139        364
  10.8101     -0.016022   -0.28671        3  O         10.8139        379
   0.342283   -0.399723   10.8101         3  O         10.8229        479
  10.5113      1.16324    -2.33245        1  Sr        10.8296         72
   2.38365    -9.26015     5.109          3  O         10.8413        267
   4.62739    -1.73974    -9.6534         3  O         10.8456        305
   2.76902    -4.0631     -9.67859        3  O         10.8559        268
  -3.16551    -9.60489    -3.97568        2  Ir        10.8665        179
  -2.16402    10.1362      3.26875        3  O         10.8678        336
   1.81905     0.788584   10.6946         2  Ir        10.8768        188
  -6.45655     8.58246     1.72516        3  O         10.8776        246
  -0.342693   -9.54962     5.20453        1  Sr        10.8812         22
  -5.3741      0.854966   -9.43104        1  Sr        10.8884         19
   4.20689     8.66174     5.16021        3  O         10.9248        309
   7.79411    -4.57521    -6.13779        3  O         10.9249        398
   9.86819     3.50161     3.14336        2  Ir        10.9327        119
  -8.61236     6.54237     1.68343        3  O         10.9457        279
   9.99814    -1.51023    -4.24575        2  Ir        10.9668        208
  -9.13926    -1.84196    -5.78705        1  Sr        10.9731         36
  -6.56809    -6.92078     5.42091        3  O         10.9737        292
  -5.68048    -9.21176    -1.91972        1  Sr        10.9913         58
   9.63537    -1.7453      4.99951        3  O         10.9946        310
  -1.20905    -1.49175    10.8372         2  Ir        11.006         199
  -7.99893     0.781453   -7.54678        2  Ir        11.0249        138
   6.67884    -1.86353     8.57915        1  Sr        11.0309         53
  -6.5654      8.87859    -0.080947       2  Ir        11.0427         76
  -3.75762     8.54906    -5.91307        1  Sr        11.0531         43
  -3.02141    -9.25214     5.25236        3  O         11.0598        260
   3.24104    10.1282      3.1254         3  O         11.0839        341
 -10.1782      2.42131     3.75275        3  O         11.1149        313
  -8.39601     0.78391     7.24948        2  Ir        11.1204        139
  -8.42106    -4.55117    -5.70772        3  O         11.1448        381
  -8.6057      6.00166    -3.80632        2  Ir        11.1609        178
   4.58155     6.82681    -7.55507        3  O         11.1658        227
   5.43602     0.838944   -9.71775        1  Sr        11.1664         32
 -10.1665     -2.7782      3.74408        3  O         11.1845        312
   7.75357     6.33038     4.99166        3  O         11.1852        276
  -1.30003    -6.60009     8.95416        3  O         11.1995        422
  -6.45075     8.96606    -1.93081        3  O         11.213         405
   2.93552     2.29307    10.5763         3  O         11.2131        466
  -3.43651     5.8423      8.96253        3  O         11.2369        390
   4.61568     3.45977    -9.64473        3  O         11.2381        307
  -2.46954     2.30108    10.7196         3  O         11.2385        460
   1.28549    -7.05504     8.71383        1  Sr        11.2853         45
   4.38357    -6.85916    -7.81792        2  Ir        11.2864        168
   7.83087    -4.43964     6.81075        2  Ir        11.288         152
  -7.48923     7.50615    -3.92463        3  O         11.3064        455
 -11.109       1.19528    -1.75903        1  Sr        11.3107         57
   0.019249    6.04647    -9.56572        1  Sr        11.3165         27
  -9.15097     3.35756    -5.77838        1  Sr        11.3315         37
  -2.11717   -10.6619      3.23407        3  O         11.341         331
   2.94723    -2.90644    10.5676         3  O         11.3493        464
  -6.18272    -1.72372    -9.36669        3  O         11.3548        293
  -2.45783    -2.89843    10.7109         3  O         11.3651        458
   6.66713     3.33598     8.58782        1  Sr        11.3723         55
  -6.35869     8.72515     3.58209        2  Ir        11.3751        107
  -8.70457     6.40861     3.55845        2  Ir        11.3799        122
   9.62366     3.45422     5.00818        3  O         11.3854        311
  -1.45371     8.74985     7.1477         2  Ir        11.3913        167
  -9.20791    -6.51234     1.6044         1  Sr        11.3917          1
  -6.7168     -1.39256     9.10618        3  O         11.4008        418
   7.38532     0.626765    8.66715        3  O         11.4042        400
  -3.58601     0.796595   10.8379         2  Ir        11.4435        182
   9.98643     3.68929    -4.23708        2  Ir        11.4583        209
   8.21624     0.757419   -7.97685        2  Ir        11.4765        153
   7.77069     5.82382    -6.12045        3  O         11.4787        401
   6.97212     9.06216     1.20034        1  Sr        11.4967         16
  -1.18545    -8.76126     7.35854        3  O         11.5027        216
  10.523      -4.03628    -2.34112        1  Sr        11.5111         71
  -0.533132   -1.68434   -11.3749         2  Ir        11.5112        109
  -0.788371   -8.76372    -7.43772        3  O         11.5215        215
  -6.24045     8.91283    -3.79835        2  Ir        11.5243        196
  -1.22076     3.70777    10.8459         2  Ir        11.527         201
   0.762785  -10.8012     -4.00347        3  O         11.5445        476
  10.444       0.83339     4.93516        1  Sr        11.5813         35
   3.28789   -10.6699      3.09072        3  O         11.5849        337
   4.19601    -1.49976    10.6939         2  Ir        11.5851        205
   1.029       2.40283   -11.3302         3  O         11.6278        321
  -1.05663     8.74739    -7.64856        2  Ir        11.6676        166
   4.46697     8.98799    -5.95945        3  O         11.6727        434
   6.80381     4.6829     -8.25132        3  O         11.675         361
  -1.74351    -0.265309  -11.5449         3  O         11.6788        333
   2.36276    11.2264     -2.22783        3  O         11.6867        448
  -7.45409    -8.09239    -3.95064        3  O         11.6901        452
  -4.68912    10.0049     -3.82544        3  O         11.6927        475
  -5.36238    -4.34455    -9.43971        1  Sr        11.6935         17
  -5.38163   -10.391       0.126016       3  O         11.7026        365
   5.38163    10.391      -0.126016       3  O         11.7026        378
   1.83076    -4.41093    10.6859         2  Ir        11.7045        186
   2.40076    -9.76671    -6.0031         3  O         11.7128        391
   9.89545    -1.41905    -6.12015        3  O         11.7213        435
   1.04071    -2.79668   -11.3389         3  O         11.725         319
   9.37983    -1.6652      6.84366        2  Ir        11.7299        175
  -5.42848    10.407       0.160694       3  O         11.7389        369
   5.42848   -10.407      -0.160694       3  O         11.7389        374
  -8.44449     5.84786    -5.69038        3  O         11.7425        383
  -2.65947     6.34394    -9.5179         3  O         11.7435        265
  -6.19443     3.4758     -9.35802        3  O         11.7484        295
   4.10503    -6.6081      8.8108         3  O         11.7537        429
  -0.322267   11.5783     -2.0284         1  Sr        11.759          66
 -10.0825      4.81336    -3.69076        3  O         11.7663        471
  -6.22856     6.84284    -7.26836        3  O         11.7664        214
  -3.00429    -9.7587     -5.85974        3  O         11.7726        384
   7.08763    -7.0655     -6.22579        1  Sr        11.7863         51
  -0.765952   -6.93124    -9.51871        3  O         11.7998        297
  -2.89073     1.19863   -11.3898         2  Ir        11.8119        125
   9.6849     -6.74399    -0.53702        2  Ir        11.8139         86
  -3.0423     11.2344     -2.08448        3  O         11.8243        443
   0.330571    4.79979    10.8188         3  O         11.8403        481
  -7.98722    -4.41806    -7.55546        2  Ir        11.849         136
   2.39046    11.6073     -0.43769        2  Ir        11.859         100
   2.51433     1.19062   -11.5332         2  Ir        11.864         130
   2.74559     6.33593    -9.66125        3  O         11.8753        272
   3.95135     8.74184     7.00435        2  Ir        11.8783        174
  -8.4616      6.35441     5.42172        3  O         11.89          259
  -0.544844    3.51517   -11.3662         2  Ir        11.9098        111
   1.61391   -11.7279      1.30902        1  Sr        11.9106          8
  -8.3843     -4.4156      7.24081        2  Ir        11.9257        137
   7.63795    -9.08021     1.22736        3  O         11.9287        288
 -11.0972     -4.00423    -1.7677         1  Sr        11.9293         56
   5.06236    -9.55763     5.06118        1  Sr        11.9412         29
  -6.72851     3.80695     9.11485        3  O         11.9518        420
   7.80745     5.95939     6.82808        2  Ir        11.9622        155
   5.44773    -4.36057    -9.72642        1  Sr        11.9706         30
 -10.7984     -5.18349     0.27804        3  O         11.9813        363
  10.7984      5.18349    -0.27804        3  O         11.9813        380
  -1.1135    -11.9275     -0.258979       2  Ir        11.9821         77
   0.989959    9.89289     6.69697        3  O         11.9874        357
  -0.298844    1.17926    -2.04574        1  Sr         2.38013        64
   1.59049    -1.32885     1.32635        1  Sr         2.46064        10
  -1.02807    -1.82458     1.56447        3  O          2.61411       248
   2.41389     1.20829    -0.455029       2  Ir         2.73749        98
  -1.02227    -1.44098    -2.0915         3  O          2.73785       407
   2.20947     1.32683     1.38805        3  O          2.92727       286
   1.20358    -2.56477    -0.75483        3  O          2.93197       236
   1.19187     2.63474    -0.74616        3  O          2.9865        237
  -2.99117     1.2163     -0.311674       2  Ir         3.24401        94
   2.38618     0.827399   -2.24517        3  O          3.37924       446
  -3.01887     0.83541    -2.10182        3  O          3.77215       441
  -3.19559     1.33485     1.53141        3  O          3.78666       282
  -1.14863     3.67107    -0.232971       2  Ir         3.85362        80
  -1.03978     3.37493     1.57314        3  O          3.86602       249
  -2.14059    -0.262852    3.25141        3  O          3.90165       334
  -0.93021    -1.68189     3.4214         2  Ir         3.92428       110
   2.11725     1.19308     3.26307        2  Ir         4.06864       131
   0.739361   -0.40218    -3.98614        3  O          4.07403       478
   0.631919    2.40529     3.46604        3  O          4.26593       322
  -3.81457    -1.32084     1.46971        1  Sr         4.296           5
  -0.811974   -1.4942     -3.95904        2  Ir         4.30882       198
   1.57878     3.87066     1.33502        1  Sr         4.38826        11
  -1.03398     3.75854    -2.08283        3  O          4.41972       408
   0.643631   -2.79422     3.45737        3  O          4.4917        320
   3.26446    -0.270863    3.10806        3  O          4.51554       339
  -0.287132   -4.02025    -2.05441        1  Sr         4.52388        63
   4.26814    -1.53646    -0.384996       2  Ir         4.55257        83
   2.22118    -3.87268     1.37938        3  O          4.67269       285
   2.4256     -3.99123    -0.463699       2  Ir         4.69345        97
   2.21613     0.786126   -4.1017         2  Ir         4.72791       187
  -3.28781     1.20109     3.40642        2  Ir         4.88426       126
   4.37699    -1.83259     1.42111        3  O          4.95338       252
  -4.20147    -2.55676    -0.611475       3  O          4.95614       232
  -2.97946    -3.98322    -0.320344       2  Ir         4.98456        93
  -0.941922    3.51763     3.43007        2  Ir         5.00263       112
  -4.21319     2.64276    -0.602805       3  O          5.00984       233
  -2.07246     2.29862    -4.07666        3  O          5.11839       459
   4.38279    -1.44899    -2.23486        3  O          5.12864       411
  -3.18893     0.794137   -3.95834        2  Ir         5.14475       181
   0.011712   -5.19951    -0.008669       3  O          5.19954       371
  -0.011712    5.19951     0.008669       3  O          5.19954       372
  -3.18388    -3.86467     1.52274        3  O          5.23369       281
  -0.366117    0.849413    5.22187        1  Sr         5.30316        26
  -5.40506     0.008011    0.143355       3  O          5.40696       367
   5.40506    -0.008011   -0.143355       3  O          5.40696       376
  -2.06075    -2.90089    -4.08533        3  O          5.41772       457
   2.3979     -4.37212    -2.25384        3  O          5.47221       445
  -0.823686    3.70531    -3.95037        2  Ir         5.47843       200
   2.12896    -4.00644     3.2544         2  Ir         5.58347       129
   4.25642     3.66305    -0.376326       2  Ir         5.62821        84
  -3.82628     3.87867     1.47838        1  Sr         5.64536         6
   5.10621     1.17125    -2.1891         1  Sr         5.6778         69
  -1.17474    -1.72927     5.28622        3  O          5.68459       300
   4.36528     3.36692     1.42978        3  O          5.69527       253
  -3.00716    -4.3641     -2.11049        3  O          5.70461       440
   2.36022     1.13887     5.12634        3  O          5.75735       271
   4.47485    -1.6899      3.27805        2  Ir         5.79876       115
   3.3326      2.29061    -4.22001        3  O          5.8448        465
  -4.6657     -0.394169   -3.84278        3  O          6.05731       473
  -0.91466    -1.40303    -5.83344        3  O          6.06911       423
   3.34431    -2.9089     -4.22868        3  O          6.126         463
  -5.7039      1.18727    -1.90239        1  Sr         6.12888        60
   4.37108     3.75053    -2.22619        3  O          6.17484       412
  -3.27609    -3.99843     3.39775        2  Ir         6.18587       124
  -3.04483     1.14689     5.2697         3  O          6.19323       264
   0.727649    4.79733    -3.97747        3  O          6.27408       480
  -2.1523      4.93666     3.26008        3  O          6.29533       335
   4.59308    -1.50222    -4.1024         2  Ir         6.33899       204
   2.22784    -4.41339    -4.11037        2  Ir         6.42934       185
  -1.18645     3.47024     5.29489        3  O          6.44097       302
  -4.77314     2.4133      3.6094         3  O          6.45249       316
   2.37734     0.632319   -5.98576        3  O          6.47155       394
   4.46314     3.50962     3.28671        2  Ir         6.56045       116
   1.67086    -1.85798    -6.07376        1  Sr         6.56768        46
  -4.76143    -2.78621     3.60073        3  O          6.58782       315
  -3.02772     0.64033    -5.84241        3  O          6.61141       387
   3.25275     4.92865     3.11673        3  O          6.67727       340
  -2.12888    -5.46237     3.24274        3  O          6.69962       332
  -0.310556    6.37877    -2.03707        1  Sr         6.70335        65
  -6.54198    -1.52044    -0.098286       2  Ir         6.71706        74
  -3.17722    -4.40538    -3.96701        2  Ir         6.72601       180
   1.01338    -0.50614     6.67963        3  O          6.775         354
  -0.354405   -4.3501      5.2132         1  Sr         6.79901        24
  -1.12521    -6.72796    -0.25031        2  Ir         6.826          78
   1.6022     -6.52837     1.31769        1  Sr         6.85003         9
   2.37447     6.02691    -2.2365         3  O          6.85301       447
   2.40218     6.4078     -0.44636        2  Ir         6.85781        99
  -6.42733    -1.43297    -1.94815        3  O          6.86726       403
   5.11792    -4.02827    -2.19777        1  Sr         6.87388        68
   4.23032    -1.73728     5.14287        3  O          6.88206       306
  -6.43312    -1.81657     1.70782        3  O          6.8994        244
   0.751073   -5.60169    -3.99481        3  O          6.9211        477
   2.37194    -4.06064     5.11767        3  O          6.95021       269
  -0.926372    3.79648    -5.82477        3  O          7.01423       425
   2.19775     6.52635     1.39672        3  O          7.02668       287
  -1.01056    -6.64049    -2.10017        3  O          7.03762       406
  -3.03058     6.03492    -2.09315        3  O          7.07008       442
   3.27618    -5.47038     3.09939        3  O          7.08975       338
  -3.00288     6.41581    -0.303005       2  Ir         7.09026        95
   1.65915     3.34154    -6.06509        1  Sr         7.12067        48
   6.60864    -2.57278    -0.898185       3  O          7.14843       240
   6.59693     2.62673    -0.889515       3  O          7.15615       241
   4.58137     3.6973     -4.09373        2  Ir         7.17061       206
   5.03894     0.841401    5.07852        1  Sr         7.20349        33
   6.99555    -1.33686     1.183          1  Sr         7.21972        14
  -5.69219    -4.01224    -1.91106        1  Sr         7.22158        59
  -3.7342     -1.84997    -5.93041        1  Sr         7.24819        39
  -1.01635    -7.02409     1.5558         3  O          7.26577       247
   6.03698     2.39728     3.32269        3  O          7.29605       326
  -3.03312    -4.05263     5.26103        3  O          7.30082       262
   2.4141      0.767888    6.96277        2  Ir         7.4093        149
   6.14442    -0.410191   -4.12949        3  O          7.4145        484
  -3.2073      6.53436     1.54008        3  O          7.44019       283
  -6.21703    -1.48619    -3.81569        2  Ir         7.44444       194
   6.04869    -2.80224     3.31402        3  O          7.44459       325
  -1.43028    -1.64918     7.13037        2  Ir         7.45705       163
  -6.33527    -1.67388     3.56475        2  Ir         7.45955       105
  -6.44484     3.38295     1.71649        3  O          7.47841       245
   2.10554     6.39259     3.27174        2  Ir         7.4835        132
  -5.39335    -5.1915      0.134686       3  O          7.48719       366
   5.39335     5.1915     -0.134686       3  O          7.48719       377
   4.2186      3.46223     5.15154        3  O          7.5048        308
  -5.41677     5.20753     0.152024       3  O          7.51551       368
   5.41677    -5.20753    -0.152024       3  O          7.51551       375
  -6.55369     3.67908    -0.089616       2  Ir         7.51628        75
   2.20441     5.98564    -4.09303        2  Ir         7.57893       189
   4.4904     -1.41104    -5.97679        3  O          7.60768       430
  -0.811795    1.63531    -7.42038        3  O          7.64169       219
  -1.20887     1.63777     7.37588        3  O          7.65162       220
  -3.80286    -6.52036     1.46104        1  Sr         7.68839         4
  -6.43904     3.76655    -1.93948        3  O          7.70777       404
  -4.67741     4.80534    -3.83411        3  O          7.72463       474
  -0.918498   -6.8814      3.41273        2  Ir         7.73589       108
  -2.99096     0.775899    7.10612        2  Ir         7.74886       143
  -3.74591     3.34955    -5.92174        1  Sr         7.76648        41
  -0.800262   -6.69372    -3.96771        2  Ir         7.82234       197
   7.61452     1.31882     1.2447         3  O          7.82749       290
  -3.20064     5.99365    -3.94967        2  Ir         7.85926       183
   1.2153     -7.76428    -0.763499       3  O          7.89582       235
   2.38905    -4.56719    -5.99443        3  O          7.9057        392
  -1.0332     -1.65163    -7.6659         2  Ir         7.90958       162
  -5.77117     0.857424    5.36523        1  Sr         7.92637        20
   7.81895     1.20027    -0.598384       2  Ir         7.93314       102
   1.18016     7.83426    -0.737491       3  O          7.9569        238
  -3.29952     6.4006      3.41509        2  Ir         7.96978       127
   4.27985    -6.73597    -0.393665       2  Ir         7.99033        82
  -0.377829    6.04893     5.23054        1  Sr         8.00568        28
  -3.016      -4.55918    -5.85107        3  O          8.00734       385
   6.98384     3.86265     1.19167        1  Sr         8.06933        15
  -6.34698     3.52564     3.57342        2  Ir         8.0922        106
  -1.44199     3.55034     7.13903        2  Ir         8.10247       165
  -4.39168    -0.498129    6.82299        3  O          8.12946       348
  -2.59388     0.773441   -7.69014        2  Ir         8.15259       142
  -6.22874     3.71332    -3.80702        2  Ir         8.1902        195
   7.79124     0.819387   -2.38853        3  O          8.19023       450
   3.97478    -1.65719     6.98701        2  Ir         8.20752       171
   7.52231     1.18506     3.11971        2  Ir         8.22935       134
   1.00167     4.69337     6.6883         3  O          8.23192       356
  -4.65398    -5.59368    -3.85145        3  O          8.23301       472
   1.41046    -0.508598   -8.11663        3  O          8.25396       353
  -1.19716    -3.56175     7.36721        3  O          8.27013       218
  -7.54565    -0.254841    3.39477        3  O          8.27806       329
  -0.800083   -3.5642     -7.42905        3  O          8.27856       217
   4.3945     -6.6485     -2.24353        3  O          8.27935       410
   2.81118     0.76543    -7.8335         2  Ir         8.35777       148
   4.47868     3.78847    -5.96812        3  O          8.36837       432
   5.05065    -4.35811     5.06985        1  Sr         8.37888        31
   0.620207    7.6048      3.47471        3  O          8.38399       323
   4.3887     -7.0321      1.41244        3  O          8.4087        251
   5.0945      6.37076    -2.18043        1  Sr         8.44363        70
  -8.39623     1.22431    -0.168319       2  Ir         8.48669        90
   2.34851     6.33839     5.13501        3  O          8.48876       273
  -1.04492     3.54788    -7.65723        2  Ir         8.50367       164
   4.19618     1.62976     7.23252        3  O          8.51901       226
   2.42582    -4.43163     6.9541         2  Ir         8.59555       147
  -6.31972    -1.39502    -5.69008        3  O          8.61754       417
   7.62624    -3.88069     1.23603        3  O          8.64564       289
   2.36563     5.83183    -5.97709        3  O          8.67941       396
  -8.42393     0.843421   -1.95846        3  O          8.68962       437
  -6.5798     -1.72126     5.42958        3  O          8.70269       294
   0.655343   -7.99374     3.4487         3  O          8.73057       318
  -7.47752     2.30664    -3.9333         3  O          8.75812       454
   7.62118     0.778115   -4.24505        2  Ir         8.75833       191
  -5.71561     6.38678    -1.89372        1  Sr         8.77755        61
  -2.08417     7.49814    -4.06799        3  O          8.78148       461
  -1.05149     8.57445     1.58181        3  O          8.78231       250
   3.96306     3.54233     6.99568        2  Ir         8.78598       173
  -1.16303    -6.92879     5.27755        3  O          8.78711       298
  -3.03943     5.83984    -5.83374        3  O          8.79627       389
  -3.05654     6.3464      5.27837        3  O          8.8023        266
   6.13271     4.78932    -4.12082        3  O          8.80505       485
   7.83066    -3.99924    -0.607054       2  Ir         8.81372       101
  -4.18976    -7.75627    -0.620144       3  O          8.83733       231
   1.02509    -5.70566     6.67096        3  O          8.83782       352
   4.48656    -6.88941     3.26938        2  Ir         8.84771       114
  -0.902948   -6.60254    -5.84211        3  O          8.86223       421
  -8.60065     1.34286     1.67476        3  O          8.86449       278
  -2.97924    -4.42361     7.09746        2  Ir         8.87796       141
  -7.4658     -2.89288    -3.94197        3  O          8.92447       453
  -4.2249      7.84227    -0.594136       3  O          8.92771       234
  -3.9946     -0.500587   -7.97328        3  O          8.932         347
  -1.16035     8.87058    -0.224302       2  Ir         8.94896        81
  -5.75946    -4.34209     5.35656        1  Sr         8.98431        18
   4.59326     1.6273     -7.56374        3  O          8.99757       225
   1.27378    -1.85552     8.7225         1  Sr         9.00819        47
   1.98026     0.634776    8.8105         3  O          9.05259       395
   7.53402    -4.01445     3.11104        2  Ir         9.08603       133
   4.2079     -3.56976     7.22386        3  O          9.09031       224
   4.37185    -1.65964    -7.80926        2  Ir         9.10231       170
   4.6048     -6.70173    -4.11107        2  Ir         9.11143       203
  -1.31174    -1.40057     8.96283        3  O          9.16594       424
   8.66952    -0.278874    2.9647         3  O          9.16667       343
   6.41844    -0.514152    6.53628        3  O          9.17516       360
   3.32089     7.49013    -4.21134        3  O          9.21226       467
  -6.59151     3.47825     5.43825        3  O          9.22609       296
  -2.58216    -4.42607    -7.69881        2  Ir         9.24821       140
  -1.04569     8.95805    -2.07416        3  O          9.25431       409
   7.80295    -4.38013    -2.3972         3  O          9.26381       449
  -8.38451    -3.97521    -0.176989       2  Ir         9.28082        89
   7.76528     1.13086     4.98299        3  O          9.29562       275
   6.15613    -5.60971    -4.13816        3  O          9.30006       483
   1.56707     9.07018     1.34369        1  Sr         9.30211        12
  -2.04904    -8.1004     -4.094          3  O          9.30462       456
  -6.33143     3.8045     -5.68141        3  O          9.31878       419
   5.02723     6.04092     5.08719        1  Sr         9.3619         34
  -6.53027    -6.71995    -0.106955       2  Ir         9.37089        73
  -4.40339     4.70139     6.83166        3  O          9.38959       350
  -0.953634    8.71714     3.43874        2  Ir         9.41928       113
  -6.41561    -6.63248    -1.95682        3  O          9.43287       402
   1.26207     3.34399     8.73117        1  Sr         9.43443        49
  -8.59399     0.802148   -3.81499        2  Ir         9.43685       177
   2.82289    -4.43408    -7.84216        2  Ir         9.44083       146
   2.23289    -9.0722      1.37071        3  O          9.44295       284
  -9.21962    -1.31283     1.61306        1  Sr         9.45129         2
  -0.27542    -9.21977    -2.06308        1  Sr         9.45179        62
  -8.69286     1.2091      3.54978        2  Ir         9.46724       121
   1.68257    -7.05749    -6.08243        1  Sr         9.46759        44
   1.39875     4.69092    -8.10796        3  O          9.47102       355
   2.40239     5.9674      6.97144        2  Ir         9.4859        151
   2.43731    -9.19074    -0.472368       2  Ir         9.52016        96
   4.60497    -3.57221    -7.57241        3  O          9.55552       223
  -8.58894    -3.85666     1.66609        3  O          9.56135       277
   7.07592    -1.86599    -6.21712        1  Sr         9.60224        52
  -3.4248      0.642788    8.95386        3  O          9.60802       388
   0.030961    0.846955   -9.57439        1  Sr         9.61183        25
   4.36014     3.53987    -7.80058        2  Ir         9.61201       172
   4.24203    -6.9368      5.1342         3  O          9.61634       304
  -7.55736     4.94467     3.40344        3  O          9.65126       330
   7.00726    -6.53638     1.17433        1  Sr         9.65427        13
  -2.96774    -9.18273    -0.329013       2  Ir         9.656          92
  -6.42141    -7.01608     1.69915        3  O          9.66163       243
  -8.41222    -4.35609    -1.96713        3  O          9.67525       436
  -4.78485     7.61282     3.61807        3  O          9.69227       317
  -0.777663   -1.73173    -9.51004        3  O          9.69766       299
  -6.21685     1.64332    -7.27703        3  O          9.71107       212
   4.35357     8.56644     1.43845        3  O          9.7163        254
  -3.17217    -9.06418     1.51407        3  O          9.72185       280
   3.35602    -8.10842    -4.23735        3  O          9.74497       462
  -3.00267     5.97541     7.11479        2  Ir         9.76432       145
  -0.835398    8.90482    -3.9417         2  Ir         9.77399       202
   7.6329     -4.4214     -4.25372        2  Ir         9.79306       190
   9.67319    -1.54447    -0.528351       2  Ir         9.80995        87
   4.09332    -1.40858     8.81947        3  O          9.82458       431
  -1.32345     3.79894     8.9715         3  O          9.83215       426
   4.24471     8.86257    -0.367657       2  Ir         9.83351        85
  -6.20532    -6.68571    -3.82436        2  Ir         9.89092       193
  -7.53394    -5.45435     3.3861         3  O          9.89828       328
  -4.37996    -5.69764     6.81432        3  O          9.90364       346
   7.7824      0.624308   -6.12911        3  O          9.9258        399
  -3.72249    -7.04948    -5.93908        1  Sr         9.94106        38
  -9.60653    -2.54875    -0.46812        3  O          9.94991       229
  -5.78289     6.05694     5.3739         1  Sr         9.95023        21
  -2.64775     1.14443    -9.52657        3  O          9.95368       263
  -4.13128    -1.84751     8.86586        1  Sr         9.9541         40
  -4.74971    -7.98573     3.59206        3  O          9.96165       314
  -3.83799     9.07819     1.48705        1  Sr         9.9677          7
   7.06421     3.33352    -6.20845        1  Sr         9.97799        54
  -1.41857    -6.84869     7.1217         2  Ir         9.98176       161
  -9.61824     2.65077    -0.45945        3  O          9.9874        230
   4.50211    -6.61056    -5.98546        3  O          9.9897        428
   2.14068    -9.20595     3.24573        2  Ir         9.99334       128
  -6.32355    -6.87339     3.55608        2  Ir         9.99383       104
END
