 # r       w_scrn(r)      v_ch(r)
    0.1507330463E-03    0.5708580193E+01    0.7654760892E+01
    0.1584612949E-03    0.5708580090E+01    0.7654760786E+01
    0.1665857792E-03    0.5708579876E+01    0.7654760570E+01
    0.1751268148E-03    0.5708579547E+01    0.7654760235E+01
    0.1841057586E-03    0.5708579094E+01    0.7654759774E+01
    0.1935450626E-03    0.5708578508E+01    0.7654759179E+01
    0.2034683302E-03    0.5708577780E+01    0.7654758440E+01
    0.2139003746E-03    0.5708576899E+01    0.7654757544E+01
    0.2248672813E-03    0.5708575852E+01    0.7654756481E+01
    0.2363964733E-03    0.5708574626E+01    0.7654755236E+01
    0.2485167797E-03    0.5708573206E+01    0.7654753793E+01
    0.2612585075E-03    0.5708571573E+01    0.7654752135E+01
    0.2746535176E-03    0.5708569710E+01    0.7654750242E+01
    0.2887353046E-03    0.5708567595E+01    0.7654748093E+01
    0.3035390802E-03    0.5708565204E+01    0.7654745664E+01
    0.3191018616E-03    0.5708562511E+01    0.7654742928E+01
    0.3354625639E-03    0.5708559487E+01    0.7654739855E+01
    0.3526620974E-03    0.5708556099E+01    0.7654736414E+01
    0.3707434697E-03    0.5708552312E+01    0.7654732567E+01
    0.3897518939E-03    0.5708548087E+01    0.7654728274E+01
    0.4097349008E-03    0.5708543378E+01    0.7654723491E+01
    0.4307424584E-03    0.5708538139E+01    0.7654718168E+01
    0.4528270965E-03    0.5708532315E+01    0.7654712251E+01
    0.4760440382E-03    0.5708525847E+01    0.7654705680E+01
    0.5004513380E-03    0.5708518669E+01    0.7654698388E+01
    0.5261100268E-03    0.5708510709E+01    0.7654690301E+01
    0.5530842647E-03    0.5708501886E+01    0.7654681337E+01
    0.5814415013E-03    0.5708492111E+01    0.7654671407E+01
    0.6112526445E-03    0.5708481288E+01    0.7654660412E+01
    0.6425922378E-03    0.5708469307E+01    0.7654648240E+01
    0.6755386463E-03    0.5708456049E+01    0.7654634771E+01
    0.7101742534E-03    0.5708441382E+01    0.7654619871E+01
    0.7465856660E-03    0.5708425161E+01    0.7654603391E+01
    0.7848639316E-03    0.5708407223E+01    0.7654585168E+01
    0.8251047659E-03    0.5708387392E+01    0.7654565021E+01
    0.8674087919E-03    0.5708365471E+01    0.7654542750E+01
    0.9118817916E-03    0.5708341243E+01    0.7654518137E+01
    0.9586349708E-03    0.5708314469E+01    0.7654490937E+01
    0.1007785237E-02    0.5708284885E+01    0.7654460882E+01
    0.1059455491E-02    0.5708252199E+01    0.7654427676E+01
    0.1113774935E-02    0.5708216090E+01    0.7654390992E+01
    0.1170879397E-02    0.5708176203E+01    0.7654350470E+01
    0.1230911668E-02    0.5708132147E+01    0.7654305712E+01
    0.1294021859E-02    0.5708083488E+01    0.7654256278E+01
    0.1360367778E-02    0.5708029751E+01    0.7654201685E+01
    0.1430115326E-02    0.5707970408E+01    0.7654141399E+01
    0.1503438906E-02    0.5707904882E+01    0.7654074829E+01
    0.1580521867E-02    0.5707832531E+01    0.7654001326E+01
    0.1661556956E-02    0.5707752650E+01    0.7653920173E+01
    0.1746746803E-02    0.5707664461E+01    0.7653830581E+01
    0.1836304427E-02    0.5707567107E+01    0.7653731677E+01
    0.1930453768E-02    0.5707459642E+01    0.7653622501E+01
    0.2029430249E-02    0.5707341025E+01    0.7653501995E+01
    0.2133481363E-02    0.5707210105E+01    0.7653368991E+01
    0.2242867292E-02    0.5707065619E+01    0.7653222205E+01
    0.2357861557E-02    0.5706906172E+01    0.7653060219E+01
    0.2478751704E-02    0.5706730227E+01    0.7652881473E+01
    0.2605840021E-02    0.5706536092E+01    0.7652684248E+01
    0.2739444296E-02    0.5706321905E+01    0.7652466651E+01
    0.2879898609E-02    0.5706085613E+01    0.7652226597E+01
    0.3027554168E-02    0.5705824959E+01    0.7651961793E+01
    0.3182780189E-02    0.5705537455E+01    0.7651669713E+01
    0.3345964819E-02    0.5705220368E+01    0.7651347578E+01
    0.3517516104E-02    0.5704870687E+01    0.7650992330E+01
    0.3697863011E-02    0.5704485102E+01    0.7650600607E+01
    0.3887456502E-02    0.5704059973E+01    0.7650168710E+01
    0.4086770659E-02    0.5703591298E+01    0.7649692575E+01
    0.4296303871E-02    0.5703074679E+01    0.7649167731E+01
    0.4516580081E-02    0.5702505281E+01    0.7648589269E+01
    0.4748150094E-02    0.5701877797E+01    0.7647951796E+01
    0.4991592955E-02    0.5701186395E+01    0.7647249389E+01
    0.5247517398E-02    0.5700424677E+01    0.7646475545E+01
    0.5516563369E-02    0.5699585617E+01    0.7645623129E+01
    0.5799403621E-02    0.5698661511E+01    0.7644684313E+01
    0.6096745403E-02    0.5697643910E+01    0.7643650515E+01
    0.6409332224E-02    0.5696523553E+01    0.7642512324E+01
    0.6737945714E-02    0.5695290290E+01    0.7641259433E+01
    0.7083407578E-02    0.5693933010E+01    0.7639880549E+01
    0.7446581651E-02    0.5692439545E+01    0.7638363314E+01
    0.7828376056E-02    0.5690796584E+01    0.7636694203E+01
    0.8229745479E-02    0.5688989569E+01    0.7634858430E+01
    0.8651693553E-02    0.5687002591E+01    0.7632839829E+01
    0.9095275367E-02    0.5684818268E+01    0.7630620744E+01
    0.9561600107E-02    0.5682417631E+01    0.7628181902E+01
    0.1005183383E-01    0.5679779976E+01    0.7625502275E+01
    0.1056720237E-01    0.5676882742E+01    0.7622558937E+01
    0.1110899442E-01    0.5673701340E+01    0.7619326914E+01
    0.1167856474E-01    0.5670209014E+01    0.7615779019E+01
    0.1227733756E-01    0.5666376646E+01    0.7611885680E+01
    0.1290681012E-01    0.5662172610E+01    0.7607614757E+01
    0.1356855642E-01    0.5657562544E+01    0.7602931354E+01
    0.1426423119E-01    0.5652509196E+01    0.7597797616E+01
    0.1499557396E-01    0.5646972171E+01    0.7592172519E+01
    0.1576441348E-01    0.5640907768E+01    0.7586011655E+01
    0.1657267224E-01    0.5634268705E+01    0.7579267006E+01
    0.1742237132E-01    0.5627003946E+01    0.7571886710E+01
    0.1831563540E-01    0.5619058409E+01    0.7563814830E+01
    0.1925469810E-01    0.5610372801E+01    0.7554991111E+01
    0.2024190758E-01    0.5600883300E+01    0.7545350741E+01
    0.2127973238E-01    0.5590521410E+01    0.7534824115E+01
    0.2237076759E-01    0.5579213635E+01    0.7523336597E+01
    0.2351774137E-01    0.5566881365E+01    0.7510808300E+01
    0.2472352175E-01    0.5553440546E+01    0.7497153872E+01
    0.2599112382E-01    0.5538801624E+01    0.7482282299E+01
    0.2732371724E-01    0.5522869228E+01    0.7466096740E+01
    0.2872463418E-01    0.5505542195E+01    0.7448494377E+01
    0.3019737766E-01    0.5486713284E+01    0.7429366319E+01
    0.3174563032E-01    0.5466269323E+01    0.7408597533E+01
    0.3337326359E-01    0.5444090973E+01    0.7386066845E+01
    0.3508434741E-01    0.5420053038E+01    0.7361646988E+01
    0.3688316037E-01    0.5394024319E+01    0.7335204737E+01
    0.3877420044E-01    0.5365868115E+01    0.7306601114E+01
    0.4076219620E-01    0.5335442222E+01    0.7275691705E+01
    0.4285211869E-01    0.5302599677E+01    0.7242327065E+01
    0.4504919380E-01    0.5267188934E+01    0.7206353261E+01
    0.4735891536E-01    0.5229054900E+01    0.7167612535E+01
    0.4978705887E-01    0.5188039360E+01    0.7125944116E+01
    0.5233969597E-01    0.5143982329E+01    0.7081185186E+01
    0.5502320956E-01    0.5096722795E+01    0.7033172016E+01
    0.5784430984E-01    0.5046100398E+01    0.6981741274E+01
    0.6081005103E-01    0.4991956571E+01    0.6926731515E+01
    0.6392784901E-01    0.4934136541E+01    0.6867984862E+01
    0.6720549992E-01    0.4872490931E+01    0.6805348874E+01
    0.7065119958E-01    0.4806878019E+01    0.6738678599E+01
    0.7427356405E-01    0.4737165897E+01    0.6667838802E+01
    0.7808165111E-01    0.4663234848E+01    0.6592706365E+01
    0.8208498297E-01    0.4584980147E+01    0.6513172828E+01
    0.8629357004E-01    0.4502314339E+01    0.6429147046E+01
    0.9071793599E-01    0.4415170756E+01    0.6340557938E+01
    0.9536914403E-01    0.4323505377E+01    0.6247357273E+01
    0.1002588246E+00    0.4227301135E+01    0.6149522455E+01
    0.1053992045E+00    0.4126568926E+01    0.6047059233E+01
    0.1108031372E+00    0.4021352776E+01    0.5940004291E+01
    0.1164841356E+00    0.3911729399E+01    0.5828427622E+01
    0.1224564049E+00    0.3797814350E+01    0.5712434629E+01
    0.1287348790E+00    0.3679759452E+01    0.5592167846E+01
    0.1353352574E+00    0.3557760038E+01    0.5467808215E+01
    0.1422740444E+00    0.3432049379E+01    0.5339575826E+01
    0.1495685907E+00    0.3302907289E+01    0.5207730034E+01
    0.1572371363E+00    0.3170650748E+01    0.5072568887E+01
    0.1652988567E+00    0.3035644064E+01    0.4934427804E+01
    0.1737739103E+00    0.2898284728E+01    0.4793677460E+01
    0.1826834892E+00    0.2759015742E+01    0.4650720839E+01
    0.1920498720E+00    0.2618305983E+01    0.4505989473E+01
    0.2018964795E+00    0.2476665138E+01    0.4359938889E+01
    0.2122479333E+00    0.2334617755E+01    0.4213043302E+01
    0.2231301176E+00    0.2192721909E+01    0.4065789680E+01
    0.2345702434E+00    0.2051536594E+01    0.3918671263E+01
    0.2465969169E+00    0.1911644839E+01    0.3772180712E+01
    0.2592402112E+00    0.1773613931E+01    0.3626803060E+01
    0.2725317411E+00    0.1638024645E+01    0.3483008652E+01
    0.2865047422E+00    0.1505424481E+01    0.3341246303E+01
    0.3011941545E+00    0.1376363649E+01    0.3201936884E+01
    0.3166367090E+00    0.1251341160E+01    0.3065467533E+01
    0.3328710202E+00    0.1130849354E+01    0.2932186713E+01
    0.3499376824E+00    0.1015313539E+01    0.2802400252E+01
    0.3678793710E+00    0.9051447687E+00    0.2676368513E+01
    0.3867409497E+00    0.8006732629E+00    0.2554304767E+01
    0.4065695822E+00    0.7022104593E+00    0.2436374788E+01
    0.4274148504E+00    0.6099776436E+00    0.2322697654E+01
    0.4493288784E+00    0.5241749331E+00    0.2213347663E+01
    0.4723664626E+00    0.4449061817E+00    0.2108357228E+01
    0.4965852091E+00    0.3722545290E+00    0.2007720585E+01
    0.5220456772E+00    0.3062061988E+00    0.1911398099E+01
    0.5488115314E+00    0.2467280015E+00    0.1819320967E+01
    0.5769497003E+00    0.1936924561E+00    0.1731396072E+01
    0.6065305440E+00    0.1469559433E+00    0.1647510806E+01
    0.6376280300E+00    0.1062888041E+00    0.1567537671E+01
    0.6703199182E+00    0.7144852621E-01    0.1491338508E+01
    0.7046879553E+00    0.4211787770E-01    0.1418768261E+01
    0.7408180794E+00    0.1797220221E-01    0.1349678201E+01
    0.7788006345E+00   -0.1371617005E-02    0.1283918596E+01
    0.8187305969E+00   -0.1629845806E-01    0.1221340837E+01
    0.8607078123E+00   -0.2723360951E-01    0.1161799058E+01
    0.9048372455E+00   -0.3459630658E-01    0.1105151316E+01
    0.9512292431E+00   -0.3882611095E-01    0.1051260386E+01
    0.9999998093E+00   -0.4034916610E-01    0.9999942623E+00
    0.1051270896E+01   -0.3959327178E-01    0.9512264161E+00
    0.1105170707E+01   -0.3696517747E-01    0.9048358828E+00
    0.1161834021E+01   -0.3285699381E-01    0.8607072255E+00
    0.1221402525E+01   -0.2763427491E-01    0.8187304152E+00
    0.1284025172E+01   -0.2163587711E-01    0.7788006611E+00
    0.1349858550E+01   -0.1517021297E-01    0.7408182109E+00
    0.1419067278E+01   -0.8511870744E-02    0.7046881378E+00
    0.1491824413E+01   -0.1903471078E-02    0.6703201234E+00
    0.1568311886E+01    0.4448924615E-02    0.6376282431E+00
    0.1648720956E+01    0.1037105532E-01    0.6065307572E+00
    0.1733252687E+01    0.1572363457E-01    0.5769499094E+00
    0.1822118453E+01    0.2039863136E-01    0.5488117341E+00
    0.1915540464E+01    0.2431711070E-01    0.5220458724E+00
    0.2013752323E+01    0.2742697737E-01    0.4965853963E+00
    0.2116999613E+01    0.2970133348E-01    0.4723666417E+00
    0.2225540504E+01    0.3117554260E-01    0.4493290493E+00
    0.2339646406E+01    0.3190291214E-01    0.4274150134E+00
    0.2459602642E+01    0.3195038704E-01    0.4065697374E+00
    0.2585709166E+01    0.3139704121E-01    0.3867410974E+00
    0.2718281310E+01    0.3033218933E-01    0.3678795116E+00
