ATOMS
  *       x          y           z    ipot  Atom      Distance    Number
**********-  ********-  **********  ******  ******  **********  ********
   0           0          0              0  O          0               0
   6.98833     0          7.15907        3  O         10.0044        401
  -8.175      -4.72727    3.40182        3  O         10.0374        577
  -8.175       4.72727    3.40182        3  O         10.0374        583
  -6.21151    -7.87879    0.39478        3  O         10.0406        436
  -6.21151     7.87879    0.39478        3  O         10.0406        443
  -3.1491     -9.45454    1.32703        2  Ir        10.0532        129
  -3.1491      9.45454    1.32703        2  Ir        10.0532        141
  -1.03347    -9.45454    3.35627        3  O         10.0857        562
  -1.03347     9.45454    3.35627        3  O         10.0857        574
   8.77769    -4.72727    1.70339        3  O         10.1142        305
   8.77769     4.72727    1.70339        3  O         10.1142        308
  -0.919274   -4.72727    8.91132        2  Ir        10.1294        224
  -0.919274    4.72727    8.91132        2  Ir        10.1294        233
  -6.19347    -3.15151   -7.37901        1  Sr        10.1361         18
  -6.19347     3.15151   -7.37901        1  Sr        10.1361         22
  -9.26176     0          4.25634        2  Ir        10.193          75
  -5.83411    -3.15151    7.74273        3  O         10.1941        388
  -5.83411     3.15151    7.74273        3  O         10.1941        392
   9.67335    -3.15151    0.743365       2  Ir        10.2009        143
   9.67335     3.15151    0.743365       2  Ir        10.2009        145
  -3.95904     0          9.40941        3  O         10.2084        352
  -3.99998    -9.45454   -0.4633         3  O         10.2763        344
  -3.99998     9.45454   -0.4633         3  O         10.2763        358
   2.69395    -9.45454   -2.99932        3  O         10.2782        455
   2.69395     9.45454   -2.99932        3  O         10.2782        466
   6.61093    -7.87879   -0.188888       3  O         10.2867        444
   6.61093     7.87879   -0.188888       3  O         10.2867        451
  -2.56516    -7.87879   -6.12354        2  Ir        10.3031         54
  -2.56516     7.87879   -6.12354        2  Ir        10.3031         64
  -1.68396    -6.30303    7.98914        3  O         10.3146        312
  -1.68396     6.30303    7.98914        3  O         10.3146        321
   4.83847    -4.72727    7.81408        3  O         10.3353        336
   4.83847     4.72727    7.81408        3  O         10.3353        342
   6.62897     0         -7.96268        1  Sr        10.3609         31
  -0.040938   -3.15151   -9.87271        3  O         10.3636        424
   0.040938   -3.15151    9.87271        3  O         10.3636        426
  -0.040938    3.15151   -9.87271        3  O         10.3636        429
   0.040938    3.15151    9.87271        3  O         10.3636        431
   2.28148    -6.30303   -7.91316        3  O         10.3707        279
   2.28148     6.30303   -7.91316        3  O         10.3707        287
   5.66008     0          8.69324        2  Ir        10.3735        214
   4.46699     0         -9.38071        3  O         10.39          495
 -10.1285      0         -2.41565        3  O         10.4126        453
   0.46156    -9.45454   -4.36595        1  Sr        10.4242          1
   0.46156     9.45454   -4.36595        1  Sr        10.4242         13
   9.19278    -3.15151    3.87317        3  O         10.4614        539
   9.19278     3.15151    3.87317        3  O         10.4614        543
  -2.74944    -9.45454   -3.54557        2  Ir        10.4651         93
  -2.74944     9.45454   -3.54557        2  Ir        10.4651        105
  -8.07525    -3.15151    5.89196        3  O         10.4813        240
  -8.07525     3.15151    5.89196        3  O         10.4813        244
   4.50793    -9.45454    0.492004       3  O         10.4858        490
   4.50793     9.45454    0.492004       3  O         10.4858        502
  -8.31452    -6.30303    1.07567        3  O         10.4889        485
  -8.31452     6.30303    1.07567        3  O         10.4889        489
   6.98833    -3.15151    7.15907        3  O         10.4891        399
   6.98833     3.15151    7.15907        3  O         10.4891        403
   3.37208    -4.72727   -8.76591        2  Ir        10.5147        153
   3.37208     4.72727   -8.76591        2  Ir        10.5147        161
  -2.12309    -4.72727   -9.21245        3  O         10.5699        505
  -2.12309     4.72727   -9.21245        3  O         10.5699        514
  -8.21594    -1.57576   -6.47089        3  O         10.5763        578
  -8.21594     1.57576   -6.47089        3  O         10.5763        580
 -10.529      -1.57576    0.094086       3  O         10.6467        365
 -10.529       1.57576    0.094086       3  O         10.6467        366
   1.56713    -6.30303    8.4486         2  Ir        10.6566        170
   1.56713     6.30303    8.4486         2  Ir        10.6566        181
  -9.40943    -4.72727    1.69047        2  Ir        10.665         147
  -9.40943     4.72727    1.69047        2  Ir        10.665         150
  -9.26176    -3.15151    4.25634        2  Ir        10.6691         73
  -9.26176     3.15151    4.25634        2  Ir        10.6691         77
  -3.95904    -3.15151    9.40941        3  O         10.6838        349
  -3.95904     3.15151    9.40941        3  O         10.6838        355
  -9.07578    -4.72727   -3.0882         2  Ir        10.689         111
  -9.07578     4.72727   -3.0882         2  Ir        10.689         116
   3.78761    -7.87879    6.20084        2  Ir        10.7178        118
   3.78761     7.87879    6.20084        2  Ir        10.7178        128
   2.25251    -1.57576  -10.3623         3  O         10.7207        373
   2.25251     1.57576  -10.3623         3  O         10.7207        376
   3.56069    -9.45454    3.67268        2  Ir        10.7497         80
   3.56069     9.45454    3.67268        2  Ir        10.7497         92
   8.9933     -4.72727   -3.53444        3  O         10.7573        479
   8.9933      4.72727   -3.53444        3  O         10.7573        484
   2.33439    -4.72727    9.38313        3  O         10.7629        372
   2.33439     4.72727    9.38313        3  O         10.7629        381
 -10.5         0          2.54322        3  O         10.8036        276
   6.62897    -3.15151   -7.96268        1  Sr        10.8296         29
   6.62897     3.15151   -7.96268        1  Sr        10.8296         33
   5.66008    -3.15151    8.69324        2  Ir        10.8416        212
   5.66008     3.15151    8.69324        2  Ir        10.8416        216
  -2.04121    -1.57576   10.533          3  O         10.844         510
  -2.04121     1.57576   10.533          3  O         10.844         513
  10.7403     -1.57576    0.076594       3  O         10.8555        520
  10.7403      1.57576    0.076594       3  O         10.8555        521
   4.46699    -3.15151   -9.38071        3  O         10.8574        492
   4.46699     3.15151   -9.38071        3  O         10.8574        498
  -9.3027      0         -5.61637        2  Ir        10.8666         74
   0.607028   -7.87879    7.46371        3  O         10.8697        408
   0.607028    7.87879    7.46371        3  O         10.8697        418
 -10.1285     -3.15151   -2.41565        3  O         10.8791        452
 -10.1285      3.15151   -2.41565        3  O         10.8791        454
  10.073       0         -4.12924        2  Ir        10.8865        108
  10.2982     -1.57576    3.1655         2  Ir        10.8884         68
  10.2982      1.57576    3.1655         2  Ir        10.8884         69
   8.82247    -6.30303   -1.04697        3  O         10.8931        359
   8.82247     6.30303   -1.04697        3  O         10.8931        363
  -4.83479    -4.72727    8.57753        2  Ir        10.9223        185
  -4.83479     4.72727    8.57753        2  Ir        10.9223        191
   9.15184     0         -5.99953        3  O         10.9431        540
   0.502499   -9.45454    5.50676        1  Sr        10.9529          2
   0.502499    9.45454    5.50676        1  Sr        10.9529         14
  -1.00115    -1.57576  -10.8341         2  Ir        10.9938        225
  -1.00115     1.57576  -10.8341         2  Ir        10.9938        228
  -8.11619    -6.30303   -3.98075        3  O         11.0203        237
  -8.11619     6.30303   -3.98075        3  O         11.0203        245
   5.61914    -9.45454   -1.17947        2  Ir        11.0614        209
   5.61914     9.45454   -1.17947        2  Ir        11.0614        218
  -3.62966    -9.45454    4.45684        3  O         11.0646        524
  -3.62966     9.45454    4.45684        3  O         11.0646        536
  -3.19004    -6.30303   -8.54568        2  Ir        11.0875        130
  -3.19004     6.30303   -8.54568        2  Ir        11.0875        139
  -4.04092     0        -10.336          3  O         11.0978        350
  -0.960213  -11.0303    -0.96139        2  Ir        11.1137        219
  -0.960213   11.0303    -0.96139        2  Ir        11.1137        236
   9.03424    -1.57576    6.33827        3  O         11.1478        481
   9.03424     1.57576    6.33827        3  O         11.1478        483
  -3.78821    -7.87879    6.92194        3  O         11.1507        468
  -3.78821     7.87879    6.92194        3  O         11.1507        478
   0.241746  -11.0303     1.91458        1  Sr        11.1978         37
   0.241746   11.0303     1.91458        1  Sr        11.1978         52
   0.200808   -7.87879   -7.95813        1  Sr        11.2003         38
   0.200808    7.87879   -7.95813        1  Sr        11.2003         50
  -2.08215   -11.0303     0.660263       3  O         11.2445        503
  -2.08215    11.0303     0.660263       3  O         11.2445        518
 -10.5        -3.15151    2.54322        3  O         11.2539        275
 -10.5         3.15151    2.54322        3  O         11.2539        277
   2.29345   -11.0303    -0.489582       3  O         11.2768        368
   2.29345    11.0303    -0.489582       3  O         11.2768        383
   0.56609   -11.0303    -2.409          3  O         11.3045        406
   0.56609    11.0303    -2.409          3  O         11.3045        419
  -9.3027     -3.15151   -5.61637        2  Ir        11.3144         72
  -9.3027      3.15151   -5.61637        2  Ir        11.3144         76
   4.54887     0         10.3647         3  O         11.319         497
 -11.2963      0         -0.840441       2  Ir        11.3275        166
  -5.87505    -9.45454   -2.12998        3  O         11.3332        384
  -5.87505     9.45454   -2.12998        3  O         11.3332        395
  10.073      -3.15151   -4.12924        2  Ir        11.3335        107
  10.073       3.15151   -4.12924        2  Ir        11.3335        110
  -8.02491    -7.87879   -1.47497        3  O         11.3424        326
  -8.02491     7.87879   -1.47497        3  O         11.3424        333
   7.94672    -7.87879   -1.87885        2  Ir        11.3471        193
   7.94672     7.87879   -1.87885        2  Ir        11.3471        200
  11.0975      0         -2.46724        3  O         11.3685        324
   9.15184    -3.15151   -5.99953        3  O         11.3878        538
   9.15184     3.15151   -5.99953        3  O         11.3878        542
   1.48525     0        -11.2968         2  Ir        11.394         174
  -9.03484    -1.57576    6.78451        2  Ir        11.4079        113
  -9.03484     1.57576    6.78451        2  Ir        11.4079        115
   7.98766    -1.57576    7.99386        2  Ir        11.41          196
   7.98766     1.57576    7.99386        2  Ir        11.41          198
  -6.25245    -1.57576   -9.47793        3  O         11.4633        438
  -6.25245     1.57576   -9.47793        3  O         11.4633        440
  -8.21594    -4.72727   -6.47089        3  O         11.477         576
  -8.21594     4.72727   -6.47089        3  O         11.477         582
  -3.6706     -9.45454   -5.41587        3  O         11.4975        523
  -3.6706      9.45454   -5.41587        3  O         11.4975        535
   4.70626    -9.45454   -4.56442        3  O         11.5053        247
   4.70626     9.45454   -4.56442        3  O         11.5053        259
  -6.19347    -6.30303   -7.37901        1  Sr        11.5125         16
  -6.19347     6.30303   -7.37901        1  Sr        11.5125         24
  -1.07441    -9.45454   -6.51644        3  O         11.5329        561
  -1.07441     9.45454   -6.51644        3  O         11.5329        573
   4.60651    -7.87879   -7.05456        3  O         11.5353        585
   4.60651     7.87879   -7.05456        3  O         11.5353        595
  -4.04092    -3.15151  -10.336          3  O         11.5366        347
  -4.04092     3.15151  -10.336          3  O         11.5366        353
 -10.529      -4.72727    0.094086       3  O         11.5419        364
 -10.529       4.72727    0.094086       3  O         11.5419        367
  -6.15253    -9.45454    2.4937         1  Sr        11.5525         15
  -6.15253     9.45454    2.4937         1  Sr        11.5525         26
  -5.83411    -6.30303    7.74273        3  O         11.5635        386
  -5.83411     6.30303    7.74273        3  O         11.5635        394
   9.67335    -6.30303    0.743365       2  Ir        11.5695        142
   9.67335     6.30303    0.743365       2  Ir        11.5695        146
 -10.4345     -1.57576   -4.79292        3  O         11.5903        545
 -10.4345      1.57576   -4.79292        3  O         11.5903        547
   3.41302   -11.0303     1.1068         2  Ir        11.5992        151
   3.41302    11.0303     1.1068         2  Ir        11.5992        164
   2.25251    -4.72727  -10.3623         3  O         11.6103        370
   2.25251     4.72727  -10.3623         3  O         11.6103        379
   3.45396    -1.57576   10.9795         2  Ir        11.6173        157
   3.45396     1.57576   10.9795         2  Ir        11.6173        160
  -3.10816     0         11.1997         2  Ir        11.623         136
  10.1139      0          5.74347        2  Ir        11.631         109
  -4.08569    -7.87879   -7.58565        3  O         11.6752        291
  -4.08569     7.87879   -7.58565        3  O         11.6752        301
 -10.3936     -1.57576    5.07979        3  O         11.6754        546
 -10.3936      1.57576    5.07979        3  O         11.6754        548
  -7.98397    -1.57576    8.39774        3  O         11.694         329
  -7.98397     1.57576    8.39774        3  O         11.694         331
  -2.7085     -9.45454    6.32714        2  Ir        11.6943         94
  -2.7085      9.45454    6.32714        2  Ir        11.6943        106
  -0.040938   -6.30303   -9.87271        3  O         11.7133        421
   0.040938   -6.30303    9.87271        3  O         11.7133        423
  -0.040938    6.30303   -9.87271        3  O         11.7133        432
   0.040938    6.30303    9.87271        3  O         11.7133        434
  -7.16236     0          9.27691        2  Ir        11.7201        205
  -2.04121    -4.72727   10.533          3  O         11.7242        507
  -2.04121     4.72727   10.533          3  O         11.7242        516
   6.66991    -9.45454    1.91003        1  Sr        11.7271         27
   6.66991     9.45454    1.91003        1  Sr        11.7271         36
  10.7403     -4.72727    0.076594       3  O         11.7349        519
  10.7403      4.72727    0.076594       3  O         11.7349        522
   4.54887    -3.15151   10.3647         3  O         11.7495        494
   4.54887     3.15151   10.3647         3  O         11.7495        500
 -11.2963     -3.15151   -0.840441       2  Ir        11.7577        165
 -11.2963      3.15151   -0.840441       2  Ir        11.7577        167
  10.2982     -4.72727    3.1655         2  Ir        11.7652         67
  10.2982      4.72727    3.1655         2  Ir        11.7652         70
  11.0975     -3.15151   -2.46724        3  O         11.7972        323
  11.0975      3.15151   -2.46724        3  O         11.7972        325
   9.19278    -6.30303    3.87317        3  O         11.7999        537
   9.19278     6.30303    3.87317        3  O         11.7999        544
  -8.07525    -6.30303    5.89196        3  O         11.8175        238
  -8.07525     6.30303    5.89196        3  O         11.8175        246
   1.48525    -3.15151  -11.2968         2  Ir        11.8218        171
   1.48525     3.15151  -11.2968         2  Ir        11.8218        177
   6.98833    -6.30303    7.15907        3  O         11.8244        397
   6.98833     6.30303    7.15907        3  O         11.8244        405
   4.7472     -9.45454    5.30829        3  O         11.8365        248
   4.7472      9.45454    5.30829        3  O         11.8365        260
   3.51975    -9.45454   -6.20003        2  Ir        11.8413         79
   3.51975     9.45454   -6.20003        2  Ir        11.8413         91
  -8.175      -7.87879    3.40182        3  O         11.8524        575
  -8.175       7.87879    3.40182        3  O         11.8524        584
   6.65187    -1.57576    9.68382        3  O         11.8536        447
   6.65187     1.57576    9.68382        3  O         11.8536        449
  -1.00115    -4.72727  -10.8341         2  Ir        11.8628        222
  -1.00115     4.72727  -10.8341         2  Ir        11.8628        231
  -1.76584     0        -11.7563         3  O         11.8882        315
   0.282685   -1.57576   11.7873         1  Sr        11.8955         44
   0.282685    1.57576   11.7873         1  Sr        11.8955         47
  -7.2033     -9.45454   -0.595798       2  Ir        11.9009        201
  -7.2033      9.45454   -0.595798       2  Ir        11.9009        208
   8.77769    -7.87879    1.70339        3  O         11.9174        304
   8.77769     7.87879    1.70339        3  O         11.9174        309
  -2.52422   -11.0303     3.74917        2  Ir        11.9204         53
  -2.52422    11.0303     3.74917        2  Ir        11.9204         66
  -0.919274   -7.87879    8.91132        2  Ir        11.9303        221
  -0.919274    7.87879    8.91132        2  Ir        11.9303        235
  -1.58571   -11.0303    -4.33449        3  O         11.957         261
  -1.58571    11.0303    -4.33449        3  O         11.957         274
  -4.04475   -11.0303     2.28706        3  O         11.9691        290
  -4.04475    11.0303     2.28706        3  O         11.9691        303
  -9.26176    -6.30303    4.25634        2  Ir        11.9844         71
  -9.26176     6.30303    4.25634        2  Ir        11.9844         78
  -3.95904    -6.30303    9.40941        3  O         11.9975        346
  -3.95904     6.30303    9.40941        3  O         11.9975        357
  -0.960213   -1.57576   -0.96139        2  Ir         2.08069       226
  -0.960213    1.57576   -0.96139        2  Ir         2.08069       229
   1.52619     0         -1.42411        2  Ir         2.08743       175
   0.241746   -1.57576    1.91458        1  Sr         2.4914         43
   0.241746    1.57576    1.91458        1  Sr         2.4914         46
  -1.7249      0         -1.88357        3  O          2.55403       316
  -2.08215    -1.57576    0.660263       3  O          2.69338       509
  -2.08215     1.57576    0.660263       3  O          2.69338       512
   2.29345    -1.57576   -0.489582       3  O          2.82535       374
   2.29345     1.57576   -0.489582       3  O          2.82535       377
   0.56609    -1.57576   -2.409          3  O          2.93373       411
   0.56609     1.57576   -2.409          3  O          2.93373       413
   2.32242     0          1.95955        3  O          3.03866       284
   0          -3.15151    0              3  O          3.15151       425
   0           3.15151    0              3  O          3.15151       430
  -3.1491      0          1.32703        2  Ir         3.41729       135
  -1.03347     0          3.35627        3  O          3.51178       568
   1.52619    -3.15151   -1.42411        2  Ir         3.78013       172
   1.52619     3.15151   -1.42411        2  Ir         3.78013       178
   3.41302    -1.57576    1.1068         2  Ir         3.91877       156
   3.41302     1.57576    1.1068         2  Ir         3.91877       159
  -3.99998     0         -0.4633         3  O          4.02672       351
   2.69395     0         -2.99932        3  O          4.03154       460
  -1.7249     -3.15151   -1.88357        3  O          4.05649       313
  -1.7249      3.15151   -1.88357        3  O          4.05649       318
   2.32242    -3.15151    1.95955        3  O          4.37784       282
   2.32242     3.15151    1.95955        3  O          4.37784       286
   0.46156     0         -4.36595        1  Sr         4.39028         7
  -2.74944     0         -3.54557        2  Ir         4.4867         99
   4.50793     0          0.492004       3  O          4.5347        496
  -3.1491     -3.15151    1.32703        2  Ir         4.64864       133
  -3.1491      3.15151    1.32703        2  Ir         4.64864       138
  -1.03347    -3.15151    3.35627        3  O          4.71854       566
  -1.03347     3.15151    3.35627        3  O          4.71854       570
  -2.52422    -1.57576    3.74917        2  Ir         4.78654        59
  -2.52422     1.57576    3.74917        2  Ir         4.78654        61
  -1.58571    -1.57576   -4.33449        3  O          4.87702       266
  -1.58571     1.57576   -4.33449        3  O          4.87702       268
  -4.04475    -1.57576    2.28706        3  O          4.90649       296
  -4.04475     1.57576    2.28706        3  O          4.90649       298
  -0.960213   -4.72727   -0.96139        2  Ir         4.91868       223
  -0.960213    4.72727   -0.96139        2  Ir         4.91868       232
  -3.82914    -1.57576   -2.95077        3  O          5.08453       471
  -3.82914     1.57576   -2.95077        3  O          5.08453       473
   0.241746   -4.72727    1.91458        1  Sr         5.10599        41
   0.241746    4.72727    1.91458        1  Sr         5.10599        49
  -3.99998    -3.15151   -0.4633         3  O          5.11336       348
  -3.99998     3.15151   -0.4633         3  O          5.11336       354
   3.56069     0          3.67268        2  Ir         5.11537        86
   2.69395    -3.15151   -2.99932        3  O          5.11716       458
   2.69395     3.15151   -2.99932        3  O          5.11716       462
  -2.08215    -4.72727    0.660263       3  O          5.20753       506
  -2.08215     4.72727    0.660263       3  O          5.20753       515
   2.29345    -4.72727   -0.489582       3  O          5.277         371
   2.29345     4.72727   -0.489582       3  O          5.277         380
  -4.87573    -1.57576   -1.29518        2  Ir         5.28519       186
  -4.87573     1.57576   -1.29518        2  Ir         5.28519       188
   0.56609    -4.72727   -2.409          3  O          5.33581       409
   0.56609     4.72727   -2.409          3  O          5.33581       415
   2.42886    -1.57576    4.49612        3  O          5.34766       554
   2.42886     1.57576    4.49612        3  O          5.34766       556
   0.46156    -3.15151   -4.36595        1  Sr         5.40431         5
   0.46156     3.15151   -4.36595        1  Sr         5.40431         9
   4.79754    -1.57576   -2.05863        3  O          5.4532        337
   4.79754     1.57576   -2.05863        3  O          5.4532        339
   3.74667    -1.57576   -3.67187        2  Ir         5.47752       121
   3.74667     1.57576   -3.67187        2  Ir         5.47752       123
  -2.74944    -3.15151   -3.54557        2  Ir         5.48293        97
  -2.74944     3.15151   -3.54557        2  Ir         5.48293       101
   4.50793    -3.15151    0.492004       3  O          5.52228       493
   4.50793     3.15151    0.492004       3  O          5.52228       499
   0.502499    0          5.50676        1  Sr         5.52964         8
   4.64744    -1.57576    2.81815        3  O          5.65895       590
   4.64744     1.57576    2.81815        3  O          5.65895       592
   5.61914     0         -1.17947        2  Ir         5.7416        213
  -3.62966     0          4.45684        3  O          5.74786       530
   3.41302    -4.72727    1.1068         2  Ir         5.93471       154
   3.41302     4.72727    1.1068         2  Ir         5.93471       162
  -1.54478    -1.57576    5.53822        3  O          5.96164       267
  -1.54478     1.57576    5.53822        3  O          5.96164       269
   3.56069    -3.15151    3.67268        2  Ir         6.00825        84
   3.56069     3.15151    3.67268        2  Ir         6.00825        88
   2.38792    -1.57576   -5.37659        3  O          6.09039       553
   2.38792     1.57576   -5.37659        3  O          6.09039       555
  -5.87505     0         -2.12998        3  O          6.24924       389
   0          -6.30303    0              3  O          6.30303       422
   0           6.30303    0              3  O          6.30303       433
   0.502499   -3.15151    5.50676        1  Sr         6.36467         6
   0.502499    3.15151    5.50676        1  Sr         6.36467        10
  -6.21151    -1.57576    0.39478        3  O          6.42042       439
  -6.21151     1.57576    0.39478        3  O          6.42042       441
  -2.52422    -4.72727    3.74917        2  Ir         6.54027        57
  -2.52422     4.72727    3.74917        2  Ir         6.54027        63
  -3.6706      0         -5.41587        3  O          6.54255       529
   5.61914    -3.15151   -1.17947        2  Ir         6.54965       211
   5.61914     3.15151   -1.17947        2  Ir         6.54965       215
  -3.62966    -3.15151    4.45684        3  O          6.55515       528
  -3.62966     3.15151    4.45684        3  O          6.55515       532
   4.70626     0         -4.56442        3  O          6.55613       253
  -1.07441     0         -6.51644        3  O          6.60442       567
  -1.58571    -4.72727   -4.33449        3  O          6.60677       264
  -1.58571     4.72727   -4.33449        3  O          6.60677       270
  -4.04475    -4.72727    2.28706        3  O          6.62856       294
  -4.04475     4.72727    2.28706        3  O          6.62856       300
  -6.15253     0          2.4937         1  Sr         6.63869        21
   1.52619    -6.30303   -1.42411        2  Ir         6.63969       169
   1.52619     6.30303   -1.42411        2  Ir         6.63969       180
  -3.82914    -4.72727   -2.95077        3  O          6.7614        469
  -3.82914     4.72727   -2.95077        3  O          6.7614        475
   6.61093    -1.57576   -0.188888       3  O          6.79876       446
   6.61093     1.57576   -0.188888       3  O          6.79876       448
  -1.7249     -6.30303   -1.88357        3  O          6.80083       311
  -1.7249      6.30303   -1.88357        3  O          6.80083       320
  -2.56516    -1.57576   -6.12354        2  Ir         6.82355        58
  -2.56516     1.57576   -6.12354        2  Ir         6.82355        60
  -2.7085      0          6.32714        2  Ir         6.88249       100
  -4.87573    -4.72727   -1.29518        2  Ir         6.91356       184
  -4.87573     4.72727   -1.29518        2  Ir         6.91356       190
   6.66991     0          1.91003        1  Sr         6.93801        32
   2.42886    -4.72727    4.49612        3  O          6.96143       552
   2.42886     4.72727    4.49612        3  O          6.96143       558
   2.32242    -6.30303    1.95955        3  O          6.99726       280
   2.32242     6.30303    1.95955        3  O          6.99726       288
  -5.87505    -3.15151   -2.12998        3  O          6.99893       387
  -5.87505     3.15151   -2.12998        3  O          6.99893       391
   4.79754    -4.72727   -2.05863        3  O          7.04283       335
   4.79754     4.72727   -2.05863        3  O          7.04283       341
   3.74667    -4.72727   -3.67187        2  Ir         7.06168       119
   3.74667     4.72727   -3.67187        2  Ir         7.06168       125
   4.7472      0          5.30829        3  O          7.12136       254
   3.51975     0         -6.20003        2  Ir         7.12945        85
  -3.1491     -6.30303    1.32703        2  Ir         7.1698        131
  -3.1491      6.30303    1.32703        2  Ir         7.1698        140
   4.64744    -4.72727    2.81815        3  O          7.20332       588
   4.64744     4.72727    2.81815        3  O          7.20332       594
  -1.03347    -6.30303    3.35627        3  O          7.21532       564
  -1.03347     6.30303    3.35627        3  O          7.21532       572
  -7.2033      0         -0.595798       2  Ir         7.2279        204
  -3.6706     -3.15151   -5.41587        3  O          7.26202       527
  -3.6706      3.15151   -5.41587        3  O          7.26202       531
   4.70626    -3.15151   -4.56442        3  O          7.27426       251
   4.70626     3.15151   -4.56442        3  O          7.27426       255
  -1.07441    -3.15151   -6.51644        3  O          7.31781       565
  -1.07441     3.15151   -6.51644        3  O          7.31781       569
  -6.15253    -3.15151    2.4937         1  Sr         7.34876        19
  -6.15253     3.15151    2.4937         1  Sr         7.34876        23
   2.73489     0          6.87339        3  O          7.3975        461
   3.78761    -1.57576    6.20084        2  Ir         7.43501       122
   3.78761     1.57576    6.20084        2  Ir         7.43501       124
  -1.54478    -4.72727    5.53822        3  O          7.44347       265
  -1.54478     4.72727    5.53822        3  O          7.44347       271
   6.94739     0         -2.71365        3  O          7.45856       400
  -3.99998    -6.30303   -0.4633         3  O          7.47948       345
  -3.99998     6.30303   -0.4633         3  O          7.47948       356
   2.69395    -6.30303   -2.99932        3  O          7.48208       456
   2.69395     6.30303   -2.99932        3  O          7.48208       464
   2.38792    -4.72727   -5.37659        3  O          7.54699       551
   2.38792     4.72727   -5.37659        3  O          7.54699       557
  -2.7085     -3.15151    6.32714        2  Ir         7.56972        98
  -2.7085      3.15151    6.32714        2  Ir         7.56972       102
   6.66991    -3.15151    1.91003        1  Sr         7.62024        30
   6.66991     3.15151    1.91003        1  Sr         7.62024        34
   0.607028   -1.57576    7.46371        3  O          7.65235       412
   0.607028    1.57576    7.46371        3  O          7.65235       414
   0.46156    -6.30303   -4.36595        1  Sr         7.68132         3
   0.46156     6.30303   -4.36595        1  Sr         7.68132        11
  -2.74944    -6.30303   -3.54557        2  Ir         7.73684        95
  -2.74944     6.30303   -3.54557        2  Ir         7.73684       103
   4.50793    -6.30303    0.492004       3  O          7.76477       491
   4.50793     6.30303    0.492004       3  O          7.76477       501
   4.7472     -3.15151    5.30829        3  O          7.78755       252
   4.7472      3.15151    5.30829        3  O          7.78755       256
   3.51975    -3.15151   -6.20003        2  Ir         7.79494        83
   3.51975     3.15151   -6.20003        2  Ir         7.79494        87
  -6.21151    -4.72727    0.39478        3  O          7.81574       437
  -6.21151     4.72727    0.39478        3  O          7.81574       442
  -7.2033     -3.15151   -0.595798       2  Ir         7.88509       203
  -7.2033      3.15151   -0.595798       2  Ir         7.88509       206
  -0.960213   -7.87879   -0.96139        2  Ir         7.9951        220
  -0.960213    7.87879   -0.96139        2  Ir         7.9951        234
   2.73489    -3.15151    6.87339        3  O          8.04084       459
   2.73489     3.15151    6.87339        3  O          8.04084       463
  -3.78821    -1.57576    6.92194        3  O          8.04653       472
  -3.78821     1.57576    6.92194        3  O          8.04653       474
   6.94739    -3.15151   -2.71365        3  O          8.09705       398
   6.94739     3.15151   -2.71365        3  O          8.09705       402
   0.241746   -7.87879    1.91458        1  Sr         8.11168        39
   0.241746    7.87879    1.91458        1  Sr         8.11168        51
   0.200808   -1.57576   -7.95813        1  Sr         8.11512        42
   0.200808    1.57576   -7.95813        1  Sr         8.11512        45
   3.56069    -6.30303    3.67268        2  Ir         8.11759        82
   3.56069     6.30303    3.67268        2  Ir         8.11759        90
   6.61093    -4.72727   -0.188888       3  O          8.1294        445
   6.61093     4.72727   -0.188888       3  O          8.1294        450
  -2.56516    -4.72727   -6.12354        2  Ir         8.15015        56
  -2.56516     4.72727   -6.12354        2  Ir         8.15015        62
  -1.68396     0          7.98914        3  O          8.16469       317
  -2.08215    -7.87879    0.660263       3  O          8.17598       504
  -2.08215     7.87879    0.660263       3  O          8.17598       517
   2.29345    -7.87879   -0.489582       3  O          8.22039       369
   2.29345     7.87879   -0.489582       3  O          8.22039       382
   2.28148     0         -7.91316        3  O          8.23549       283
   0.56609    -7.87879   -2.409          3  O          8.25827       407
   0.56609     7.87879   -2.409          3  O          8.25827       417
  -8.02491    -1.57576   -1.47497        3  O          8.3101        328
  -8.02491     1.57576   -1.47497        3  O          8.3101        330
   7.94672    -1.57576   -1.87885        2  Ir         8.31645       195
   7.94672     1.57576   -1.87885        2  Ir         8.31645       197
  -8.31452     0          1.07567        3  O          8.38381       487
   0.502499   -6.30303    5.50676        1  Sr         8.38482         4
   0.502499    6.30303    5.50676        1  Sr         8.38482        12
   5.61914    -6.30303   -1.17947        2  Ir         8.52609       210
   5.61914     6.30303   -1.17947        2  Ir         8.52609       217
  -3.62966    -6.30303    4.45684        3  O          8.5303        526
  -3.62966     6.30303    4.45684        3  O          8.5303        534
   4.60651    -1.57576   -7.05456        3  O          8.57145       589
   4.60651     1.57576   -7.05456        3  O          8.57145       591
   1.56713     0          8.4486         2  Ir         8.59272       176
   3.41302    -7.87879    1.1068         2  Ir         8.65731       152
   3.41302     7.87879    1.1068         2  Ir         8.65731       163
   3.78761    -4.72727    6.20084        2  Ir         8.66854       120
   3.78761     4.72727    6.20084        2  Ir         8.66854       126
  -1.68396    -3.15151    7.98914        3  O          8.75181       314
  -1.68396     3.15151    7.98914        3  O          8.75181       319
  -4.08569    -1.57576   -7.58565        3  O          8.75888       295
  -4.08569     1.57576   -7.58565        3  O          8.75888       297
   2.28148    -3.15151   -7.91316        3  O          8.81789       281
   2.28148     3.15151   -7.91316        3  O          8.81789       285
   0.607028   -4.72727    7.46371        3  O          8.85565       410
   0.607028    4.72727    7.46371        3  O          8.85565       416
  -5.87505    -6.30303   -2.12998        3  O          8.87588       385
  -5.87505     6.30303   -2.12998        3  O          8.87588       393
   8.82247     0         -1.04697        3  O          8.88438       361
  -8.31452    -3.15151    1.07567        3  O          8.95658       486
  -8.31452     3.15151    1.07567        3  O          8.95658       488
  -8.175      -1.57576    3.40182        3  O          8.99367       579
  -8.175       1.57576    3.40182        3  O          8.99367       581
  -8.11619     0         -3.98075        3  O          9.03985       241
   8.77769    -1.57576    1.70339        3  O          9.07923       306
   8.77769     1.57576    1.70339        3  O          9.07923       307
  -2.52422    -7.87879    3.74917        2  Ir         9.08313        55
  -2.52422     7.87879    3.74917        2  Ir         9.08313        65
  -3.6706     -6.30303   -5.41587        3  O          9.08477       525
  -3.6706      6.30303   -5.41587        3  O          9.08477       533
   4.70626    -6.30303   -4.56442        3  O          9.09456       249
   4.70626     6.30303   -4.56442        3  O          9.09456       257
  -0.919274   -1.57576    8.91132        2  Ir         9.09614       227
  -0.919274    1.57576    8.91132        2  Ir         9.09614       230
  -3.19004     0         -8.54568        2  Ir         9.12167       134
  -1.07441    -6.30303   -6.51644        3  O          9.12943       563
  -1.07441     6.30303   -6.51644        3  O          9.12943       571
  -1.58571    -7.87879   -4.33449        3  O          9.13113       262
  -1.58571     7.87879   -4.33449        3  O          9.13113       272
  -4.04475    -7.87879    2.28706        3  O          9.14691       292
  -4.04475     7.87879    2.28706        3  O          9.14691       302
   1.56713    -3.15151    8.4486         2  Ir         9.15242       173
   1.56713     3.15151    8.4486         2  Ir         9.15242       179
  -6.15253    -6.30303    2.4937         1  Sr         9.15425        17
  -6.15253     6.30303    2.4937         1  Sr         9.15425        25
  -3.78821    -4.72727    6.92194        3  O          9.19841       470
  -3.78821     4.72727    6.92194        3  O          9.19841       476
  -3.82914    -7.87879   -2.95077        3  O          9.24363       467
  -3.82914     7.87879   -2.95077        3  O          9.24363       477
   0.200808   -4.72727   -7.95813        1  Sr         9.25847        40
   0.200808    4.72727   -7.95813        1  Sr         9.25847        48
   4.83847    -1.57576    7.81408        3  O          9.32489       338
   4.83847     1.57576    7.81408        3  O          9.32489       340
  -2.7085     -6.30303    6.32714        2  Ir         9.33257        96
  -2.7085      6.30303    6.32714        2  Ir         9.33257       104
  -4.87573    -7.87879   -1.29518        2  Ir         9.35551       183
  -4.87573     7.87879   -1.29518        2  Ir         9.35551       192
   6.66991    -6.30303    1.91003        1  Sr         9.37359        28
   6.66991     6.30303    1.91003        1  Sr         9.37359        35
   2.42886    -7.87879    4.49612        3  O          9.39094       550
   2.42886     7.87879    4.49612        3  O          9.39094       560
   8.82247    -3.15151   -1.04697        3  O          9.42678       360
   8.82247     3.15151   -1.04697        3  O          9.42678       362
  -8.02491    -4.72727   -1.47497        3  O          9.42984       327
  -8.02491     4.72727   -1.47497        3  O          9.42984       332
   7.94672    -4.72727   -1.87885        2  Ir         9.43544       194
   7.94672     4.72727   -1.87885        2  Ir         9.43544       199
   4.79754    -7.87879   -2.05863        3  O          9.45144       334
   4.79754     7.87879   -2.05863        3  O          9.45144       343
   0          -9.45454    0              3  O          9.45454       420
   0           9.45454    0              3  O          9.45454       435
   3.74667    -7.87879   -3.67187        2  Ir         9.46549       117
   3.74667     7.87879   -3.67187        2  Ir         9.46549       127
   4.7472     -6.30303    5.30829        3  O          9.5101        250
   4.7472      6.30303    5.30829        3  O          9.5101        258
   3.51975    -6.30303   -6.20003        2  Ir         9.51616        81
   3.51975     6.30303   -6.20003        2  Ir         9.51616        89
   3.37208    -1.57576   -8.76591        2  Ir         9.5234        155
   3.37208     1.57576   -8.76591        2  Ir         9.5234        158
   4.64744    -7.87879    2.81815        3  O          9.57162       586
   4.64744     7.87879    2.81815        3  O          9.57162       596
  -8.11619    -3.15151   -3.98075        3  O          9.57345       239
  -8.11619     3.15151   -3.98075        3  O          9.57345       243
  -2.12309    -1.57576   -9.21245        3  O          9.58435       508
  -2.12309     1.57576   -9.21245        3  O          9.58435       511
  -7.2033     -6.30303   -0.595798       2  Ir         9.59014       202
  -7.2033      6.30303   -0.595798       2  Ir         9.59014       207
  -6.19347     0         -7.37901        1  Sr         9.63374        20
  -3.19004    -3.15151   -8.54568        2  Ir         9.65075       132
  -3.19004     3.15151   -8.54568        2  Ir         9.65075       137
   4.60651    -4.72727   -7.05456        3  O          9.66094       587
   4.60651     4.72727   -7.05456        3  O          9.66094       593
   1.52619    -9.45454   -1.42411        2  Ir         9.68224       168
   1.52619     9.45454   -1.42411        2  Ir         9.68224       182
  -9.40943    -1.57576    1.69047        2  Ir         9.68907       148
  -9.40943     1.57576    1.69047        2  Ir         9.68907       149
  -5.83411     0          7.74273        3  O          9.69468       390
   9.67335     0          0.743365       2  Ir         9.70187       144
  -9.07578    -1.57576   -3.0882         2  Ir         9.71544       112
  -9.07578     1.57576   -3.0882         2  Ir         9.71544       114
   2.73489    -6.30303    6.87339        3  O          9.7186        457
   2.73489     6.30303    6.87339        3  O          9.7186        465
  -1.54478    -7.87879    5.53822        3  O          9.75364       263
  -1.54478     7.87879    5.53822        3  O          9.75364       273
   6.94739    -6.30303   -2.71365        3  O          9.76516       396
   6.94739     6.30303   -2.71365        3  O          9.76516       404
   8.9933     -1.57576   -3.53444        3  O          9.79055       480
   8.9933      1.57576   -3.53444        3  O          9.79055       482
  -1.7249     -9.45454   -1.88357        3  O          9.79344       310
  -1.7249      9.45454   -1.88357        3  O          9.79344       322
   2.33439    -1.57576    9.38313        3  O          9.79671       375
   2.33439     1.57576    9.38313        3  O          9.79671       378
  -4.08569    -4.72727   -7.58565        3  O          9.82762       293
  -4.08569     4.72727   -7.58565        3  O          9.82762       299
   2.38792    -7.87879   -5.37659        3  O          9.83286       549
   2.38792     7.87879   -5.37659        3  O          9.83286       559
  -0.040938    0         -9.87271        3  O          9.87279       427
   0.040938    0          9.87271        3  O          9.87279       428
   2.32242    -9.45454    1.95955        3  O          9.93086       278
   2.32242     9.45454    1.95955        3  O          9.93086       289
  -4.83479    -1.57576    8.57753        2  Ir         9.97157       187
  -4.83479     1.57576    8.57753        2  Ir         9.97157       189
   9.19278     0          3.87317        3  O          9.97541       541
  -8.07525     0          5.89196        3  O          9.99624       242
END
