ATOMS
  *       x          y           z    ipot  Atom      Distance    Number
**********-  ********-  **********  ******  ******  **********  ********
   0           0          0              0  O          0               0
   1.12194     0         -1.62165        2  Ir         1.97193       223
   8.75206    -4.72727    1.24976        1  Sr        10.0253         32
   8.75206     4.72727    1.24976        1  Sr        10.0253         35
   5.6019     -4.72727   -6.8603         2  Ir        10.0395         81
   5.6019      4.72727   -6.8603         2  Ir        10.0395         87
  -2.79358    -9.45454   -1.95545        2  Ir        10.0507        182
  -2.79358     9.45454   -1.95545        2  Ir        10.0507        193
  -6.23236    -7.87879    0.41541        3  O         10.0544        489
  -6.23236     7.87879    0.41541        3  O         10.0544        496
  -1.58845    -7.87879   -6.07613        3  O         10.0756        522
  -1.58845     7.87879   -6.07613        3  O         10.0756        532
  -1.87689    -4.72727    8.74915        3  O         10.1201        345
  -1.87689     4.72727    8.74915        3  O         10.1201        353
  -5.08021    -1.57576    8.61665        2  Ir        10.1261        201
  -5.08021     1.57576    8.61665        2  Ir        10.1261        203
  -6.99362    -6.30303   -3.74846        2  Ir        10.1336        105
  -6.99362     6.30303   -3.74846        2  Ir        10.1336        113
   5.64284    -7.87879    3.01241        2  Ir        10.1485         80
   5.64284     7.87879    3.01241        2  Ir        10.1485         90
  -4.11132    -4.72727   -8.03928        1  Sr        10.1922         20
  -4.11132     4.72727   -8.03928        1  Sr        10.1922         26
   6.68866     0         -7.71482        3  O         10.2106        590
  -5.90182    -3.15151    7.73748        3  O         10.229         323
  -5.90182     3.15151    7.73748        3  O         10.229         327
   5.86976    -6.30303    5.54058        2  Ir        10.2411        117
   5.86976     6.30303    5.54058        2  Ir        10.2411        125
  -1.74699    -9.45454   -3.61104        3  O         10.2703        474
  -1.74699     9.45454   -3.61104        3  O         10.2703        486
   4.41654    -3.15151    8.72286        3  O         10.2726        368
   4.41654     3.15151    8.72286        3  O         10.2726        373
   6.59008    -7.87879   -0.168259       3  O         10.2729        497
   6.59008     7.87879   -0.168259       3  O         10.2729        504
   2.64824    -9.45454   -3.06926        3  O         10.287         400
   2.64824     9.45454   -3.06926        3  O         10.287         412
  -4.12936    -9.45454   -0.265482       3  O         10.3204        434
  -4.12936     9.45454   -0.265482       3  O         10.3204        446
  10.0289      0         -2.53911        2  Ir        10.3453        195
  -0.040938   -3.15151   -9.87271        3  O         10.3636        509
   0.040938   -3.15151    9.87271        3  O         10.3636        511
  -0.040938    3.15151   -9.87271        3  O         10.3636        514
   0.040938    3.15151    9.87271        3  O         10.3636        516
  -1.10789    -4.72727   -9.20594        2  Ir        10.4079        129
  -1.10789     4.72727   -9.20594        2  Ir        10.4079        138
   6.92063    -3.15151    7.15381        3  O         10.4405        334
   6.92063     3.15151    7.15381        3  O         10.4405        338
  -4.08842     0          9.60723        3  O         10.441         441
   1.16288    -6.30303    8.25106        2  Ir        10.448         218
   1.16288     6.30303    8.25106        2  Ir        10.448         229
  -8.35238    -3.15151   -5.45319        3  O         10.4609        539
  -8.35238     3.15151   -5.45319        3  O         10.4609        543
  -9.2141     -4.72727   -1.5007         2  Ir        10.4642        164
  -9.2141      4.72727   -1.5007         2  Ir        10.4642        167
 -10.1742      0         -2.48559        3  O         10.4734        398
   4.3756     -9.45454   -1.14985        3  O         10.4812        364
   4.3756      9.45454   -1.14985        3  O         10.4812        376
  -2.75264    -6.30303    7.91726        2  Ir        10.4875        184
  -2.75264     6.30303    7.91726        2  Ir        10.4875        192
  -8.44684    -6.30303   -0.566177       3  O         10.5545        359
  -8.44684     6.30303   -0.566177       3  O         10.5545        363
   2.12309    -4.72727    9.21245        3  O         10.5699        422
   2.12309     4.72727    9.21245        3  O         10.5699        431
  -2.00354    -6.30303   -8.24592        3  O         10.5706        290
  -2.00354     6.30303   -8.24592        3  O         10.5706        299
  -8.0054     -1.57576    6.79679        3  O         10.6191        456
  -8.0054      1.57576    6.79679        3  O         10.6191        458
   0.537376   -9.45454    4.87796        3  O         10.6523        256
   0.537376    9.45454    4.87796        3  O         10.6523        268
 -10.4985      0          1.83798        1  Sr        10.6582         38
  -7.22055    -4.72727   -6.27663        2  Ir        10.6714         70
  -7.22055     4.72727   -6.27663        2  Ir        10.6714         76
   6.68866    -3.15151   -7.71482        3  O         10.6859        588
   6.68866     3.15151   -7.71482        3  O         10.6859        592
   0.496438   -9.45454   -4.99475        3  O         10.7043        255
   0.496438    9.45454   -4.99475        3  O         10.7043        267
   1.00774    -7.87879   -7.1767         3  O         10.7049        560
   1.00774     7.87879   -7.1767         3  O         10.7049        570
  -1.02601    -1.57576   10.5395         2  Ir        10.7059        134
  -1.02601     1.57576   10.5395         2  Ir        10.7059        137
   4.36363    -4.72727   -8.57342        3  O         10.7188        279
   4.36363     4.72727   -8.57342        3  O         10.7188        285
   9.02955    -4.72727   -3.37391        3  O         10.7361        391
   9.02955     4.72727   -3.37391        3  O         10.7361        396
   0.398193   -7.87879    7.32888        3  O         10.7678        307
   0.398193    7.87879    7.32888        3  O         10.7678        317
   8.69308    -6.30303   -0.849151       3  O         10.7712        447
   8.69308     6.30303   -0.849151       3  O         10.7712        451
  10.0289     -3.15151   -2.53911        2  Ir        10.8147        194
  10.0289      3.15151   -2.53911        2  Ir        10.8147        196
   2.04121    -1.57576  -10.533          3  O         10.844         423
   2.04121     1.57576  -10.533          3  O         10.844         426
 -10.7403     -1.57576   -0.076594       3  O         10.8555        415
 -10.7403      1.57576   -0.076594       3  O         10.8555        416
   5.45423     0         -9.42617        2  Ir        10.8904        157
  -4.08842    -3.15151    9.60723        3  O         10.9062        438
  -4.08842     3.15151    9.60723        3  O         10.9062        444
  10.8598      0          1.04312        3  O         10.9098        303
   2.28296    -6.30303   -8.61839        1  Sr        10.9186         41
   2.28296     6.30303   -8.61839        1  Sr        10.9186         52
 -10.1742     -3.15151   -2.48559        3  O         10.9373        397
 -10.1742      3.15151   -2.48559        3  O         10.9373        399
   5.49517    -9.45454    0.44654        2  Ir        10.9446        153
   5.49517     9.45454    0.44654        2  Ir        10.9446        163
  -6.03404    -7.87879   -4.64101        3  O         10.9555        231
  -6.03404     7.87879   -4.64101        3  O         10.9555        241
  -4.1703      0        -10.1382         3  O         10.9624        439
  -5.08021    -4.72727    8.61665        2  Ir        11.0636        199
  -5.08021     4.72727    8.61665        2  Ir        11.0636        205
  -1.06695   -11.0303     0.666771       2  Ir        11.1018        127
  -1.06695    11.0303     0.666771       2  Ir        11.1018        142
 -10.4985     -3.15151    1.83798        1  Sr        11.1144         37
 -10.4985      3.15151    1.83798        1  Sr        11.1144         39
   4.81704    -7.87879    6.21312        3  O         11.1302        463
   4.81704     7.87879    6.21312        3  O         11.1302        473
  10.9046     -1.57576   -1.70723        3  O         11.1494        357
  10.9046      1.57576   -1.70723        3  O         11.1494        358
   4.51101    -9.45454    3.83586        3  O         11.1558        547
   4.51101     9.45454    3.83586        3  O         11.1558        558
   7.7013     -7.87879   -1.83973        2  Ir        11.17          207
   7.7013      7.87879   -1.83973        2  Ir        11.17          214
  -5.9931     -7.87879    5.2317         3  O         11.1966        232
  -5.9931      7.87879    5.2317         3  O         11.1966        242
  -6.95269    -6.30303    6.12425        2  Ir        11.206         106
  -6.95269     6.30303    6.12425        2  Ir        11.206         114
  -3.75196    -7.87879    7.08247        3  O         11.2389        379
  -3.75196     7.87879    7.08247        3  O         11.2389        389
   2.08215   -11.0303    -0.660263       3  O         11.2445        418
   2.08215    11.0303    -0.660263       3  O         11.2445        433
  -7.17961    -7.87879    3.59608        2  Ir        11.2496         69
  -7.17961     7.87879    3.59608        2  Ir        11.2496         78
  -1.91782   -11.0303    -1.12356        3  O         11.252         341
  -1.91782    11.0303    -1.12356        3  O         11.252         356
   7.74223    -1.57576    8.03298        2  Ir        11.2674        210
   7.74223     1.57576    8.03298        2  Ir        11.2674        212
   9.07048    -1.57576    6.4988         3  O         11.269         393
   9.07048     1.57576    6.4988         3  O         11.269         395
  -1.95876    -1.57576  -10.9963         3  O         11.28          346
  -1.95876     1.57576  -10.9963         3  O         11.28          349
 -10.2787     -1.57576   -4.44254        1  Sr        11.308           1
 -10.2787      1.57576   -4.44254        1  Sr        11.308           3
  -6.13379    -6.30303   -7.13116        3  O         11.3228        574
  -6.13379     6.30303   -7.13116        3  O         11.3228        582
   0.357254  -11.0303    -2.54383        3  O         11.3255        305
   0.357254   11.0303    -2.54383        3  O         11.3255        318
  -8.31144    -6.30303    4.41953        3  O         11.3287        538
  -8.31144     6.30303    4.41953        3  O         11.3287        546
   5.45423    -3.15151   -9.42617        2  Ir        11.3373        155
   5.45423     3.15151   -9.42617        2  Ir        11.3373        160
  10.8598     -3.15151    1.04312        3  O         11.3559        302
  10.8598      3.15151    1.04312        3  O         11.3559        304
  -5.94276    -9.45454   -2.13523        3  O         11.3694        319
  -5.94276     9.45454   -2.13523        3  O         11.3694        330
   2.36484     0         11.127          1  Sr        11.3756         48
   1.04868   -11.0303     2.69601        3  O         11.4033        559
   1.04868    11.0303     2.69601        3  O         11.4033        572
  -4.1703     -3.15151  -10.1382         3  O         11.4064        436
  -4.1703      3.15151  -10.1382         3  O         11.4064        442
   6.82935    -7.87879    4.64803        3  O         11.4158        244
   6.82935     7.87879    4.64803        3  O         11.4158        254
  -6.2733     -1.57576   -9.4573         3  O         11.4577        491
  -6.2733      1.57576   -9.4573         3  O         11.4577        493
  -1.70605    -9.45454    6.26167        3  O         11.4677        475
  -1.70605     9.45454    6.26167        3  O         11.4677        487
  -7.36821     0         -8.8425         2  Ir        11.51          148
  -8.0054     -4.72727    6.79679        3  O         11.5165        454
  -8.0054      4.72727    6.79679        3  O         11.5165        460
   1.081       0        -11.4944         2  Ir        11.5451        222
  -6.09285    -9.45454    2.74155        3  O         11.577         573
  -6.09285     9.45454    2.74155        3  O         11.577         584
  -5.90182    -6.30303    7.73748        3  O         11.5943        321
  -5.90182     6.30303    7.73748        3  O         11.5943        329
  -1.02601    -4.72727   10.5395         2  Ir        11.5966        131
  -1.02601     4.72727   10.5395         2  Ir        11.5966        140
   4.41654    -6.30303    8.72286        3  O         11.6328        366
   4.41654     6.30303    8.72286        3  O         11.6328        375
   6.78841    -7.87879   -5.22468        3  O         11.6385        243
   6.78841     7.87879   -5.22468        3  O         11.6385        253
  -0.483011   -9.45454   -6.7838         2  Ir        11.6465         55
  -0.483011    9.45454   -6.7838         2  Ir        11.6465         67
  -1.92166     0         11.4995         3  O         11.659         296
   3.64928    -7.87879    7.78834        2  Ir        11.6641        170
   3.64928     7.87879    7.78834        2  Ir        11.6641        180
  -8.04634    -7.87879   -3.07592        3  O         11.6739        452
  -8.04634     7.87879   -3.07592        3  O         11.6739        461
  -8.41788    -7.87879    1.88296        3  O         11.6825        269
  -8.41788     7.87879    1.88296        3  O         11.6825        276
 -10.2378     -1.57576    5.43017        1  Sr        11.6954          2
 -10.2378      1.57576    5.43017        1  Sr        11.6954          4
   5.53611     0         10.3193         2  Ir        11.7105        159
  -0.040938   -6.30303   -9.87271        3  O         11.7133        506
   0.040938   -6.30303    9.87271        3  O         11.7133        508
  -0.040938    6.30303   -9.87271        3  O         11.7133        517
   0.040938    6.30303    9.87271        3  O         11.7133        519
   2.04121    -4.72727  -10.533          3  O         11.7242        420
   2.04121     4.72727  -10.533          3  O         11.7242        429
 -10.7403     -4.72727   -0.076594       3  O         11.7349        414
 -10.7403      4.72727   -0.076594       3  O         11.7349        417
  -8.45882    -1.57576   -7.98975        3  O         11.7418        271
  -8.45882     1.57576   -7.98975        3  O         11.7418        273
 -11.7005      0         -1.03798        2  Ir        11.7465        215
  -1.54751   -11.0303     3.79658        3  O         11.7676        521
  -1.54751    11.0303     3.79658        3  O         11.7676        534
   6.92063    -6.30303    7.15381        3  O         11.7814        332
   6.92063     6.30303    7.15381        3  O         11.7814        340
   3.60834   -11.0303    -2.08437        2  Ir        11.7912        168
   3.60834    11.0303    -2.08437        2  Ir        11.7912        181
  -8.35238    -6.30303   -5.45319        3  O         11.7995        537
  -8.35238     6.30303   -5.45319        3  O         11.7995        545
   6.72959    -9.45454    2.15788        3  O         11.8039        585
   6.72959     9.45454    2.15788        3  O         11.8039        596
   2.36484    -3.15151   11.127          1  Sr        11.804          45
   2.36484     3.15151   11.127          1  Sr        11.804          51
  -0.667289  -11.0303    -4.20583        2  Ir        11.8238         91
  -0.667289   11.0303    -4.20583        2  Ir        11.8238        104
  11.2749     -1.57576    3.21291        3  O         11.8292        535
  11.2749      1.57576    3.21291        3  O         11.8292        536
   8.75206    -7.87879    1.24976        1  Sr        11.8421         31
   8.75206     7.87879    1.24976        1  Sr        11.8421         36
  11.0755      0         -4.1947         3  O         11.8432        488
   4.33466     0        -11.0226         3  O         11.8442        369
   5.6019     -7.87879   -6.8603         2  Ir        11.8541         79
   5.6019      7.87879   -6.8603         2  Ir        11.8541         89
   6.63102    -1.57576    9.70445        3  O         11.8587        500
   6.63102     1.57576    9.70445        3  O         11.8587        502
  11.7555     -1.57576    0.083103       2  Ir        11.8609        143
  11.7555      1.57576    0.083103       2  Ir        11.8609        144
  -4.07038   -11.0303     1.83343        1  Sr        11.8995         17
  -4.07038    11.0303     1.83343        1  Sr        11.8995         30
   5.82882    -9.45454   -4.33213        2  Ir        11.9219        115
   5.82882     9.45454   -4.33213        2  Ir        11.9219        126
  -1.87689    -7.87879    8.74915        3  O         11.9225        343
  -1.87689     7.87879    8.74915        3  O         11.9225        355
  -7.36821    -3.15151   -8.8425         2  Ir        11.9337        146
  -7.36821     3.15151   -8.8425         2  Ir        11.9337        150
   4.40457   -11.0303     1.29929        3  O         11.9481        277
   4.40457    11.0303     1.29929        3  O         11.9481        288
   2.68918    -9.45454    6.80345        3  O         11.9544        401
   2.68918     9.45454    6.80345        3  O         11.9544        413
   1.081      -3.15151  -11.4944         2  Ir        11.9675        219
   1.081       3.15151  -11.4944         2  Ir        11.9675        225
  -4.11132    -7.87879   -8.03928        1  Sr        11.9837         18
  -4.11132     7.87879   -8.03928        1  Sr        11.9837         28
  -3.7929    -11.0303    -2.79024        3  O         11.9933        377
  -3.7929     11.0303    -2.79024        3  O         11.9933        390
   6.68866    -6.30303   -7.71482        3  O         11.9994        586
   6.68866     6.30303   -7.71482        3  O         11.9994        594
  -1.06695    -1.57576    0.666771       2  Ir         2.01643       133
  -1.06695     1.57576    0.666771       2  Ir         2.01643       136
  -1.9626      0          1.62679        3  O          2.54917       295
   2.3239      0          1.25432        1  Sr         2.6408         47
   2.08215    -1.57576   -0.660263       3  O          2.69338       424
   2.08215     1.57576   -0.660263       3  O          2.69338       427
  -1.91782    -1.57576   -1.12356        3  O          2.7246        347
  -1.91782     1.57576   -1.12356        3  O          2.7246        350
   0.357254   -1.57576   -2.54383        3  O          3.01359       310
   0.357254    1.57576   -2.54383        3  O          3.01359       312
  -0.442073    0          3.08891        2  Ir         3.12038        62
   0          -3.15151    0              3  O          3.15151       510
   0           3.15151    0              3  O          3.15151       515
   1.04868    -1.57576    2.69601        3  O          3.29412       565
   1.04868     1.57576    2.69601        3  O          3.29412       567
  -2.79358     0         -1.95545        2  Ir         3.40996       187
   1.12194    -3.15151   -1.62165        2  Ir         3.7176        220
   1.12194     3.15151   -1.62165        2  Ir         3.7176        226
  -1.74699     0         -3.61104        3  O          4.01143       480
  -1.9626     -3.15151    1.62679        3  O          4.05343       293
  -1.9626      3.15151    1.62679        3  O          4.05343       298
   2.64824     0         -3.06926        3  O          4.05383       406
   2.3239     -3.15151    1.25432        1  Sr         4.11167        44
   2.3239      3.15151    1.25432        1  Sr         4.11167        50
  -4.12936     0         -0.265482       3  O          4.13789       440
  -1.54751    -1.57576    3.79658        3  O          4.39225       527
  -1.54751     1.57576    3.79658        3  O          4.39225       529
  -0.442073   -3.15151    3.08891        2  Ir         4.43496        60
  -0.442073    3.15151    3.08891        2  Ir         4.43496        64
   3.60834    -1.57576   -2.08437        2  Ir         4.45508       173
   3.60834     1.57576   -2.08437        2  Ir         4.45508       175
   4.3756      0         -1.14985        3  O          4.52416       370
  -0.667289   -1.57576   -4.20583        2  Ir         4.54063        96
  -0.667289    1.57576   -4.20583        2  Ir         4.54063        98
  -2.79358    -3.15151   -1.95545        2  Ir         4.64326       185
  -2.79358     3.15151   -1.95545        2  Ir         4.64326       189
  -4.07038    -1.57576    1.83343        1  Sr         4.73418        23
  -4.07038     1.57576    1.83343        1  Sr         4.73418        25
   4.40457    -1.57576    1.29929        3  O          4.85504       282
   4.40457     1.57576    1.29929        3  O          4.85504       284
  -1.06695    -4.72727    0.666771       2  Ir         4.89184       130
  -1.06695     4.72727    0.666771       2  Ir         4.89184       139
   0.537376    0          4.87796        3  O          4.90747       262
  -3.7929     -1.57576   -2.79024        3  O          4.96533       382
  -3.7929      1.57576   -2.79024        3  O          4.96533       384
   0.496438    0         -4.99475        3  O          5.01936       261
  -1.74699    -3.15151   -3.61104        3  O          5.10133       478
  -1.74699     3.15151   -3.61104        3  O          5.10133       482
   2.64824    -3.15151   -3.06926        3  O          5.13474       404
   2.64824     3.15151   -3.06926        3  O          5.13474       408
  -4.12936    -3.15151   -0.265482       3  O          5.20136       437
  -4.12936     3.15151   -0.265482       3  O          5.20136       443
   2.08215    -4.72727   -0.660263       3  O          5.20753       421
   2.08215     4.72727   -0.660263       3  O          5.20753       430
  -1.91782    -4.72727   -1.12356        3  O          5.22375       344
  -1.91782     4.72727   -1.12356        3  O          5.22375       352
   0.357254   -4.72727   -2.54383        3  O          5.38013       308
   0.357254    4.72727   -2.54383        3  O          5.38013       314
  -5.12115    -1.57576   -1.25606        2  Ir         5.50335       200
  -5.12115     1.57576   -1.25606        2  Ir         5.50335       202
   5.49517     0          0.44654        2  Ir         5.51328       158
   4.3756     -3.15151   -1.14985        3  O          5.51363       367
   4.3756      3.15151   -1.14985        3  O          5.51363       372
   1.04868    -4.72727    2.69601        3  O          5.54214       563
   1.04868     4.72727    2.69601        3  O          5.54214       569
   2.58465    -1.57576    4.8465         1  Sr         5.71419        10
   2.58465     1.57576    4.8465         1  Sr         5.71419        12
   0.537376   -3.15151    4.87796        3  O          5.83226       260
   0.537376    3.15151    4.87796        3  O          5.83226       264
   2.54371    -1.57576   -5.02621        1  Sr         5.84947         9
   2.54371     1.57576   -5.02621        1  Sr         5.84947        11
  -0.626351   -1.57576    5.66688        2  Ir         5.91513        97
  -0.626351    1.57576    5.66688        2  Ir         5.91513        99
   4.51101     0          3.83586        3  O          5.9214        553
   0.496438   -3.15151   -4.99475        3  O          5.92672       259
   0.496438    3.15151   -4.99475        3  O          5.92672       263
   4.7761     -1.57576   -3.65958        3  O          6.21987       466
   4.7761      1.57576   -3.65958        3  O          6.21987       468
  -1.54751    -4.72727    3.79658        3  O          6.25747       525
  -1.54751     4.72727    3.79658        3  O          6.25747       531
   3.60834    -4.72727   -2.08437        2  Ir         6.30173       171
   3.60834     4.72727   -2.08437        2  Ir         6.30173       177
   0          -6.30303    0              3  O          6.30303       507
   0           6.30303    0              3  O          6.30303       518
  -5.94276     0         -2.13523        3  O          6.31471       324
   5.49517    -3.15151    0.44654        2  Ir         6.35046       156
   5.49517     3.15151    0.44654        2  Ir         6.35046       161
  -0.667289   -4.72727   -4.20583        2  Ir         6.3625         94
  -0.667289    4.72727   -4.20583        2  Ir         6.3625        100
  -6.23236    -1.57576    0.41541        3  O          6.44189       492
  -6.23236     1.57576    0.41541        3  O          6.44189       494
  -1.58845    -1.57576   -6.07613        3  O          6.47499       526
  -1.58845     1.57576   -6.07613        3  O          6.47499       528
  -1.70605     0          6.26167        3  O          6.48993       481
  -4.07038    -4.72727    1.83343        1  Sr         6.50204        21
  -4.07038     4.72727    1.83343        1  Sr         6.50204        27
   5.64284    -1.57576    3.01241        2  Ir         6.58781        84
   5.64284     1.57576    3.01241        2  Ir         6.58781        86
   4.40457    -4.72727    1.29929        3  O          6.59056       280
   4.40457     4.72727    1.29929        3  O          6.59056       286
   1.12194    -6.30303   -1.62165        2  Ir         6.60429       217
   1.12194     6.30303   -1.62165        2  Ir         6.60429       228
  -3.7929     -4.72727   -2.79024        3  O          6.67223       380
  -3.7929      4.72727   -2.79024        3  O          6.67223       386
  -6.09285     0          2.74155        3  O          6.68124       579
   4.51101    -3.15151    3.83586        3  O          6.70784       551
   4.51101     3.15151    3.83586        3  O          6.70784       555
   6.59008    -1.57576   -0.168259       3  O          6.77794       499
   6.59008     1.57576   -0.168259       3  O          6.77794       501
  -1.9626     -6.30303    1.62679        3  O          6.799         291
  -1.9626      6.30303    1.62679        3  O          6.799         300
  -0.483011    0         -6.7838         2  Ir         6.80098        61
   2.3239     -6.30303    1.25432        1  Sr         6.83389        42
   2.3239      6.30303    1.25432        1  Sr         6.83389        53
  -0.442073   -6.30303    3.08891        2  Ir         7.03313        58
  -0.442073    6.30303    3.08891        2  Ir         7.03313        66
  -5.94276    -3.15151   -2.13523        3  O          7.05745       322
  -5.94276     3.15151   -2.13523        3  O          7.05745       326
   6.72959     0          2.15788        3  O          7.0671        591
  -5.12115    -4.72727   -1.25606        2  Ir         7.08174       198
  -5.12115     4.72727   -1.25606        2  Ir         7.08174       204
  -2.79358    -6.30303   -1.95545        2  Ir         7.16631       183
  -2.79358     6.30303   -1.95545        2  Ir         7.16631       191
  -1.70605    -3.15151    6.26167        3  O          7.21465       479
  -1.70605     3.15151    6.26167        3  O          7.21465       483
   2.58465    -4.72727    4.8465         1  Sr         7.2468          8
   2.58465     4.72727    4.8465         1  Sr         7.2468         14
   5.82882     0         -4.33213        2  Ir         7.26241       120
   2.68918     0          6.80345        3  O          7.31564       407
   2.54371    -4.72727   -5.02621        1  Sr         7.35393         7
   2.54371     4.72727   -5.02621        1  Sr         7.35393        13
  -6.09285    -3.15151    2.74155        3  O          7.38722       577
  -6.09285     3.15151    2.74155        3  O          7.38722       581
   6.87969     0         -2.7189         3  O          7.39747       335
  -7.32728     0          1.03021        2  Ir         7.39934       149
  -0.626351   -4.72727    5.66688        2  Ir         7.40627        95
  -0.626351    4.72727    5.66688        2  Ir         7.40627       101
   1.00774    -1.57576   -7.1767         3  O          7.41644       564
   1.00774     1.57576   -7.1767         3  O          7.41644       566
  -1.74699    -6.30303   -3.61104        3  O          7.47126       476
  -1.74699     6.30303   -3.61104        3  O          7.47126       484
   2.64824    -6.30303   -3.06926        3  O          7.49411       402
   2.64824     6.30303   -3.06926        3  O          7.49411       410
  -0.483011   -3.15151   -6.7838         2  Ir         7.49569        59
  -0.483011    3.15151   -6.7838         2  Ir         7.49569        63
   0.398193   -1.57576    7.32888        3  O          7.50693       311
   0.398193    1.57576    7.32888        3  O          7.50693       313
   4.47007     0         -6.03685        3  O          7.51167       552
  -4.12936    -6.30303   -0.265482       3  O          7.53991       435
  -4.12936     6.30303   -0.265482       3  O          7.53991       445
   4.7761     -4.72727   -3.65958        3  O          7.65185       464
   4.7761      4.72727   -3.65958        3  O          7.65185       470
   6.72959    -3.15151    2.15788        3  O          7.73796       589
   6.72959     3.15151    2.15788        3  O          7.73796       593
   4.3756     -6.30303   -1.14985        3  O          7.75862       365
   4.3756      6.30303   -1.14985        3  O          7.75862       374
  -6.03404    -1.57576   -4.64101        3  O          7.77378       235
  -6.03404     1.57576   -4.64101        3  O          7.77378       237
  -6.23236    -4.72727    0.41541        3  O          7.83339       490
  -6.23236     4.72727    0.41541        3  O          7.83339       495
  -1.58845    -4.72727   -6.07613        3  O          7.86064       524
  -1.58845     4.72727   -6.07613        3  O          7.86064       530
   5.82882    -3.15151   -4.33213        2  Ir         7.91673       118
   5.82882     3.15151   -4.33213        2  Ir         7.91673       122
  -6.99362     0         -3.74846        2  Ir         7.93485       109
   5.64284    -4.72727    3.01241        2  Ir         7.95383        82
   5.64284     4.72727    3.01241        2  Ir         7.95383        88
   2.68918    -3.15151    6.80345        3  O          7.96559       405
   2.68918     3.15151    6.80345        3  O          7.96559       409
  -1.06695    -7.87879    0.666771       2  Ir         7.97861       128
  -1.06695     7.87879    0.666771       2  Ir         7.97861       141
   0.537376   -6.30303    4.87796        3  O          7.9882        258
   0.537376    6.30303    4.87796        3  O          7.9882        266
   4.81704    -1.57576    6.21312        3  O          8.01809       467
   4.81704     1.57576    6.21312        3  O          8.01809       469
   6.87969    -3.15151   -2.7189         3  O          8.0408        333
   6.87969     3.15151   -2.7189         3  O          8.0408        337
  -7.32728    -3.15151    1.03021        2  Ir         8.04253       147
  -7.32728     3.15151    1.03021        2  Ir         8.04253       151
   0.496438   -6.30303   -4.99475        3  O          8.05743       257
   0.496438    6.30303   -4.99475        3  O          8.05743       265
   5.86976     0          5.54058        2  Ir         8.07168       121
   7.7013     -1.57576   -1.83973        2  Ir         8.07326       209
   7.7013      1.57576   -1.83973        2  Ir         8.07326       211
  -5.9931     -1.57576    5.2317         3  O          8.10993       236
  -5.9931      1.57576    5.2317         3  O          8.10993       238
   6.59008    -4.72727   -0.168259       3  O          8.112         498
   6.59008     4.72727   -0.168259       3  O          8.112         503
   4.47007    -3.15151   -6.03685        3  O          8.14599       550
   4.47007     3.15151   -6.03685        3  O          8.14599       554
  -3.75196    -1.57576    7.08247        3  O          8.16833       383
  -3.75196     1.57576    7.08247        3  O          8.16833       385
   2.08215    -7.87879   -0.660263       3  O          8.17598       419
   2.08215     7.87879   -0.660263       3  O          8.17598       432
  -7.17961    -1.57576    3.59608        2  Ir         8.18301        73
  -7.17961     1.57576    3.59608        2  Ir         8.18301        75
  -1.91782    -7.87879   -1.12356        3  O          8.18631       342
  -1.91782     7.87879   -1.12356        3  O          8.18631       354
   0.357254   -7.87879   -2.54383        3  O          8.28698       306
   0.357254    7.87879   -2.54383        3  O          8.28698       316
   1.16288     0          8.25106        2  Ir         8.3326        224
   5.49517    -6.30303    0.44654        2  Ir         8.37404       154
   5.49517     6.30303    0.44654        2  Ir         8.37404       162
  -2.75264     0          7.91726        2  Ir         8.38213       188
   1.04868    -7.87879    2.69601        3  O          8.39306       561
   1.04868     7.87879    2.69601        3  O          8.39306       571
   6.82935    -1.57576    4.64803        3  O          8.40995       248
   6.82935     1.57576    4.64803        3  O          8.40995       250
  -8.44684     0         -0.566177       3  O          8.4658        361
  -2.00354     0         -8.24592        3  O          8.48583       294
  -6.99362    -3.15151   -3.74846        2  Ir         8.53779       107
  -6.99362     3.15151   -3.74846        2  Ir         8.53779       111
   4.51101    -6.30303    3.83586        3  O          8.64819       549
   4.51101     6.30303    3.83586        3  O          8.64819       557
   1.00774    -4.72727   -7.1767         3  O          8.65261       562
   1.00774     4.72727   -7.1767         3  O          8.65261       568
   5.86976    -3.15151    5.54058        2  Ir         8.66511       119
   5.86976     3.15151    5.54058        2  Ir         8.66511       123
   6.78841    -1.57576   -5.22468        3  O          8.70993       247
   6.78841     1.57576   -5.22468        3  O          8.70993       249
   0.398193   -4.72727    7.32888        3  O          8.7303        309
   0.398193    4.72727    7.32888        3  O          8.7303        315
   8.69308     0         -0.849151       3  O          8.73446       449
   3.64928    -1.57576    7.78834        2  Ir         8.74405       174
   3.64928     1.57576    7.78834        2  Ir         8.74405       176
  -8.04634    -1.57576   -3.07592        3  O          8.75716       455
  -8.04634     1.57576   -3.07592        3  O          8.75716       457
  -8.41788    -1.57576    1.88296        3  O          8.76865       272
  -8.41788     1.57576    1.88296        3  O          8.76865       274
  -1.54751    -7.87879    3.79658        3  O          8.88167       523
  -1.54751     7.87879    3.79658        3  O          8.88167       533
   1.16288    -3.15151    8.25106        2  Ir         8.90866       221
   1.16288     3.15151    8.25106        2  Ir         8.90866       227
   3.60834    -7.87879   -2.08437        2  Ir         8.91291       169
   3.60834     7.87879   -2.08437        2  Ir         8.91291       179
   2.28296     0         -8.61839        1  Sr         8.91564        46
  -5.94276    -6.30303   -2.13523        3  O          8.9221        320
  -5.94276     6.30303   -2.13523        3  O          8.9221        328
  -2.75264    -3.15151    7.91726        2  Ir         8.95501       186
  -2.75264     3.15151    7.91726        2  Ir         8.95501       190
  -0.667289   -7.87879   -4.20583        2  Ir         8.95598        92
  -0.667289    7.87879   -4.20583        2  Ir         8.95598       102
  -6.03404    -4.72727   -4.64101        3  O          8.96079       233
  -6.03404     4.72727   -4.64101        3  O          8.96079       239
   8.75206    -1.57576    1.24976        1  Sr         8.98018        33
   8.75206     1.57576    1.24976        1  Sr         8.98018        34
   5.6019     -1.57576   -6.8603         2  Ir         8.996          83
   5.6019      1.57576   -6.8603         2  Ir         8.996          85
  -8.44684    -3.15151   -0.566177       3  O          9.03337       360
  -8.44684     3.15151   -0.566177       3  O          9.03337       362
  -1.70605    -6.30303    6.26167        3  O          9.04695       477
  -1.70605     6.30303    6.26167        3  O          9.04695       485
  -2.00354    -3.15151   -8.24592        3  O          9.05215       292
  -2.00354     3.15151   -8.24592        3  O          9.05215       297
  -4.07038    -7.87879    1.83343        1  Sr         9.05565        19
  -4.07038     7.87879    1.83343        1  Sr         9.05565        29
  -1.87689    -1.57576    8.74915        3  O          9.08588       348
  -1.87689     1.57576    8.74915        3  O          9.08588       351
   4.40457    -7.87879    1.29929        3  O          9.11941       278
   4.40457     7.87879    1.29929        3  O          9.11941       287
  -4.11132    -1.57576   -8.03928        1  Sr         9.16602        22
  -4.11132     1.57576   -8.03928        1  Sr         9.16602        24
   4.81704    -4.72727    6.21312        3  O          9.17354       465
   4.81704     4.72727    6.21312        3  O          9.17354       471
  -3.7929     -7.87879   -2.79024        3  O          9.17861       378
  -3.7929      7.87879   -2.79024        3  O          9.17861       388
  -6.09285    -6.30303    2.74155        3  O          9.18516       575
  -6.09285     6.30303    2.74155        3  O          9.18516       583
   7.7013     -4.72727   -1.83973        2  Ir         9.2218        208
   7.7013      4.72727   -1.83973        2  Ir         9.2218        213
  -5.9931     -4.72727    5.2317         3  O          9.25392       234
  -5.9931      4.72727    5.2317         3  O          9.25392       240
  -6.95269     0          6.12425        2  Ir         9.26532       110
  -0.483011   -6.30303   -6.7838         2  Ir         9.27262        57
  -0.483011    6.30303   -6.7838         2  Ir         9.27262        65
   8.69308    -3.15151   -0.849151       3  O          9.28562       448
   8.69308     3.15151   -0.849151       3  O          9.28562       450
  -3.75196    -4.72727    7.08247        3  O          9.30514       381
  -3.75196     4.72727    7.08247        3  O          9.30514       387
  -7.17961    -4.72727    3.59608        2  Ir         9.31803        71
  -7.17961     4.72727    3.59608        2  Ir         9.31803        77
  -1.10789    -1.57576   -9.20594        2  Ir         9.4053        132
  -1.10789     1.57576   -9.20594        2  Ir         9.4053        135
  -6.13379     0         -7.13116        3  O          9.40621       578
  -8.31144     0          4.41953        3  O          9.4134        542
   0          -9.45454    0              3  O          9.45454       505
   0           9.45454    0              3  O          9.45454       520
   2.28296    -3.15151   -8.61839        1  Sr         9.45625        43
   2.28296     3.15151   -8.61839        1  Sr         9.45625        49
  -9.2141     -1.57576   -1.5007         2  Ir         9.46757       165
  -9.2141      1.57576   -1.5007         2  Ir         9.46757       166
   6.72959    -6.30303    2.15788        3  O          9.46954       587
   6.72959     6.30303    2.15788        3  O          9.46954       595
  -5.12115    -7.87879   -1.25606        2  Ir         9.48046       197
  -5.12115     7.87879   -1.25606        2  Ir         9.48046       206
   6.82935    -4.72727    4.64803        3  O          9.51794       246
   6.82935     4.72727    4.64803        3  O          9.51794       252
   2.12309    -1.57576    9.21245        3  O          9.58435       425
   2.12309     1.57576    9.21245        3  O          9.58435       428
   2.58465    -7.87879    4.8465         1  Sr         9.60439         6
   2.58465     7.87879    4.8465         1  Sr         9.60439        16
   5.82882    -6.30303   -4.33213        2  Ir         9.61617       116
   5.82882     6.30303   -4.33213        2  Ir         9.61617       124
   2.68918    -6.30303    6.80345        3  O          9.65644       403
   2.68918     6.30303    6.80345        3  O          9.65644       411
   1.12194    -9.45454   -1.62165        2  Ir         9.658         216
   1.12194     9.45454   -1.62165        2  Ir         9.658         230
   2.54371    -7.87879   -5.02621        1  Sr         9.68548         5
   2.54371     7.87879   -5.02621        1  Sr         9.68548        15
  -7.22055    -1.57576   -6.27663        2  Ir         9.69615        72
  -7.22055     1.57576   -6.27663        2  Ir         9.69615        74
   6.87969    -6.30303   -2.7189         3  O          9.71857       331
   6.87969     6.30303   -2.7189         3  O          9.71857       339
  -7.32728    -6.30303    1.03021        2  Ir         9.72          145
  -7.32728     6.30303    1.03021        2  Ir         9.72          152
  -0.626351   -7.87879    5.66688        2  Ir         9.72528        93
  -0.626351    7.87879    5.66688        2  Ir         9.72528       103
  -5.90182     0          7.73748        3  O          9.7314        325
   4.36363    -1.57576   -8.57342        3  O          9.74822       281
   4.36363     1.57576   -8.57342        3  O          9.74822       283
   9.02955    -1.57576   -3.37391        3  O          9.76724       392
   9.02955     1.57576   -3.37391        3  O          9.76724       394
   4.41654     0          8.72286        3  O          9.77723       371
   6.78841    -4.72727   -5.22468        3  O          9.78401       245
   6.78841     4.72727   -5.22468        3  O          9.78401       251
  -6.95269    -3.15151    6.12425        2  Ir         9.78664       108
  -6.95269     3.15151    6.12425        2  Ir         9.78664       112
  -1.9626     -9.45454    1.62679        3  O          9.79217       289
  -1.9626      9.45454    1.62679        3  O          9.79217       301
   4.47007    -6.30303   -6.03685        3  O          9.80578       548
   4.47007     6.30303   -6.03685        3  O          9.80578       556
   3.64928    -4.72727    7.78834        2  Ir         9.81441       172
   3.64928     4.72727    7.78834        2  Ir         9.81441       178
   2.3239     -9.45454    1.25432        1  Sr         9.81643        40
   2.3239      9.45454    1.25432        1  Sr         9.81643        54
  -8.04634    -4.72727   -3.07592        3  O          9.82609       453
  -8.04634     4.72727   -3.07592        3  O          9.82609       459
  -8.41788    -4.72727    1.88296        3  O          9.83633       270
  -8.41788     4.72727    1.88296        3  O          9.83633       275
  -0.040938    0         -9.87271        3  O          9.87279       512
   0.040938    0          9.87271        3  O          9.87279       513
   4.7761     -7.87879   -3.65958        3  O          9.91358       462
   4.7761      7.87879   -3.65958        3  O          9.91358       472
  -6.13379    -3.15151   -7.13116        3  O          9.92012       576
  -6.13379     3.15151   -7.13116        3  O          9.92012       580
  -8.31144    -3.15151    4.41953        3  O          9.92694       540
  -8.31144     3.15151    4.41953        3  O          9.92694       544
   6.92063     0          7.15381        3  O          9.9535        336
  -0.442073   -9.45454    3.08891        2  Ir         9.95616        56
  -0.442073    9.45454    3.08891        2  Ir         9.95616        68
  -8.35238     0         -5.45319        3  O          9.97494       541
END
