ATOMS
  *       x           y           z    ipot  Atom      Distance    Number
**********-  **********  **********  ******  ******  **********  ********
   0           0           0              0  O          0               0
  -0.118543   -0.248603   -1.83246        2  Ir         1.85304       163
   0.102686   -0.091174    1.8744         2  Ir         1.87942       196
   7.34872     3.79785    -5.64014        3  O         10.0119        331
  -1.21422    -4.05934     9.07618        3  O         10.0165        338
   3.35197    -7.78771     5.36107        2  Ir        10.0312         98
   5.49621     8.22984    -1.72163        3  O         10.045         218
   3.31684     7.81083     5.38708        2  Ir        10.0514        103
   2.34855    -9.5046     -2.30053        3  O         10.0571        359
  -2.88973    -1.15619    -9.5743         3  O         10.0675        225
  -5.1331      4.78352    -7.24633        3  O         10.0866        244
   2.51532    -1.1642     -9.71766        3  O         10.1052        232
   7.71847     6.08594    -2.41788        3  O         10.1222        366
   1.54658     3.80832     9.29948        3  O         10.1674        326
   5.27994     4.76995     7.26322        3  O         10.1678        257
  -3.05651    -9.49658    -2.15718        3  O         10.2069        354
   9.07702     2.53144    -3.97984        3  O         10.2294        275
   3.41728     7.79316    -5.69109        2  Ir        10.2372        138
   2.5621      9.94408    -0.222984       1  Sr        10.2713         48
   3.45241    -7.80538    -5.7171         2  Ir        10.2727        133
  -9.14438    -4.18264     2.12534        3  O         10.2777        466
   9.08873    -2.66808    -3.98851        3  O         10.2777        274
  -8.69187    -1.14572     5.36532        3  O         10.2785        221
  -3.84677    -1.38318     9.43417        3  O         10.2817        317
  -3.72761    -9.39017     1.97332        3  O         10.2939        469
  -0.141966   10.1504     -1.81512        2  Ir        10.3124        165
  -2.84296     9.95209    -0.079629       1  Sr        10.3505         43
  -8.85474    -1.37763    -5.21874        3  O         10.3701        313
  -7.09598     7.384      -1.70468        2  Ir        10.3818        144
   0.023424  -10.399      -0.017339       3  O         10.3991        423
  -0.023424   10.399       0.017339       3  O         10.3991        426
   9.65231     3.68563     1.47007        3  O         10.4361        465
  -4.08161    -3.79093    -8.82814        3  O         10.4387        369
  -7.52982     7.25089     0.143057       3  O         10.4544        390
   3.72563     2.60886    -9.41786        2  Ir        10.4586        101
  -5.23024    -0.119865   -9.06111        2  Ir        10.463          70
   3.73734    -2.59066    -9.42653        2  Ir        10.4661         99
   0.079262   10.3079      1.89173        2  Ir        10.4803        198
   6.00916     7.77379     3.65301        1  Sr        10.4827         67
  -0.027262    4.92066     9.26351        2  Ir        10.4893        117
  -6.24562     6.34525    -5.55939        3  O         10.4965        335
   0.163104    5.07164    -9.1958         2  Ir        10.5029         79
  -5.10967    -5.61551    -7.26367        3  O         10.5073        240
   8.73361     2.60331     5.23505        2  Ir        10.5099        105
  -5.53017     4.78598     7.54993        3  O         10.5114        245
   8.74532    -2.59621     5.22638        2  Ir        10.5136        104
   6.33897     7.44149    -3.87564        1  Sr        10.5156         35
   6.0443     -7.82475     3.627          1  Sr        10.5316         64
   5.67702     4.7675     -7.53304        3  O         10.569         256
   7.91021     0.066166    7.01644        1  Sr        10.5738         18
   5.38951    -0.286868    9.11148        2  Ir        10.59          122
  -7.2772     -2.45609    -7.29673        3  O         10.594         276
   5.30336    -5.62907     7.24588        3  O         10.5979        253
   0.186528   -5.32739    -9.21314        2  Ir        10.6441         75
  -8.49671     6.10997    -1.98782        3  O         10.6526        353
   0.12611   -10.4902      1.85706        2  Ir        10.6541        194
  -7.28891     2.74343    -7.28806        3  O         10.6663        278
   4.19084    -4.06735     8.93283        3  O         10.6725        345
  -9.86449     2.26601    -3.45424        1  Sr        10.6946         21
   0.113573   10.0703     -3.65927        3  O         10.7152        308
   1.93195     9.00538    -5.48811        3  O         10.7214        327
  -0.003838   -5.47837     9.24617        2  Ir        10.7473        113
   0.938084   -8.996       5.8161         3  O         10.7534        375
   2.09482     9.23729     5.09595        3  O         10.7557        236
   6.30801     6.59453     5.69875        3  O         10.7589        386
  -2.90145     4.04333    -9.56563        3  O         10.7828        227
  -7.90789     0.087742   -7.34976        1  Sr        10.7964          2
  -0.095119  -10.6476     -1.8498         2  Ir        10.8075        161
   2.50361     4.03532    -9.70899        3  O         10.8082        234
 -10.8101      0.016022    0.28671        3  O         10.8139        417
  10.8101     -0.016022   -0.28671        3  O         10.8139        432
  -9.85278    -2.93351    -3.46291        1  Sr        10.8478         20
  -1.86043    -7.66361    -7.44876        3  O         10.8479        280
  -2.25751    -7.66115     7.34751        3  O         10.8524        281
  -5.42061    -0.270845    9.39819        2  Ir        10.8528        109
  -7.69104     7.40469     2.02712        2  Ir        10.867         175
   5.57987    -0.135888   -9.34782        2  Ir        10.8874         83
  -5.50675    -5.61305     7.53259        3  O         10.889         241
  -3.85848     3.81633     9.44284        3  O         10.8913        319
   8.83405     2.58564    -5.84311        2  Ir        10.9027        140
  10.6916     -0.264625   -2.11917        2  Ir        10.9028        170
  -0.80543    -9.26131    -5.72875        3  O         10.9197        336
   8.84576    -2.61388    -5.85178        2  Ir        10.9235        139
 -10.7074     -0.075151    2.16111        2  Ir        10.9236        188
  -7.06085    -8.21454    -1.73069        2  Ir        10.9695        141
  -8.86646     3.82189    -5.21007        3  O         10.9711        314
   3.14755    -7.66916     7.20415        3  O         10.9828        289
 -10.6955     -2.14515    -1.30891        3  O         10.9868        205
  -8.70358     4.0538      5.37399        3  O         11.003         222
  -7.67427    -2.45363     7.49953        3  O         11.0072        277
   5.70044    -5.63153    -7.55038        3  O         11.0099        252
  -0.131033   10.3611      3.75927        3  O         11.0228        411
   7.53501    -6.36927     4.92658        3  O         11.0279        237
  10.9128     -0.107196    1.58769        2  Ir        11.0282        204
  -1.89556     7.93493    -7.42275        3  O         11.0297        286
  -3.47311     9.01339    -5.34476        3  O         11.0395        320
 -10.9287     -0.23258    -1.54575        2  Ir        11.0399        156
   0.289469   -0.040405  -11.0543         3  O         11.0582        408
   6.3741     -8.15705    -3.90165        1  Sr        11.063          32
  -2.29264     7.93739     7.37352        3  O         11.0737        287
  -0.084185  -10.437       3.7246         3  O         11.082         406
  -7.68599     2.74589     7.5082         3  O         11.09          279
  -7.14986     7.75498    -3.54111        3  O         11.1265        261
  -0.260081   -0.326243   11.1197         3  O         11.1275        306
  -3.31024     9.2453      5.2393         3  O         11.1303        229
  -1.23764     6.33969     9.09352        3  O         11.1542        342
  -8.30496     0.0902      7.4465         1  Sr        11.1549          3
   2.60894   -10.854      -0.257662       1  Sr        11.1661         44
   3.11241     7.92938     7.23016        3  O         11.1731        295
  -7.11473    -7.84356    -3.56711        3  O         11.1743        258
   1.30003     6.60009    -8.95416        3  O         11.1995        380
  -2.79611   -10.846      -0.114307       1  Sr        11.2012         39
 -10.6731     -0.312678   -3.3899         3  O         11.2029        298
 -10.7072      3.05436    -1.30024        3  O         11.21          206
  -7.49469    -8.34766     0.117049       3  O         11.2191        387
  -6.57457     8.90918     1.9088         3  O         11.2357        454
  10.7025     -0.05397     3.45523        3  O         11.2466        415
 -10.1826     -2.6012      4.06574        1  Sr        11.2686         52
  -7.52098     7.44597     3.88365        3  O         11.2734        437
 -10.1943      2.59831     4.07441        1  Sr        11.2817         53
  -9.1678      6.21639     2.14268        3  O         11.282         468
   0.548543    2.25244    11.0553         1  Sr        11.2958         30
  10.9247     -2.1772     -1.88233        3  O         11.2974        219
   8.68535     7.22685    -0.287007       3  O         11.3024        401
   0.160421  -10.7277     -3.69394        3  O         11.347         303
   1.0129      2.57983   -11.0086         1  Sr        11.3521         61
   3.54463    -7.67162    -7.59211        3  O         11.3604        288
   8.5409     -2.47766     7.06947        3  O         11.3606        296
   1.02461    -2.61968   -11.0172         1  Sr        11.3707         59
   8.30729     0.063709   -7.77983        1  Sr        11.3816         17
   8.52413     7.38066     1.59706        2  Ir        11.388         187
  -7.6559     -8.19385     2.00111        2  Ir        11.3911        172
   7.37214    -6.60118    -5.65748        3  O         11.3987        328
   6.7168      1.39256    -9.10618        3  O         11.4008        384
   8.52918     2.72185     7.07814        3  O         11.413         297
  -1.70713     2.23598   -11.0646         3  O         11.4167        441
  -6.63099     1.14819     9.22821        3  O         11.4214        334
   0.560255   -2.94707    11.0466         1  Sr        11.4467         28
  10.913       3.02232    -1.87366        3  O         11.4777        220
   1.57       -6.59071     9.28214        3  O         11.4918        322
   3.50949     7.92692    -7.5661         3  O         11.5065        294
   0.358105   10.1177     -5.52409        2  Ir        11.5331        118
   6.96335    -1.39921     9.14746        3  O         11.5811        330
  -1.69542    -2.96353   -11.0733         3  O         11.5877        439
  -2.13017     2.54992    11.1031         3  O         11.5896        266
   5.26309    10.1424     -1.95848        2  Ir        11.5933        169
  -2.11846    -2.6496     11.0945         3  O         11.6015        264
  -5.24195     5.07965    -9.05244        2  Ir        11.6287         72
 -10.9177     -0.021925    4.02865        3  O         11.6373        402
  10.9471     -0.344723   -3.96332        3  O         11.6476        312
   1.6306     11.3999      1.86464        3  O         11.6659        477
   5.3778      4.91265     9.12015        2  Ir        11.6718        124
  -4.46697    -8.98799     5.95945        3  O         11.6727        368
 -10.4286     -0.265292   -5.25472        2  Ir        11.6807        106
  -5.54702    10.1584     -1.67177        2  Ir        11.6944        160
   9.98126     1.1217     -5.99812        3  O         11.6988        350
  -5.38163   -10.391       0.126016       3  O         11.7026        418
   5.38163    10.391      -0.126016       3  O         11.7026        431
  -0.245686   10.2736      5.60914        2  Ir        11.7077         81
   3.27489     2.5419     10.9598         3  O         11.7176        272
  -7.48585    -8.15258     3.85764        3  O         11.7211        434
  -9.89545     1.41905     6.12015        3  O         11.7213        367
   4.16741     6.33168     8.95017        3  O         11.7287        349
  -5.21853    -5.31938    -9.06978        2  Ir        11.7384         68
   3.2866     -2.65761    10.9511         3  O         11.7385        270
  -5.42848    10.407       0.160694       3  O         11.7389        422
   5.42848   -10.407      -0.160694       3  O         11.7389        427
   2.3017     11.2935     -2.26586        3  O         11.7462        363
  -4.10503     6.6081     -8.8108         3  O         11.7537        373
   7.92192    -5.13335     7.00777        1  Sr        11.7566         16
  -5.3258     10.3159      2.03509        2  Ir        11.7866        193
   5.48432    10.2998      1.74838        2  Ir        11.7992        203
   7.8985      5.26568     7.02511        1  Sr        11.8096         19
  -7.07278    -2.57463    -9.13982        2  Ir        11.8401         88
  10.5879     -0.141442    5.30509        2  Ir        11.8434         87
  -7.08449     2.62488    -9.13115        2  Ir        11.8515         90
  -2.87802    -6.3557     -9.58297        3  O         11.8537        223
   9.67574    -6.7134      1.45273        3  O         11.8659        463
   7.0825     -9.40619     1.68661        3  O         11.8947        478
   2.52704    -6.36371    -9.72633        3  O         11.8947        230
   4.59963    -9.26932    -5.87211        3  O         11.8978        343
  -5.27895   -10.4822      2.00041        2  Ir        11.9057        189
  -3.10336    11.3015     -2.1225         3  O         11.9105        358
  -0.198838  -10.5244      5.57446        2  Ir        11.9113         74
   9.11919     7.35996    -2.13474        2  Ir        11.9116        155
  -5.29148    10.0783     -3.51591        3  O         11.9136        302
   5.40122    -5.48638     9.10281        2  Ir        11.922         120
  -5.43232     4.92867     9.40686        2  Ir        11.9286        111
   8.69419     7.42193     3.45358        3  O         11.9416        450
  -7.89617    -5.11177    -7.35843        1  Sr        11.9426          1
   6.72851    -3.80695    -9.11485        3  O         11.9518        382
  10.6799      4.93489    -2.1105         2  Ir        11.9527        171
   8.55927    -8.21788     1.57105        2  Ir        11.9692        184
 -10.7984     -5.18349     0.27804        3  O         11.9813        416
  10.7984      5.18349    -0.27804        3  O         11.9813        433
   5.53117   -10.4982      1.7137         2  Ir        11.9893        199
   5.56816     5.06363    -9.33915        2  Ir        11.9944         85
  -1.14609    -1.49786     1.74811        3  O          2.57157       456
   2.58552    -0.454948   -0.240323       1  Sr         2.63622        46
   1.65402     1.00085     1.8473         3  O          2.67395       475
   0.114577   -2.16117    -1.59562        3  O          2.68883       212
  -2.81954    -0.446936   -0.096968       1  Sr         2.85639        41
  -2.11306     2.04336    -0.008967       3  O          2.93946       393
  -1.67922     2.17647    -1.8567         2  Ir         3.31725       147
   2.32512     0.894432   -2.28319        3  O          3.37923       361
   0.102865    3.03834    -1.58695        3  O          3.42936       213
  -2.27427     2.19717     1.8751         2  Ir         3.67639       178
   0.136997   -0.3287     -3.6766         3  O          3.69381       305
  -0.107609   -0.037948    3.74194        3  O          3.74368       409
  -2.10134    -3.15615    -0.017636       3  O          3.79174       392
  -3.07994     0.902444   -2.13984        3  O          3.85737       356
   3.292       2.03535    -0.152322       3  O          3.87339       397
  -1.6675     -3.02304    -1.86537        2  Ir         3.92415       146
   3.13079     2.18916     1.73174        2  Ir         4.19442       182
  -2.26256    -3.00235     1.86643        2  Ir         4.19724       177
  -1.1578      3.70166     1.75678        3  O          4.25782       457
  -3.75104     1.00886     1.99066        3  O          4.36472       471
   0.945621    2.24999    -3.74095        1  Sr         4.4667         29
   3.30371    -3.16417    -0.160991       3  O          4.57738       396
   0.615817    2.58229     3.7877         1  Sr         4.62538        62
   0.627528   -2.61722     3.77903        1  Sr         4.63947        60
   3.1425     -3.01036     1.72307        2  Ir         4.68044       181
   3.72584     2.16846    -2.00006        2  Ir         4.7523        151
   4.25897    -1.50587     1.60475        3  O          4.79392       460
  -1.73309     2.54746    -3.69313        3  O          4.80961       265
  -2.10421     2.23844     3.73162        3  O          4.83356       442
   0.957333   -2.94953    -3.74962        1  Sr         4.86579        27
  -1.72138    -2.65206    -3.7018         3  O          4.86825       263
   1.66573    -4.19866     1.83863        3  O          4.87689       474
  -2.0925     -2.96107     3.72295        3  O          5.19681       440
   0.011712   -5.19951    -0.008669       3  O          5.19954       424
  -0.011712    5.19951     0.008669       3  O          5.19954       425
   3.73755    -3.03105    -2.00873        2  Ir         5.21455       150
  -0.130254    4.95091    -1.82379        2  Ir         5.27776       164
   3.30084     2.23043     3.58827        3  O          5.36153       446
   2.57381     4.74457    -0.231654       1  Sr         5.40269        47
  -5.40506     0.008011    0.143355       3  O          5.40696       420
   5.40506    -0.008011   -0.143355       3  O          5.40696       429
   2.33683    -4.30508    -2.29186        3  O          5.40806       360
   0.090974    5.10834     1.88306        2  Ir         5.44512       197
  -2.83125     4.75258    -0.088299       1  Sr         5.5327         42
   0.381529   -0.281314   -5.54143        2  Ir         5.56166       114
  -0.222262   -0.125419    5.5918         2  Ir         5.59762        78
   0.114398   -5.29069     1.86573        2  Ir         5.61118       195
   2.11824    -1.16174     5.07861        3  O          5.62395       233
   5.28651    -0.256614   -1.97582        2  Ir         5.64951       167
  -5.30237    -0.083162    2.01775        2  Ir         5.67392       191
  -3.06822    -4.29707    -2.14851        3  O          5.70043       355
   3.31256    -2.96909     3.5796         3  O          5.70982       445
  -0.106831   -5.44812    -1.84113        2  Ir         5.7518        162
   5.50774    -0.099185    1.73104        2  Ir         5.77422       201
  -5.5236     -0.240592   -1.68911        2  Ir         5.7811        158
   4.24726     3.69364     1.61343        3  O          5.85537       461
  -0.828854    1.13772    -5.71141        3  O          5.88232       339
   3.67196     2.53945    -3.83649        3  O          5.88649       271
  -5.29048    -2.15316    -1.45226        3  O          5.89358       208
   3.68368    -2.66007    -3.84516        3  O          5.95236       269
  -3.73932    -4.19065     1.98199        3  O          5.95587       470
   1.95537    -1.39365    -5.50545        3  O          6.00631       323
   0.91466     1.40303     5.83344        3  O          6.06911       379
   0.125285    4.87081    -3.66793        3  O          6.09871       307
  -4.45944     2.258      -3.5976         1  Sr         6.15856        24
   5.51963    -2.16918    -1.73897        3  O          6.18027       216
   2.59723    -5.65446    -0.248993       1  Sr         6.2274         45
  -3.28681    -1.15373     5.22196        3  O          6.27719       226
  -5.30219     3.04635    -1.44359        3  O          6.28311       209
  -2.80783    -5.64645    -0.105638       1  Sr         6.30694        40
  -5.26806    -0.320689   -3.53325        3  O          6.35131       300
  -0.119321    5.16157     3.75061        3  O          6.38146       410
   5.29745    -0.045959    3.59858        3  O          6.40428       413
  -2.0648     -2.58019     5.51309        2  Ir         6.42767        94
  -0.095897   -5.23746     3.73327        3  O          6.43253       407
  -4.44772    -2.94152    -3.60627        1  Sr         6.43739        23
  -1.97607     2.60166    -5.5564         2  Ir         6.4457        130
  -1.96435    -2.59786    -5.56507        2  Ir         6.44807       128
  -2.07651     2.61933     5.52176        2  Ir         6.45466        96
   5.50792     3.03033    -1.7303         3  O          6.52028       217
  -3.44969    -1.38564    -5.3621         3  O          6.52475       316
   0.148709   -5.52821    -3.68527        3  O          6.64564       304
   1.64231     6.20036     1.85597        3  O          6.6773        476
  -4.77753    -2.60921     3.92238        1  Sr         6.70953        55
  -4.78924     2.5903      3.93105        1  Sr         6.71563        56
   5.54205    -0.336711   -3.81996        3  O          6.73942       310
  -5.51267    -0.029936    3.88529        3  O          6.74432       404
   2.10653     4.03777     5.08728        3  O          6.82799       235
   3.34026    -2.5882      5.36974        2  Ir         6.83302       100
   3.32855     2.61132     5.37841        2  Ir         6.84292       102
   2.31341     6.09395    -2.27453        3  O          6.90373       362
   1.94366     3.80586    -5.49678        3  O          6.96254       325
  -6.55114    -1.48985     1.89146        3  O          6.9796        452
  -1.13437    -6.69737     1.73944        3  O          7.01194       455
   0.926372   -3.79648     5.82477        3  O          7.01423       377
  -0.817142   -4.06179    -5.72008        3  O          7.06295       337
   3.42899     2.59365    -5.69976        2  Ir         7.13948       136
   3.4407     -2.60587    -5.70843        2  Ir         7.15648       134
  -3.09165     6.10196    -2.13117        3  O          7.16478       357
   7.05908     0.992839    1.70395        3  O          7.32938       480
  -5.02353    -0.273303   -5.39807        2  Ir         7.37901       108
  -3.29853     4.04579     5.23063        3  O          7.38973       228
  -0.113406   -0.421549    7.39791        3  O          7.41078       249
   0.369817    4.9182     -5.53276        2  Ir         7.41194       116
   0.283672   -0.424006   -7.39836        3  O          7.41593       248
  -3.4614      3.81387    -5.35343        3  O          7.42874       318
  -5.39335    -5.1915      0.134686       3  O          7.48719       419
   5.39335     5.1915     -0.134686       3  O          7.48719       430
   5.2748      4.9429     -1.96715        2  Ir         7.49169       168
   6.02087     2.57428     3.64434        1  Sr         7.49393        66
  -5.41677     5.20753     0.152024       3  O          7.51551       421
   5.41677    -5.20753    -0.152024       3  O          7.51551       428
   4.5762      1.12971    -5.85477        3  O          7.5164        346
   6.03259    -2.62524     3.63567        1  Sr         7.51679        65
   5.18279    -0.13343     5.44844        2  Ir         7.52095        84
  -3.76275     6.20838     1.99933        3  O          7.52991       472
   0.126289   -7.36069    -1.60429        3  O          7.53455       211
  -2.12477     7.24287    -0.000298       3  O          7.5481        394
  -0.233974    5.07409     5.60047        2  Ir         7.56085        80
   2.50515     0.074177    7.15979        1  Sr         7.58577        13
  -4.4904      1.41104     5.97679        3  O          7.60768       372
  -7.08427     2.18448    -1.71335        2  Ir         7.60884       143
  -5.53531     4.95892    -1.68044        2  Ir         7.61935       159
  -5.31408     5.11635     2.02642        2  Ir         7.65003       192
   5.49603     5.10033     1.73971        2  Ir         7.69716       202
  -0.21055    -5.32493     5.58313        2  Ir         7.7182         76
  -5.29066    -5.28268     2.00908        2  Ir         7.74172       190
  -6.56286     3.70967     1.90013        3  O          7.77452       453
   6.35068     2.24197    -3.88431        1  Sr         7.77467        34
  -1.69093     7.37599    -1.84803        2  Ir         7.78971       148
  -7.51811     2.05137     0.134388       3  O          7.79411       389
   0.39324    -5.48083    -5.5501         2  Ir         7.8101        112
   5.51945    -5.2987      1.72237        2  Ir         7.84265       200
  -2.89991     0.082189    7.30315        1  Sr         7.85826         7
   5.29823    -5.45613    -1.98449        2  Ir         7.85994       166
  -7.07256    -3.01503    -1.72202        2  Ir         7.87889       142
  -2.50283     0.079731   -7.49312        1  Sr         7.90046         6
  -5.51189    -5.44011    -1.69778        2  Ir         7.92831       157
   3.28029     7.23486    -0.143652       3  O          7.94507       398
  -2.28598     7.39668     1.88377        2  Ir         7.96776       179
  -5.27977     4.87882    -3.52458        3  O          8.00635       301
   7.99058    -0.462959   -0.383678       1  Sr         8.01317        50
   6.36239    -2.95754    -3.89298        1  Sr         8.02386        33
  -5.62732    -0.117408    5.73515        2  Ir         8.0357         71
  -1.87214    -2.4641     -7.44009        3  O          8.05801       282
  -2.26922    -2.46164     7.35618        3  O          8.08222       283
   4.27068    -6.70538     1.59609        3  O          8.10854       459
   5.78659    -0.289325   -5.68478        2  Ir         8.11696       121
  -1.88385     2.73542    -7.43142        3  O          8.13986       284
  -7.5064     -3.14814     0.125719       3  O          8.1408        388
   7.73018     0.886421   -2.42655        3  O          8.15043       365
   2.90223     0.07172    -7.63647        1  Sr         8.16969        12
  -2.28093     2.73787     7.36485        3  O          8.18166       285
   3.11907     7.38867     1.74041        2  Ir         8.20671       183
   5.28574     5.15355     3.60725        3  O          8.21647       414
  -8.2246     -0.438925    0.046387       1  Sr         8.23643        37
  -7.67933     2.20518     2.01845        2  Ir         8.24069       174
   3.13584    -2.46965     7.21282        3  O          8.24363       291
   5.30916    -5.24547     3.58991        3  O          8.28189       412
   5.53034     4.8628     -3.81129        3  O          8.29201       311
   3.12413     2.72986     7.22149        3  O          8.3284        293
  -4.47868    -3.78847     5.96812        3  O          8.36837       370
  -7.13815     2.55547    -3.54978        3  O          8.37165       260
   0.93391     7.4495     -3.73229        1  Sr         8.38434        31
   0.091153    8.23785    -1.57828        3  O          8.38818       214
  -7.12644    -2.64405    -3.55844        3  O          8.39283       259
   7.07079    -4.20667     1.69528        3  O          8.40037       479
  -5.25635    -5.5202     -3.54192        3  O          8.40518       299
   2.12996    -6.36125     5.06994        3  O          8.40872       231
  -6.23391     1.14573    -5.56806        3  O          8.43668       333
  -7.66762    -2.99433     2.00978        2  Ir         8.47335       173
   4.58791    -4.0698     -5.86344        3  O          8.48482       344
   3.71413     7.36798    -1.99139        2  Ir         8.48808       152
  -5.52438     5.16958     3.89396        3  O          8.50918       405
  -5.50095    -5.22945     3.87662        3  O          8.52267       403
  -0.840566    6.33723    -5.70275        3  O          8.5667        341
  -2.11592     7.43795     3.74029        3  O          8.59012       443
  -1.65579    -8.22256    -1.87404        2  Ir         8.59442       145
  -2.08963    -8.35567    -0.026306       3  O          8.61304       391
   6.31972     1.39502     5.69008        3  O          8.61754       385
   0.604105    7.7818      3.79637        1  Sr         8.67951        63
   0.63924    -7.81674     3.77036        1  Sr         8.70205        58
  -2.25085    -8.20186     1.85776        2  Ir         8.70564       176
   3.53292    -2.47211    -7.58344        3  O          8.72361       290
   5.55377    -5.53622    -3.82863        3  O          8.72654       309
  -7.50927     2.24645     3.87498        3  O          8.74363       436
  -1.7448      7.74697    -3.68446        3  O          8.75415       267
  -8.48499     0.910455   -1.99648        3  O          8.76413       352
   3.52121     2.72741    -7.57477        3  O          8.7872        292
   0.27196     4.77551    -7.38969        3  O          8.80267       250
  -0.125118    4.77797     7.40658        3  O          8.81487       251
   1.96708    -6.59316    -5.51412        3  O          8.8173        321
  -3.2751     -6.35324     5.21329        3  O          8.84694       224
  -1.70967    -7.85157    -3.71047        3  O          8.85086       262
   0.902948    6.60254     5.84211        3  O          8.86223       381
  -5.03524     4.92621    -5.3894         2  Ir         8.86943       110
   3.28913     7.42994     3.59694        3  O          8.88597       447
  -5.12139    -0.415995   -7.255          3  O          8.89026       242
   8.69706     2.02734    -0.295677       3  O          8.93512       400
  -7.49756    -2.95306     3.86631        3  O          8.93769       435
   8.53584     2.18114     1.58839        2  Ir         8.95215       186
   3.15421    -8.20987     1.7144         2  Ir         8.96048       180
   5.29165    -0.42956     7.25455        3  O          8.98969       255
   3.31542    -8.36368    -0.169661       3  O          8.99844       395
   0.969045   -8.14904    -3.75829        1  Sr         9.02611        26
   5.17108     5.06608     5.45711        2  Ir         9.06561        86
   7.5233     -1.16975     4.93525        3  O          9.07332       238
  -1.16951     8.90117     1.76545        3  O          9.14961       458
   2.51686    -5.12534     7.15112        1  Sr         9.15108        11
   1.31174     1.40057    -8.96283        3  O          9.16594       378
  -3.43798    -6.58515    -5.37077        3  O          9.16674       315
  -5.27877    -7.35268    -1.46093        3  O          9.16851       207
  -5.01182    -5.47282    -5.40674        2  Ir         9.18166       107
   7.74189    -4.31309    -2.43522        3  O          9.19075       364
   8.54755    -3.01837     1.57972        2  Ir         9.20145       185
  -2.08079    -8.16059     3.71428        3  O          9.20439       438
   0.174816   -0.127877   -9.20447        2  Ir         9.20702        77
   5.19451    -5.33294     5.43977        2  Ir         9.22032        82
  -1.22593     1.14018     9.08485        3  O          9.23783       340
   2.49344     5.27369     7.16846        1  Sr         9.24207        15
  -0.01555    -0.278856    9.25484        2  Ir         9.25905       115
   3.74926    -8.23057    -2.0174         2  Ir         9.26656       149
   8.70877    -3.17218    -0.304346       3  O          9.27351       399
  -0.101694   -5.62106     7.38924        3  O          9.2848        247
   7.97886     4.73656    -0.375009       1  Sr         9.28644        51
  -6.2222     -4.05378    -5.57673        3  O          9.28702       332
   0.295384   -5.62352    -7.40703        3  O          9.30458       246
   6.33143    -3.8045      5.68141        3  O          9.31878       383
  -5.51846    -0.413538    7.54126        3  O          9.35388       243
  -2.8882     -5.11733     7.29448        1  Sr         9.36686         5
   3.66025     7.73896    -3.82782        3  O          9.37769       273
   5.53135    -7.3687     -1.74764        3  O          9.37805       215
   7.36043    -1.40166    -5.64881        3  O          9.38347       329
  -4.47115     7.45751    -3.58893        1  Sr         9.4067         25
  -2.49112    -5.11978    -7.50179        1  Sr         9.41778         4
  -9.15609     1.01687     2.13401        3  O          9.45632       467
   5.68873    -0.432018   -7.54171        3  O          9.45652       254
   5.77487     4.91019    -5.67611        2  Ir         9.46981       123
  -2.91162     5.2817      7.31182        1  Sr         9.47822         9
  -2.51454     5.27925    -7.48445        1  Sr         9.49791         8
   3.69539    -7.85958    -3.85382        3  O          9.50162       268
  -7.36941    -2.58984    -5.42172        2  Ir         9.50845       125
  -8.23631     4.76059     0.055056       1  Sr         9.51331        38
   3.32427    -8.1686      3.57093        3  O          9.51464       444
  -7.38112     2.60967    -5.41305        2  Ir         9.51801       126
  -5.63903     5.08211     5.74382        2  Ir         9.51935        73
   1.55829    -1.39119     9.29081        3  O          9.52276       324
   7.04737     6.19235     1.71262        3  O          9.53644       481
  -6.53943    -6.68936     1.8828         3  O          9.54236       451
  -5.61561    -5.31692     5.72648        2  Ir         9.62275        69
   8.7059      2.22242     3.44491        3  O          9.62285       449
   9.1309      2.16045    -2.14341        2  Ir         9.62471       154
   2.91394    -5.12779    -7.64514        1  Sr         9.65575        10
  -8.47328    -4.28906    -2.00515        3  O          9.70635       351
   2.89052     5.27123    -7.6278         1  Sr         9.71207        14
  -7.46985    -2.57218     5.65645        2  Ir         9.71649        89
   1.67745    -9.39818     1.82996        3  O          9.72051       473
  -7.48157     2.62734     5.66512        2  Ir         9.74527        91
  -2.05308    -7.7797      5.50443        2  Ir         9.74872        92
   4.56449     6.32922    -5.8461         3  O          9.75041       348
  -1.98778     7.80117    -5.54774        2  Ir         9.77686       132
  -1.66772    -2.58264    -9.28317        2  Ir         9.77899        93
  -1.95264    -7.79737    -5.57374        2  Ir         9.78153       127
  -1.67943     2.61687    -9.2745         2  Ir         9.78186        95
  -2.08822     7.81884     5.53043        2  Ir         9.80207        97
   5.7983     -5.48884    -5.69345        2  Ir         9.80627       119
   8.00229    -5.66247    -0.392348       1  Sr         9.81092        49
  -4.09332     1.40858    -8.81947        3  O          9.82458       371
   8.71761    -2.9771      3.43624        3  O          9.83197       448
   1.32345    -3.79894    -8.9715         3  O          9.83215       376
   7.51159     4.02976     4.94392        3  O          9.85421       239
   9.14261    -3.03906    -2.15208        2  Ir         9.87191       153
  -2.36143    -2.5954      9.23119        2  Ir         9.87559       129
  -2.37314     2.60412     9.23986        2  Ir         9.8888        131
   9.66403    -1.51388     1.4614         3  O          9.89045       464
  -5.3139      8.24587    -1.43492        3  O          9.91418       210
   3.04363    -2.60341     9.08784        2  Ir         9.93127       135
   3.03191     2.59611     9.09651        2  Ir         9.93371       137
   4.17912     1.13217     8.9415         3  O          9.93465       347
  -4.76582    -7.80873     3.91371        1  Sr         9.9502         54
  -4.43601    -8.14103    -3.61494        1  Sr         9.951          22
  -8.21288    -5.63844     0.037717       1  Sr         9.96217        36
  -4.80095     7.78981     3.93972        1  Sr         9.96252        57
   4.23555     8.89316     1.62209        3  O          9.98295       462
  -4.50211     6.61056     5.98546        3  O          9.9897        374
END
