    0.1507330463E-03   -0.5305882023E+05    0.5739480345E+01
    0.1584612949E-03   -0.5046997701E+05    0.5739480241E+01
    0.1665857792E-03   -0.4800811483E+05    0.5739480029E+01
    0.1751268148E-03   -0.4566564162E+05    0.5739479700E+01
    0.1841057586E-03   -0.4343805065E+05    0.5739479248E+01
    0.1935450626E-03   -0.4131850299E+05    0.5739478664E+01
    0.2034683302E-03   -0.3930288971E+05    0.5739477939E+01
    0.2139003746E-03   -0.3738505231E+05    0.5739477061E+01
    0.2248672813E-03   -0.3556124283E+05    0.5739476017E+01
    0.2363964733E-03   -0.3382592041E+05    0.5739474795E+01
    0.2485167797E-03   -0.3217566334E+05    0.5739473380E+01
    0.2612585075E-03   -0.3060548599E+05    0.5739471753E+01
    0.2746535176E-03   -0.2911226491E+05    0.5739469896E+01
    0.2887353046E-03   -0.2769151679E+05    0.5739467787E+01
    0.3035390802E-03   -0.2634038909E+05    0.5739465404E+01
    0.3191018616E-03   -0.2505484890E+05    0.5739462719E+01
    0.3354625639E-03   -0.2383229221E+05    0.5739459705E+01
    0.3526620974E-03   -0.2266909300E+05    0.5739456328E+01
    0.3707434697E-03   -0.2156287341E+05    0.5739452554E+01
    0.3897518939E-03   -0.2051037181E+05    0.5739448342E+01
    0.4097349008E-03   -0.1950941817E+05    0.5739443649E+01
    0.4307424584E-03   -0.1855707972E+05    0.5739438427E+01
    0.4528270965E-03   -0.1765137569E+05    0.5739432622E+01
    0.4760440382E-03   -0.1678966774E+05    0.5739426175E+01
    0.5004513380E-03   -0.1597014899E+05    0.5739419020E+01
    0.5261100268E-03   -0.1519044670E+05    0.5739411085E+01
    0.5530842647E-03   -0.1444891250E+05    0.5739402291E+01
    0.5814415013E-03   -0.1374341131E+05    0.5739392549E+01
    0.6112526445E-03   -0.1307244030E+05    0.5739381760E+01
    0.6425922378E-03   -0.1243407892E+05    0.5739369818E+01
    0.6755386463E-03   -0.1182695686E+05    0.5739356604E+01
    0.7101742534E-03   -0.1124934550E+05    0.5739341984E+01
    0.7465856660E-03   -0.1069999624E+05    0.5739325815E+01
    0.7848639316E-03   -0.1017735367E+05    0.5739307936E+01
    0.8251047659E-03   -0.9680279979E+04    0.5739288169E+01
    0.8674087919E-03   -0.9207374762E+04    0.5739266319E+01
    0.9118817916E-03   -0.8757601849E+04    0.5739242170E+01
    0.9586349708E-03   -0.8329700778E+04    0.5739215483E+01
    0.1007785237E-02   -0.7922727835E+04    0.5739185995E+01
    0.1059455491E-02   -0.7535547817E+04    0.5739153415E+01
    0.1113774935E-02   -0.7167301776E+04    0.5739117424E+01
    0.1170879397E-02   -0.6816967634E+04    0.5739077666E+01
    0.1230911668E-02   -0.6483763500E+04    0.5739033753E+01
    0.1294021859E-02   -0.6166768573E+04    0.5738985252E+01
    0.1360367778E-02   -0.5865271553E+04    0.5738931689E+01
    0.1430115326E-02   -0.5578443149E+04    0.5738872539E+01
    0.1503438906E-02   -0.5305636186E+04    0.5738807225E+01
    0.1580521867E-02   -0.5046103321E+04    0.5738735109E+01
    0.1661556956E-02   -0.4799256082E+04    0.5738655488E+01
    0.1746746803E-02   -0.4564421200E+04    0.5738567585E+01
    0.1836304427E-02   -0.4341063495E+04    0.5738470547E+01
    0.1930453768E-02   -0.4128576052E+04    0.5738363431E+01
    0.2029430249E-02   -0.3926472443E+04    0.5738245199E+01
    0.2133481363E-02   -0.3734205757E+04    0.5738114704E+01
    0.2242867292E-02   -0.3551333797E+04    0.5737970687E+01
    0.2357861557E-02   -0.3377363417E+04    0.5737811757E+01
    0.2478751704E-02   -0.3211892859E+04    0.5737636383E+01
    0.2605840021E-02   -0.3054477617E+04    0.5737442879E+01
    0.2739444296E-02   -0.2904752599E+04    0.5737229387E+01
    0.2879898609E-02   -0.2762316895E+04    0.5736993862E+01
    0.3027554168E-02   -0.2626838917E+04    0.5736734054E+01
    0.3182780189E-02   -0.2497957210E+04    0.5736447484E+01
    0.3345964819E-02   -0.2375370549E+04    0.5736131426E+01
    0.3517516104E-02   -0.2258752851E+04    0.5735782880E+01
    0.3697863011E-02   -0.2147830622E+04    0.5735398546E+01
    0.3887456502E-02   -0.2042309802E+04    0.5734974797E+01
    0.4086770659E-02   -0.1941942020E+04    0.5734507643E+01
    0.4296303871E-02   -0.1846461931E+04    0.5733992701E+01
    0.4516580081E-02   -0.1755644093E+04    0.5733425151E+01
    0.4748150094E-02   -0.1669249174E+04    0.5732799703E+01
    0.4991592955E-02   -0.1587072492E+04    0.5732110545E+01
    0.5247517398E-02   -0.1508898045E+04    0.5731351298E+01
    0.5516563369E-02   -0.1434540097E+04    0.5730514961E+01
    0.5799403621E-02   -0.1363803782E+04    0.5729593854E+01
    0.6096745403E-02   -0.1296520511E+04    0.5728579554E+01
    0.6409332224E-02   -0.1232514381E+04    0.5727462832E+01
    0.6737945714E-02   -0.1171632446E+04    0.5726233571E+01
    0.7083407578E-02   -0.1113715987E+04    0.5724880693E+01
    0.7446581651E-02   -0.1058626210E+04    0.5723392073E+01
    0.7828376056E-02   -0.1006219821E+04    0.5721754441E+01
    0.8229745479E-02   -0.9563709302E+03    0.5719953287E+01
    0.8651693553E-02   -0.9089502237E+03    0.5717972752E+01
    0.9095275367E-02   -0.8638434854E+03    0.5715795513E+01
    0.9561600107E-02   -0.8209339529E+03    0.5713402658E+01
    0.1005183383E-01   -0.7801180503E+03    0.5710773555E+01
    0.1056720237E-01   -0.7412903965E+03    0.5707885711E+01
    0.1110899442E-01   -0.7043570393E+03    0.5704714621E+01
    0.1167856474E-01   -0.6692228170E+03    0.5701233610E+01
    0.1227733756E-01   -0.6358025476E+03    0.5697413660E+01
    0.1290681012E-01   -0.6040102952E+03    0.5693223239E+01
    0.1356855642E-01   -0.5737689011E+03    0.5688628105E+01
    0.1426423119E-01   -0.5450007737E+03    0.5683591115E+01
    0.1499557396E-01   -0.5176358445E+03    0.5678072014E+01
    0.1576441348E-01   -0.4916041367E+03    0.5672027231E+01
    0.1657267224E-01   -0.4668421433E+03    0.5665409646E+01
    0.1742237132E-01   -0.4432866624E+03    0.5658168373E+01
    0.1831563540E-01   -0.4208801072E+03    0.5650248522E+01
    0.1925469810E-01   -0.3995654710E+03    0.5641590969E+01
    0.2024190758E-01   -0.3792905991E+03    0.5632132115E+01
    0.2127973238E-01   -0.3600039475E+03    0.5621803659E+01
    0.2237076759E-01   -0.3416583054E+03    0.5610532362E+01
    0.2351774137E-01   -0.3242071336E+03    0.5598239832E+01
    0.2472352175E-01   -0.3076076768E+03    0.5584842310E+01
    0.2599112382E-01   -0.2918179124E+03    0.5570250487E+01
    0.2732371724E-01   -0.2767990830E+03    0.5554369325E+01
    0.2872463418E-01   -0.2625133775E+03    0.5537097930E+01
    0.3019737766E-01   -0.2489256242E+03    0.5518329439E+01
    0.3174563032E-01   -0.2360017045E+03    0.5497950968E+01
    0.3337326359E-01   -0.2237098191E+03    0.5475843599E+01
    0.3508434741E-01   -0.2120191605E+03    0.5451882444E+01
    0.3688316037E-01   -0.2009009507E+03    0.5425936758E+01
    0.3877420044E-01   -0.1903274339E+03    0.5397870166E+01
    0.4076219620E-01   -0.1802725327E+03    0.5367540948E+01
    0.4285211869E-01   -0.1707112534E+03    0.5334802469E+01
    0.4504919380E-01   -0.1616200059E+03    0.5299503688E+01
    0.4735891536E-01   -0.1529762376E+03    0.5261489832E+01
    0.4978705887E-01   -0.1447586320E+03    0.5220603190E+01
    0.5233969597E-01   -0.1369468644E+03    0.5176684075E+01
    0.5502320956E-01   -0.1295216172E+03    0.5129571948E+01
    0.5784430984E-01   -0.1224646256E+03    0.5079106710E+01
    0.6081005103E-01   -0.1157583726E+03    0.5025130197E+01
    0.6392784901E-01   -0.1093863938E+03    0.4967487835E+01
    0.6720549992E-01   -0.1033328431E+03    0.4906030529E+01
    0.7065119958E-01   -0.9758288124E+02    0.4840616671E+01
    0.7427356405E-01   -0.9212211922E+02    0.4771114443E+01
    0.7808165111E-01   -0.8693718269E+02    0.4697404140E+01
    0.8208498297E-01   -0.8201500252E+02    0.4619380846E+01
    0.8629357004E-01   -0.7734349373E+02    0.4536956993E+01
    0.9071793599E-01   -0.7291074684E+02    0.4450065339E+01
    0.9536914403E-01   -0.6870584419E+02    0.4358661617E+01
    0.1002588246E+00   -0.6471789864E+02    0.4262727684E+01
    0.1053992045E+00   -0.6093700722E+02    0.4162274050E+01
    0.1108031372E+00   -0.5735320213E+02    0.4057343018E+01
    0.1164841356E+00   -0.5395748451E+02    0.3948010823E+01
    0.1224564049E+00   -0.5074066093E+02    0.3834390512E+01
    0.1287348790E+00   -0.4769454124E+02    0.3716633363E+01
    0.1353352574E+00   -0.4481063011E+02    0.3594931254E+01
    0.1422740444E+00   -0.4208145073E+02    0.3469516992E+01
    0.1495685907E+00   -0.3949912193E+02    0.3340665874E+01
    0.1572371363E+00   -0.3705682686E+02    0.3208694579E+01
    0.1652988567E+00   -0.3474722984E+02    0.3073961709E+01
    0.1737739103E+00   -0.3256412437E+02    0.2936864927E+01
    0.1826834892E+00   -0.3050069168E+02    0.2797840303E+01
    0.1920498720E+00   -0.2855132797E+02    0.2657357520E+01
    0.2018964795E+00   -0.2670969894E+02    0.2515918063E+01
    0.2122479333E+00   -0.2497080353E+02    0.2374048446E+01
    0.2231301176E+00   -0.2332880333E+02    0.2232297371E+01
    0.2345702434E+00   -0.2177933815E+02    0.2091227174E+01
    0.2465969169E+00   -0.2031706932E+02    0.1951410398E+01
    0.2592402112E+00   -0.1893830421E+02    0.1813419788E+01
    0.2725317411E+00   -0.1763822105E+02    0.1677824754E+01
    0.2865047422E+00   -0.1641382435E+02    0.1545180495E+01
    0.3011941545E+00   -0.1526077106E+02    0.1416025096E+01
    0.3166367090E+00   -0.1417669323E+02    0.1290868324E+01
    0.3328710202E+00   -0.1315761688E+02    0.1170189915E+01
    0.3499376824E+00   -0.1220163563E+02    0.1054428704E+01
    0.3678793710E+00   -0.1130489567E+02    0.9439827424E+00
    0.3867409497E+00   -0.1046561077E+02    0.8391991394E+00
    0.4065695822E+00   -0.9679807930E+01    0.7403761559E+00
    0.4274148504E+00   -0.8945596962E+01    0.6477541882E+00
    0.4493288784E+00   -0.8258854179E+01    0.5615199861E+00
    0.4723664626E+00   -0.7617609291E+01    0.4817988114E+00
    0.4965852091E+00   -0.7017905502E+01    0.4086603582E+00
    0.5220456772E+00   -0.6458000450E+01    0.3421123776E+00
    0.5488115314E+00   -0.5934438972E+01    0.2821081121E+00
    0.5769497003E+00   -0.5445876389E+01    0.2285413618E+00
    0.6065305440E+00   -0.4989508896E+01    0.1812548805E+00
    0.6376280300E+00   -0.4564407377E+01    0.1400373778E+00
    0.6703199182E+00   -0.4168325453E+01    0.1046327701E+00
    0.7046879553E+00   -0.3800594835E+01    0.7473917586E-01
    0.7408180794E+00   -0.3459389477E+01    0.5001860039E-01
    0.7788006345E+00   -0.3144168882E+01    0.3009835256E-01
    0.8187305969E+00   -0.2853326588E+01    0.1458096184E-01
    0.8607078123E+00   -0.2586316614E+01    0.3047610092E-02
    0.9048372455E+00   -0.2341684132E+01   -0.4932303699E-02
    0.9512292431E+00   -0.2118829517E+01   -0.9796032403E-02
    0.9999998093E+00   -0.1916341929E+01   -0.1197890276E-01
    0.1051270896E+01   -0.1733531384E+01   -0.1190856447E-01
    0.1105170707E+01   -0.1569042234E+01   -0.9998083488E-02
    0.1161834021E+01   -0.1422109632E+01   -0.6640370207E-02
    0.1221402525E+01   -0.1291437416E+01   -0.2203534380E-02
    0.1284025172E+01   -0.1176173477E+01    0.2973614540E-02
    0.1349858550E+01   -0.1073066770E+01    0.8583902314E-02
    0.1419067278E+01   -0.9798836398E+00    0.1435488214E-01
    0.1491824413E+01   -0.8983913648E+00    0.2004898133E-01
    0.1568311886E+01   -0.8266614515E+00    0.2546514964E-01
    0.1648720956E+01   -0.7638675708E+00    0.3043756696E-01
    0.1733252687E+01   -0.7102356988E+00    0.3483585145E-01
    0.1822118453E+01   -0.6627675469E+00    0.3856272044E-01
    0.1915540464E+01   -0.6227165751E+00    0.4155304923E-01
    0.2013752323E+01   -0.6246140289E+00    0.4377126899E-01
    0.2116999613E+01   -0.6246140289E+00    0.4520881359E-01
    0.2225540504E+01   -0.6246140289E+00    0.4585268205E-01
    0.2339646406E+01   -0.6246140289E+00    0.4576275559E-01
    0.2459602642E+01   -0.6246140289E+00    0.4502002697E-01
    0.2585709166E+01   -0.6246140289E+00    0.4372414513E-01
    0.2718281310E+01   -0.6246140289E+00    0.4198986920E-01
