nat, nph =   464    3
    1   56    2    4
 iat     x       y        z       iph  
 -----------------------------------------------------------------------
   1      0.00000      0.00000      0.00000   0   1
   2     -1.30298     -1.35200      0.00407   2   1
   3      1.30315      1.35212     -0.00396   2   1
   4      2.60594      0.00009      0.00084   3   1
   5     -2.60612     -0.00009      0.00077   3   1
   6     -0.00005      2.70386     -0.00821   3   1
   7     -0.00023     -2.70410      0.00796   3   1
   8      0.11029     -0.10843      3.62738   3   1
   9      2.60571     -2.70385      0.00889   3   1
  10      2.60589      2.70412     -0.00727   3   1
  11     -2.60617      2.70394     -0.00734   3   1
  12     -2.60635     -2.70403      0.00883   3   1
  13      0.12338     -0.12468     -4.04258   3   1
  14     -3.90891      1.35194     -0.00402   2   1
  15      3.90908     -1.35182      0.00413   2   1
  16      1.27415      1.34671      3.80777   2   1
  17     -1.27364     -1.35741      3.81582   2   1
  18     -1.33276     -1.34668     -3.80750   2   1
  19      1.30297     -4.05585      0.01221   2   1
  20     -1.30280      4.05597     -0.01210   2   1
  21      1.32197      1.35895     -3.82329   2   1
  22     -2.50723      0.10413     -3.64022   3   1
  23     -0.11146      2.59430      3.60815   3   1
  24      2.70483      0.10431     -3.64016   3   1
  25     -0.11164     -2.81366      3.62431   3   1
  26     -2.47718      0.12526      4.04569   3   1
  27     -0.13079      2.58247     -4.03807   3   1
  28      2.73488      0.12544      4.04575   3   1
  29     -0.13097     -2.82550     -4.02190   3   1
  30      2.49370     -2.59858     -3.61076   3   1
  31     -5.21206     -0.00018     -0.00006   3   1
  32      5.21206      0.00018      0.00006   3   1
  33     -2.71836     -2.59876     -3.61082   3   1
  34      2.49389      2.80939     -3.62693   3   1
  35     -2.71818      2.80921     -3.62699   3   1
  36      2.47776     -2.57926      4.04635   3   1
  37     -0.00018     -5.40796      0.01617   3   1
  38      0.00018      5.40796     -0.01617   3   1
  39      2.47794      2.82871      4.03019   3   1
  40     -2.73430     -2.57944      4.04629   3   1
  41      3.87929     -1.34650     -3.80743   2   1
  42     -3.89010      1.35877     -3.82335   2   1
  43     -2.73412      2.82853      4.03012   3   1
  44     -3.90909     -4.05602      0.01215   2   1
  45      3.90926      4.05615     -0.01204   2   1
  46     -3.93791      1.34653      3.80770   2   1
  47      3.93842     -1.35723      3.81588   2   1
  48     -1.27347      4.05056      3.79965   2   1
  49      1.32178     -4.04902     -3.80712   2   1
  50      1.27397     -4.06126      3.82393   2   1
  51     -1.33258      4.06128     -3.82366   2   1
  52      5.21183     -2.70392      0.00802   3   1
  53     -5.21211      2.70368     -0.00827   3   1
  54      5.21201      2.70404     -0.00814   3   1
  55     -5.21229     -2.70428      0.00790   3   1
  56      1.26458     -1.15086      5.71783   1   1
  57     -1.34187      1.15127     -5.71754   1   1
  58      2.60576     -5.40787      0.01700   3   1
  59     -2.60594      5.40788     -0.01539   3   1
  60      2.60612      5.40806     -0.01533   3   1
  61     -2.60630     -5.40805      0.01694   3   1
  62     -1.25233      1.56292      5.70292   1   1
  63      1.35749     -1.55775     -5.70040   1   1
  64     -5.10177     -0.10861      3.62732   3   1
  65      0.11047      5.29953      3.61121   3   1
  66      5.32235     -0.10825      3.62744   3   1
  67     -5.08868     -0.12485     -4.04264   3   1
  68      0.11011     -5.51640      3.64355   3   1
  69     -6.51504     -1.35218      0.00400   2   1
  70      6.51521      1.35230     -0.00389   2   1
  71      0.12356      5.28329     -4.05874   3   1
  72      5.33544     -0.12450     -4.04251   3   1
  73      5.10060      2.59448      3.60821   3   1
  74     -3.89027     -4.04920     -3.80718   2   1
  75      3.87948      4.06146     -3.82360   2   1
  76      3.93860      4.05074      3.79971   2   1
  77     -3.93809     -4.06144      3.82387   2   1
  78      0.12319     -5.53264     -4.02641   3   1
  79      5.10042     -2.81349      3.62438   3   1
  80     -1.30316     -6.75996      0.02023   2   1
  81      1.30333      6.76008     -0.02012   2   1
  82     -2.50741     -5.30384     -3.62406   3   1
  83     -5.32352      2.59412      3.60808   3   1
  84      2.70465     -5.30366     -3.62399   3   1
  85      5.08127      2.58264     -4.03801   3   1
  86      3.87019      1.15145     -5.71748   1   1
  87     -1.25251     -3.84504      5.71909   1   1
  88      1.35766      3.85021     -5.71657   1   1
  89     -5.32371     -2.81384      3.62425   3   1
  90     -3.94748     -1.15104      5.71777   1   1
  91     -3.85458     -1.55793     -5.70047   1   1
  92      5.08109     -2.82532     -4.02184   3   1
  93     -2.50705      5.51209     -3.65639   3   1
  94     -2.47736     -5.28270      4.06186   3   1
  95      3.95973      1.56310      5.70298   1   1
  96      2.70501      5.51227     -3.65633   3   1
  97     -5.34285      2.58229     -4.03813   3   1
  98      2.73470     -5.28252      4.06192   3   1
  99      1.26476      4.25710      5.70166   1   1
 100     -1.34205     -4.25669     -5.70137   1   1
 101     -5.34303     -2.82568     -4.02197   3   1
 102     -2.47700      5.53323      4.02952   3   1
 103      0.19539     -0.16232     -7.29508   3   1
 104      2.73506      5.53341      4.02959   3   1
 105     -5.21188      5.40779     -0.01623   3   1
 106      5.21188     -5.40779      0.01623   3   1
 107     -5.21224     -5.40814      0.01610   3   1
 108      5.21224      5.40814     -0.01610   3   1
 109      6.48621      1.34689      3.80783   2   1
 110     -6.48571     -1.35759      3.81575   2   1
 111     -6.51486      4.05579     -0.01216   2   1
 112      6.51503     -4.05567      0.01227   2   1
 113     -2.40962      0.16270      7.29849   3   1
 114     -6.54483     -1.34686     -3.80756   2   1
 115      6.53403      1.35912     -3.82322   2   1
 116     -0.19158      2.54535     -7.30502   3   1
 117      3.90890     -6.75978      0.02030   2   1
 118     -3.90873      6.75990     -0.02019   2   1
 119      7.81800      0.00027      0.00090   3   1
 120     -7.81818     -0.00026      0.00071   3   1
 121      2.80245      0.16288      7.29855   3   1
 122     -0.19176     -2.86262     -7.28886   3   1
 123      1.27433      6.75467      3.79160   2   1
 124     -1.33295     -6.75465     -3.79133   2   1
 125     -1.27382     -6.76537      3.83198   2   1
 126      1.32215      6.76691     -3.83945   2   1
 127     -3.85439      3.85003     -5.71663   1   1
 128      3.95955     -3.84486      5.71915   1   1
 129     -1.30289     -1.32880     -7.78783   2   1
 130      1.30336      1.32905      7.78804   2   1
 131      1.30306      1.37504     -7.79592   2   1
 132     -1.30259     -1.37478      7.79614   2   1
 133      3.87001     -4.25651     -5.70131   1   1
 134      2.41438     -2.54445      7.30897   3   1
 135      0.00013      8.11183     -0.02437   3   1
 136     -0.00041     -8.11207      0.02413   3   1
 137     -3.94730      4.25692      5.70160   1   1
 138     -5.10159      5.29935      3.61115   3   1
 139      2.41456      2.86352      7.29281   3   1
 140     -2.79768     -2.54462      7.30891   3   1
 141      7.81777     -2.70367      0.00896   3   1
 142      7.81795      2.70430     -0.00721   3   1
 143     -7.81823      2.70376     -0.00740   3   1
 144     -7.81841     -2.70420      0.00877   3   1
 145      0.19569     -0.20831      8.28888   3   1
 146     -2.79750      2.86334      7.29274   3   1
 147      5.32253      5.29971      3.61128   3   1
 148     -5.10195     -5.51658      3.64348   3   1
 149     -5.08850      5.28311     -4.05881   3   1
 150      5.32217     -5.51622      3.64361   3   1
 151      2.60553     -8.11181      0.02506   3   1
 152     -2.60599      8.11190     -0.02350   3   1
 153      2.60607      8.11208     -0.02344   3   1
 154     -2.60653     -8.11199      0.02500   3   1
 155     -5.08887     -5.53282     -4.02647   3   1
 156     -7.71929      0.10395     -3.64029   3   1
 157      5.33562      5.28347     -4.05868   3   1
 158     -6.48553      4.05038      3.79959   2   1
 159      6.48604     -4.06108      3.82400   2   1
 160      6.53385     -4.04884     -3.80706   2   1
 161     -6.54465      4.06111     -3.82373   2   1
 162     -2.40992      0.20869     -8.28548   3   1
 163     -0.19128      2.49936      8.27894   3   1
 164      3.87912     -6.75447     -3.79127   2   1
 165      5.33526     -5.53246     -4.02635   3   1
 166     -3.93773      6.75449      3.79154   2   1
 167     -7.68924      0.12508      4.04563   3   1
 168     -3.88991      6.76673     -3.83952   2   1
 169      7.91689      0.10448     -3.64010   3   1
 170      3.93824     -6.76519      3.83205   2   1
 171      6.47664     -1.15068      5.71789   1   1
 172      2.80214      0.20887     -8.28541   3   1
 173     -6.46439      1.56274      5.70286   1   1
 174     -0.11128      8.00227      3.59198   3   1
 175     -6.55393      1.15109     -5.71760   1   1
 176     -0.19145     -2.90861      8.29511   3   1
 177      1.26440     -6.55883      5.73400   1   1
 178      3.90917     -1.32862     -7.78777   2   1
 179     -3.90870      1.32888      7.78798   2   1
 180     -1.34169      6.55924     -5.73371   1   1
 181     -3.90901      1.37487     -7.79599   2   1
 182      3.90947     -1.37461      7.79620   2   1
 183      6.56955     -1.55757     -5.70034   1   1
 184     -5.01667     -0.16250     -7.29515   3   1
 185      1.30288     -4.03292     -7.77976   2   1
 186     -1.30241      4.03318      7.77997   2   1
 187      7.70577     -2.59840     -3.61070   3   1
 188     -1.30271      4.07917     -7.80399   2   1
 189      1.30318     -4.07891      7.80421   2   1
 190      7.94694      0.12562      4.04582   3   1
 191     -0.13061      7.99043     -4.05424   3   1
 192      7.70595      2.80957     -3.62686   3   1
 193      2.41408     -2.49846     -8.27499   3   1
 194     -0.11182     -8.22163      3.64048   3   1
 195      0.19557      5.24564     -7.31125   3   1
 196      7.68982     -2.57908      4.04642   3   1
 197      5.40745     -0.16214     -7.29502   3   1
 198     -1.25215      6.97089      5.68675   1   1
 199     -2.79799     -2.49864     -8.27506   3   1
 200      1.35730     -6.96572     -5.68424   1   1
 201     -7.93042     -2.59893     -3.61089   3   1
 202      2.41426      2.90951     -8.29116   3   1
 203      2.49352     -8.00654     -3.59459   3   1
 204      7.69001      2.82889      4.03025   3   1
 205     -0.13115     -8.23347     -4.00574   3   1
 206     -7.93024      2.80903     -3.62705   3   1
 207      0.19521     -5.57029     -7.27892   3   1
 208     -2.71854     -8.00672     -3.59466   3   1
 209     -9.12097      1.35176     -0.00408   2   1
 210      9.12114     -1.35164      0.00419   2   1
 211     -2.79780      2.90933     -8.29122   3   1
 212      5.02048      2.54553     -7.30496   3   1
 213     -7.94636     -2.57961      4.04623   3   1
 214      2.47758     -7.98722      4.06252   3   1
 215      5.02030     -2.86244     -7.28879   3   1
 216     -2.40980     -5.24526      7.31466   3   1
 217      2.49406      8.21735     -3.64309   3   1
 218     -7.94618      2.82835      4.03006   3   1
 219     -2.73448     -7.98740      4.06246   3   1
 220     -6.51522     -6.76014      0.02017   2   1
 221      6.51539      6.76026     -0.02006   2   1
 222     -2.71800      8.21717     -3.64316   3   1
 223      2.80226     -5.24509      7.31472   3   1
 224     -5.40364      2.54517     -7.30509   3   1
 225     -6.46457     -3.84522      5.71902   1   1
 226     -2.40944      5.57066      7.28232   3   1
 227      2.47812      8.23667      4.01402   3   1
 228      7.81782     -5.40769      0.01707   3   1
 229     -7.81800      5.40770     -0.01546   3   1
 230      7.81818      5.40824     -0.01527   3   1
 231     -7.81837     -5.40823      0.01688   3   1
 232     -5.40382     -2.86280     -7.28892   3   1
 233      6.56973      3.85039     -5.71650   1   1
 234      3.87037      6.55942     -5.73364   1   1
 235      1.30279     -9.46381      0.02838   2   1
 236     -1.30262      9.46393     -0.02826   2   1
 237     -2.73394      8.23649      4.01396   3   1
 238     -3.94766     -6.55900      5.73393   1   1
 239      2.80263      5.57084      7.28239   3   1
 240     -3.90919     -4.03310     -7.77982   2   1
 241      3.90965      4.03336      7.78003   2   1
 242      6.47682      4.25728      5.70173   1   1
 243     -3.90888     -4.07909      7.80415   2   1
 244      3.90935      4.07935     -7.80393   2   1
 245     -5.21193      8.11165     -0.02444   3   1
 246      5.21165     -8.11189      0.02419   3   1
 247      5.21219      8.11200     -0.02431   3   1
 248     -5.21247     -8.11225      0.02406   3   1
 249     -6.55411     -4.25687     -5.70144   1   1
 250     -5.01637     -0.20849      8.28882   3   1
 251      0.19587      5.19965      8.27272   3   1
 252     -3.85476     -6.96590     -5.68430   1   1
 253      3.95991      6.97107      5.68682   1   1
 254      5.40775     -0.20813      8.28895   3   1
 255      9.09136     -1.34632     -3.80737   2   1
 256     -9.10216      1.35859     -3.82341   2   1
 257     -9.12115     -4.05620      0.01208   2   1
 258      9.12133      4.05633     -0.01197   2   1
 259      5.02079      2.49953      8.27901   3   1
 260     -9.14997      1.34635      3.80764   2   1
 261      9.15048     -1.35705      3.81594   2   1
 262      1.26427     -1.10487     -9.86614   1   1
 263     -1.34157      1.10528      9.86643   1   1
 264      0.19551     -5.61628      8.30505   3   1
 265     -7.71947     -5.30402     -3.62412   3   1
 266     -2.41010     -5.19928     -8.26931   3   1
 267     -1.25264      1.60891     -9.88105   1   1
 268      6.48639      6.75485      3.79166   2   1
 269      1.35779     -1.60374      9.88356   1   1
 270      5.02061     -2.90843      8.29517   3   1
 271     -6.48589     -6.76555      3.83192   2   1
 272     -6.54501     -6.75483     -3.79139   2   1
 273      5.10078      8.00244      3.59204   3   1
 274      6.53421      6.76709     -3.83939   2   1
 275      2.80196     -5.19910     -8.26925   3   1
 276     -7.71911      5.51191     -3.65645   3   1
 277     -7.68942     -5.28288      4.06179   3   1
 278      7.91671     -5.30348     -3.62393   3   1
 279     -5.40334      2.49918      8.27888   3   1
 280     -3.90927     -9.46399      0.02831   2   1
 281      3.90944      9.46411     -0.02820   2   1
 282     -6.51496     -1.32897     -7.78789   2   1
 283      6.51542      1.32923      7.78811   2   1
 284     -6.51465     -1.37496      7.79608   2   1
 285      6.51512      1.37522     -7.79586   2   1
 286     -5.32334      8.00209      3.59192   3   1
 287     -1.27329      9.45852      3.78348   2   1
 288      1.32160     -9.45698     -3.79095   2   1
 289     -7.68906      5.53305      4.02946   3   1
 290      1.27379     -9.46922      3.84010   2   1
 291      5.08146      7.99061     -4.05417   3   1
 292     -5.01649      5.24546     -7.31131   3   1
 293     -1.33241      9.46925     -3.83983   2   1
 294     -2.40974      5.61665     -8.30164   3   1
 295      7.91707      5.51245     -3.65626   3   1
 296     -5.40352     -2.90879      8.29505   3   1
 297      5.10024     -8.22145      3.64054   3   1
 298     -1.30307     -6.73676     -7.77166   2   1
 299      1.30354      6.73702      7.77188   2   1
 300      7.94676     -5.28235      4.06198   3   1
 301      2.80232      5.61683     -8.30158   3   1
 302    -10.42410     -0.00036     -0.00013   3   1
 303     10.42410      0.00036      0.00013   3   1
 304     -1.30277     -6.78275      7.81231   2   1
 305      1.30323      6.78301     -7.81209   2   1
 306     -5.34267      7.99025     -4.05430   3   1
 307     -5.01685     -5.57047     -7.27898   3   1
 308     -5.32388     -8.22181      3.64042   3   1
 309      5.08091     -8.23329     -4.00567   3   1
 310      7.94712      5.53359      4.02965   3   1
 311      5.40763      5.24582     -7.31119   3   1
 312     -7.62168      0.16252      7.29843   3   1
 313     -5.34321     -8.23364     -4.00580   3   1
 314      5.40727     -5.57011     -7.27885   3   1
 315     -1.25282     -3.79905     -9.86488   1   1
 316      3.87050      1.10546      9.86649   1   1
 317      1.35797      3.80422      9.86740   1   1
 318     -9.10234     -4.04938     -3.80725   2   1
 319      9.09154      4.06164     -3.82354   2   1
 320     -3.94779     -1.10505     -9.86620   1   1
 321      9.15066      4.05092      3.79978   2   1
 322     -9.15015     -4.06161      3.82381   2   1
 323     -3.85427     -1.60392      9.88350   1   1
 324      3.95942      1.60909     -9.88098   1   1
 325     10.42390     -2.70375      0.00809   3   1
 326    -10.42420      2.70350     -0.00833   3   1
 327     10.42410      2.70422     -0.00808   3   1
 328    -10.42440     -2.70446      0.00783   3   1
 329      9.08225      1.15163     -5.71741   1   1
 330     -0.19140      7.95331     -7.32119   3   1
 331     -0.00036    -10.81590      0.03233   3   1
 332      0.00036     10.81590     -0.03233   3   1
 333     -9.06664     -1.55811     -5.70053   1   1
 334      8.01451      0.16306      7.29862   3   1
 335      1.26445      4.30309     -9.88230   1   1
 336      6.47646     -6.55865      5.73406   1   1
 337     -9.15954     -1.15122      5.71770   1   1
 338     -1.34175     -4.30268      9.88259   1   1
 339      7.62644     -2.54427      7.30904   3   1
 340     -6.55375      6.55906     -5.73377   1   1
 341     -3.89046     -9.45716     -3.79102   2   1
 342      9.17179      1.56328      5.70305   1   1
 343     -6.51447      4.03300      7.77991   2   1
 344      6.51494     -4.03274     -7.77969   2   1
 345      3.93878      9.45870      3.78355   2   1
 346      3.87966      9.46943     -3.83977   2   1
 347    -10.31380     -0.10879      3.62725   3   1
 348      7.62662      2.86370      7.29287   3   1
 349     -3.93827     -9.46940      3.84004   2   1
 350     -6.51478      4.07899     -7.80406   2   1
 351      6.51524     -4.07873      7.80427   2   1
 352     -1.25269     -9.25301      5.73525   1   1
 353      1.35785      9.25818     -5.73273   1   1
 354     -5.01619      5.19947      8.27265   3   1
 355      3.90899     -6.73658     -7.77160   2   1
 356     -3.90852      6.73684      7.77181   2   1
 357     -0.19194     -8.27058     -7.27269   3   1
 358     -3.90883      6.78283     -7.81215   2   1
 359      3.90929     -6.78257      7.81237   2   1
 360    -10.30070     -0.12503     -4.04270   3   1
 361     -6.46421      6.97071      5.68669   1   1
 362      2.41420     -7.95241      7.32514   3   1
 363      2.60558    -10.81580      0.03317   3   1
 364     -2.60576     10.81580     -0.03156   3   1
 365      2.60630     10.81600     -0.03150   3   1
 366     -2.60648    -10.81600      0.03311   3   1
 367      6.56937     -6.96554     -5.68417   1   1
 368     -8.00974     -2.54480      7.30885   3   1
 369     10.53440     -0.10808      3.62751   3   1
 370      5.40794      5.19983      8.27278   3   1
 371     -2.79786     -7.95259      7.32508   3   1
 372     -8.00956      2.86316      7.29268   3   1
 373     -5.01655     -5.61646      8.30499   3   1
 374     10.31270      2.59466      3.60827   3   1
 375     -3.85409      3.80404      9.86734   1   1
 376     -7.62198      0.20851     -8.28554   3   1
 377      7.81759     -8.11163      0.02512   3   1
 378     -7.81805      8.11172     -0.02357   3   1
 379      7.81813      8.11226     -0.02338   3   1
 380     -7.81859     -8.11217      0.02493   3   1
 381      2.41474      8.27148      7.27664   3   1
 382      1.26494      9.66507      5.68550   1   1
 383     10.31250     -2.81331      3.62444   3   1
 384      3.95924     -3.79887     -9.86482   1   1
 385     -1.34223     -9.66466     -5.68521   1   1
 386      0.11065     10.70750      3.59505   3   1
 387     10.54750     -0.12432     -4.04245   3   1
 388     -9.12079      6.75973     -0.02025   2   1
 389      9.12096     -6.75960      0.02036   2   1
 390     10.29330      2.58282     -4.03794   3   1
 391     -2.79732      8.27130      7.27658   3   1
 392     -9.06646      3.84985     -5.71669   1   1
 393      5.40757     -5.61610      8.30511   3   1
 394     10.29320     -2.82514     -4.02178   3   1
 395    -10.53560      2.59394      3.60802   3   1
 396     -0.19109      7.90732      8.26278   3   1
 397      0.12374     10.69130     -4.07491   3   1
 398      3.87031     -4.30250      9.88266   1   1
 399      9.17161     -3.84469      5.71921   1   1
 400     -3.94761      4.30291     -9.88237   1   1
 401      6.51485     -9.46363      0.02844   2   1
 402     -6.51468      9.46375     -0.02833   2   1
 403    -10.53580     -2.81402      3.62419   3   1
 404      0.10993    -10.92440      3.65971   3   1
 405      7.62614     -2.49828     -8.27493   3   1
 406      8.01420      0.20905     -8.28535   3   1
 407      9.08207     -4.25633     -5.70125   1   1
 408      0.12368     -0.17067     11.54140   3   1
 409     -3.85421      9.25800     -5.73280   1   1
 410     -2.50759    -10.71180     -3.60789   3   1
 411      3.95937     -9.25283      5.73532   1   1
 412    -10.55490      2.58211     -4.03820   3   1
 413     -9.15936      4.25675      5.70154   1   1
 414      2.70447    -10.71160     -3.60783   3   1
 415      7.62632      2.90969     -8.29110   3   1
 416    -10.55510     -2.82586     -4.02203   3   1
 417      0.12301    -10.94060     -4.01024   3   1
 418      7.70559     -8.00636     -3.59453   3   1
 419      2.41390     -7.90642     -8.25883   3   1
 420     -2.47754    -10.69070      4.07802   3   1
 421    -10.42390      5.40761     -0.01629   3   1
 422     10.42390     -5.40761      0.01629   3   1
 423    -10.42430     -5.40832      0.01604   3   1
 424     10.42430      5.40832     -0.01604   3   1
 425     -0.19163     -8.31657      8.31128   3   1
 426      2.73452    -10.69050      4.07808   3   1
 427     -2.79817     -7.90660     -8.25889   3   1
 428     -8.01005     -2.49881     -8.27512   3   1
 429     -2.50687     10.92010     -3.67256   3   1
 430     -7.62186     -5.24544      7.31459   3   1
 431     -2.47748      0.17125    -11.53830   3   1
 432    -11.72710     -1.35235      0.00394   2   1
 433     11.72730      1.35248     -0.00383   2   1
 434      7.68964     -7.98704      4.06258   3   1
 435     -0.13048      2.53647     11.54590   3   1
 436     -7.93060     -8.00690     -3.59472   3   1
 437      2.70519     10.92020     -3.67249   3   1
 438      7.70613      8.21753     -3.64303   3   1
 439      6.47633     -1.10469     -9.86607   1   1
 440      2.73458      0.17143    -11.53820   3   1
 441      3.86983     -9.66448     -5.68514   1   1
 442      1.26409     -6.51284     -9.84997   1   1
 443     -1.34139      6.51325      9.85026   1   1
 444     -3.94712      9.66489      5.68543   1   1
 445     -8.00986      2.90915     -8.29129   3   1
 446     -6.55363      1.10511      9.86636   1   1
 447      1.32227      1.31296     11.76070   2   1
 448     -1.27395     -1.31142    -11.76810   2   1
 449     -0.13066     -2.87149     11.56210   3   1
 450     -2.47682     10.94120      4.01336   3   1
 451     -6.46470      1.60873     -9.88111   1   1
 452      5.02066      7.95349     -7.32113   3   1
 453     -7.62150      5.57049      7.28226   3   1
 454      1.27385      1.39270    -11.77620   2   1
 455     -1.33246     -1.39267     11.77650   2   1
 456      9.09118     -6.75429     -3.79120   2   1
 457      0.10998     -0.06244    -11.95660   3   1
 458      7.69019      8.23685      4.01408   3   1
 459      2.73524     10.94140      4.01342   3   1
 460     -9.10198      6.76655     -3.83958   2   1
 461      6.56985     -1.60356      9.88363   1   1
 462     -7.94654     -7.98758      4.06239   3   1
 463     -7.93006      8.21700     -3.64322   3   1
 464     -9.14979      6.75432      3.79147   2   1
